date,NO2_mean,NOX_mean,NO_mean,SO2_mean,SPM_mean
2011-01-01,23.625,32.208,8.583,4.25,22.5
2011-01-02,7.261,8.478,1.217,1.348,9.833
2011-01-03,19.833,24.542,4.708,6.167,30.042
2011-01-04,13.917,16.792,2.875,4.25,21.417
2011-01-05,15.522,21.522,6.0,1.304,14.348
2011-01-06,29.958,63.583,33.625,1.958,13.292
2011-01-07,16.875,24.792,7.917,1.0,7.042
2011-01-08,9.167,10.375,1.208,1.0,3.333
2011-01-09,17.217,21.217,4.0,5.783,27.375
2011-01-10,33.5,48.042,14.542,6.083,41.167
2011-01-11,17.043,19.217,2.174,2.875,14.417
2011-01-12,32.958,54.875,21.917,3.375,13.25
2011-01-13,20.0,22.542,2.542,5.958,22.083
2011-01-14,23.708,44.625,20.917,2.292,23.167
2011-01-15,24.083,32.25,8.167,2.0,10.833
2011-01-16,9.913,12.435,2.522,0.609,10.0
2011-01-17,25.083,43.542,18.458,0.957,4.261
2011-01-18,30.5,57.917,27.417,2.625,9.375
2011-01-19,12.417,13.75,1.333,1.708,7.167
2011-01-20,9.833,11.417,1.583,0.25,2.75
2011-01-21,20.75,24.792,4.042,0.75,6.625
2011-01-22,15.917,22.0,6.083,2.458,4.667
2011-01-23,12.391,15.13,2.739,2.652,8.75
2011-01-24,13.783,16.217,2.435,1.75,10.083
2011-01-25,18.208,27.208,9.0,2.542,13.583
2011-01-26,14.167,18.667,4.5,1.417,8.125
2011-01-27,37.5,76.958,39.458,3.125,30.5
2011-01-28,20.208,36.083,15.875,2.875,30.542
2011-01-29,21.708,29.0,7.292,2.083,11.333
2011-01-30,20.783,25.217,4.435,1.13,8.958
2011-01-31,34.75,67.208,32.458,4.083,17.125
2011-02-01,17.958,22.875,4.917,3.391,26.609
2011-02-02,12.833,15.167,2.333,2.417,8.125
2011-02-03,19.708,23.542,3.833,3.0,10.333
2011-02-04,21.458,25.333,3.875,3.917,19.833
2011-02-05,23.708,39.375,15.667,3.542,33.917
2011-02-06,16.286,22.857,6.571,4.0,32.045
2011-02-07,8.333,8.833,0.5,2.5,12.083
2011-02-08,8.25,9.583,1.333,1.708,4.583
2011-02-09,10.333,12.25,1.917,0.792,7.583
2011-02-10,19.667,34.208,14.542,1.583,8.917
2011-02-11,16.917,25.458,8.542,2.458,7.25
2011-02-12,21.833,27.708,5.875,3.458,11.417
2011-02-13,15.826,18.174,2.348,1.174,11.167
2011-02-14,26.833,46.708,19.875,0.609,10.478
2011-02-15,25.833,46.542,20.708,1.083,11.792
2011-02-16,16.958,23.625,6.667,1.125,9.75
2011-02-17,13.375,16.333,2.958,2.333,9.5
2011-02-18,9.042,10.25,1.208,1.583,8.083
2011-02-19,11.292,14.042,2.75,1.792,8.792
2011-02-20,26.739,39.348,12.609,4.522,10.958
2011-02-21,30.304,53.652,23.348,4.13,12.783
2011-02-22,11.208,12.167,0.958,1.25,10.583
2011-02-23,19.5,27.333,7.833,2.0,19.917
2011-02-24,25.667,29.208,3.542,3.583,30.958
2011-02-25,15.583,17.833,2.25,1.792,20.542
2011-02-26,8.167,8.667,0.5,0.125,5.125
2011-02-27,17.609,22.826,5.217,3.217,7.75
2011-02-28,10.333,11.375,1.042,1.909,9.091
2011-03-01,28.125,42.875,14.75,2.292,18.333
2011-03-02,22.958,32.708,9.75,2.458,13.042
2011-03-03,11.375,12.875,1.5,1.375,12.458
2011-03-04,6.125,6.333,0.208,0.5,9.625
2011-03-05,27.455,42.909,15.455,2.217,10.083
2011-03-06,22.292,39.042,16.75,3.917,15.75
2011-03-07,27.292,38.625,11.333,3.542,34.208
2011-03-08,33.0,55.458,22.458,4.833,46.792
2011-03-09,21.0,25.083,4.083,1.958,28.042
2011-03-10,9.333,10.375,1.042,0.708,12.833
2011-03-11,21.958,28.667,6.708,4.708,27.042
2011-03-12,7.522,8.217,0.696,1.0,10.083
2011-03-13,24.5,32.167,7.667,2.826,10.391
2011-03-14,28.375,40.167,11.792,3.958,13.667
2011-03-15,29.208,50.333,21.125,4.958,28.542
2011-03-16,12.875,13.75,0.875,2.0,19.375
2011-03-17,10.833,11.583,0.75,2.208,36.75
2011-03-18,17.125,18.667,1.542,1.417,21.833
2011-03-19,9.0,10.391,1.391,0.696,7.958
2011-03-20,21.292,26.583,5.292,2.5,13.0
2011-03-21,28.957,42.957,14.0,2.875,20.083
2011-03-22,38.792,63.792,25.0,6.0,24.417
2011-03-23,20.333,25.208,4.875,1.208,5.792
2011-03-24,20.125,26.292,6.167,6.708,21.708
2011-03-25,15.833,19.5,3.667,3.0,11.333
2011-03-26,7.609,8.565,0.957,1.174,10.292
2011-03-27,31.167,38.792,7.625,4.304,24.174
2011-03-28,26.375,40.25,13.875,3.167,23.75
2011-03-29,20.375,23.0,2.625,3.125,20.583
2011-03-30,10.292,10.375,0.083,3.708,22.708
2011-03-31,8.625,9.167,0.542,1.167,13.917
2011-04-01,44.292,65.75,21.458,6.25,31.167
2011-04-02,27.708,33.375,5.667,2.542,32.667
2011-04-03,11.625,12.208,0.583,1.917,17.417
2011-04-04,13.739,15.913,2.174,1.043,7.833
2011-04-05,21.583,26.083,4.5,1.667,9.542
2011-04-06,23.522,32.174,8.652,0.696,11.375
2011-04-07,9.0,9.417,0.417,0.792,10.75
2011-04-08,18.083,19.292,1.208,0.917,17.667
2011-04-09,15.292,17.25,1.958,2.125,17.542
2011-04-10,36.292,41.25,4.958,5.333,23.0
2011-04-11,26.696,32.348,5.652,2.261,27.333
2011-04-12,25.913,29.87,3.957,2.304,20.913
2011-04-13,27.042,33.375,6.333,4.25,26.833
2011-04-14,33.75,36.667,2.917,7.542,39.25
2011-04-15,31.375,38.25,6.875,2.625,31.25
2011-04-16,16.0,22.292,6.292,1.167,36.417
2011-04-17,13.333,15.0,1.667,2.667,17.042
2011-04-18,16.826,19.174,2.348,1.0,19.833
2011-04-19,13.0,16.333,3.333,0.042,6.917
2011-04-20,19.958,22.417,2.458,0.458,12.833
2011-04-21,23.87,32.696,8.826,3.783,25.043
2011-04-22,13.625,14.583,0.958,1.667,23.792
2011-04-23,16.375,17.792,1.417,1.583,17.458
2011-04-24,21.958,27.625,5.667,2.833,31.417
2011-04-25,23.174,25.391,2.217,1.87,21.25
2011-04-26,23.625,26.042,2.417,2.478,26.522
2011-04-27,22.75,25.417,2.667,3.458,29.833
2011-04-28,13.208,14.375,1.167,2.0,22.042
2011-04-29,23.458,31.292,7.833,2.458,18.5
2011-04-30,5.583,6.0,0.417,2.375,23.042
2011-05-01,11.292,12.833,1.542,1.542,54.417
2011-05-02,20.591,24.864,4.273,6.0,129.042
2011-05-03,32.833,44.208,11.375,5.583,114.125
2011-05-04,26.542,32.042,5.5,6.625,81.958
2011-05-05,10.875,11.417,0.542,1.875,32.292
2011-05-06,11.792,12.375,0.583,1.208,28.0
2011-05-07,12.083,12.833,0.75,1.792,23.042
2011-05-08,25.792,32.583,6.792,3.292,26.292
2011-05-09,16.0,19.478,3.478,1.773,39.043
2011-05-10,17.25,30.5,13.25,1.208,42.0
2011-05-11,18.375,28.208,9.833,0.125,14.958
2011-05-12,19.333,30.042,10.708,0.625,95.25
2011-05-13,20.708,22.917,2.208,2.875,67.208
2011-05-14,25.292,28.375,3.083,2.875,34.125
2011-05-15,21.292,22.667,1.375,4.75,31.083
2011-05-16,40.318,49.5,9.182,7.522,38.333
2011-05-17,29.292,34.25,4.958,2.542,32.208
2011-05-18,31.083,37.375,6.292,3.083,20.625
2011-05-19,9.667,10.042,0.375,0.75,30.833
2011-05-20,7.042,7.667,0.625,0.458,15.458
2011-05-21,6.583,7.792,1.208,0.5,10.833
2011-05-22,16.75,21.042,4.292,2.042,16.125
2011-05-23,6.87,7.565,0.696,0.0,10.375
2011-05-24,7.792,8.083,0.292,0.217,5.565
2011-05-25,16.417,17.125,0.708,1.0,10.917
2011-05-26,17.708,18.875,1.167,0.75,13.5
2011-05-27,15.958,17.833,1.875,0.0,13.875
2011-05-28,28.75,34.875,6.125,0.458,8.917
2011-05-29,10.5,14.208,3.708,0.417,5.25
2011-05-30,8.565,10.261,1.696,0.522,6.625
2011-05-31,22.391,29.435,7.043,2.083,8.958
2011-06-01,12.833,14.583,1.75,0.708,18.458
2011-06-02,14.292,16.042,1.75,2.542,30.0
2011-06-03,11.167,12.75,1.583,1.25,17.375
2011-06-04,13.292,16.458,3.167,3.333,29.25
2011-06-05,14.0,16.083,2.083,1.292,17.708
2011-06-06,28.87,39.478,10.609,3.818,23.435
2011-06-07,13.417,14.5,1.083,0.667,26.208
2011-06-08,26.375,30.292,3.917,2.583,17.75
2011-06-09,10.625,11.417,0.792,2.042,22.125
2011-06-10,14.375,15.708,1.333,1.417,36.208
2011-06-11,27.542,35.917,8.375,2.167,14.5
2011-06-12,24.083,35.0,10.917,0.792,23.833
2011-06-13,26.091,32.682,6.591,2.348,27.958
2011-06-14,25.917,28.5,2.583,2.417,53.375
2011-06-15,17.75,21.667,3.917,1.417,32.75
2011-06-16,15.417,16.208,0.792,0.0,10.0
2011-06-17,26.083,35.875,9.792,5.042,8.917
2011-06-18,26.5,30.458,3.958,3.958,20.792
2011-06-19,15.333,16.792,1.458,0.792,14.917
2011-06-20,10.652,11.87,1.217,0.364,4.261
2011-06-21,18.875,23.083,4.208,2.958,21.083
2011-06-22,12.458,18.042,5.583,2.458,22.542
2011-06-23,8.875,13.333,4.458,1.333,19.875
2011-06-24,7.25,10.958,3.708,2.417,25.125
2011-06-25,5.375,6.917,1.542,0.208,16.167
2011-06-26,3.375,4.083,0.708,0.042,12.542
2011-06-27,12.727,15.727,3.0,1.217,15.75
2011-06-28,9.875,16.583,6.708,2.958,31.0
2011-06-29,10.208,15.167,4.958,2.833,24.792
2011-06-30,14.25,19.083,4.833,2.917,27.708
2011-07-01,15.125,19.583,4.458,1.667,44.667
2011-07-02,22.5,26.417,3.917,3.958,50.625
2011-07-03,10.792,12.5,1.708,2.0,30.708
2011-07-04,22.261,26.435,4.174,2.227,22.783
2011-07-05,22.417,24.083,1.667,2.708,53.708
2011-07-06,19.583,21.833,2.25,1.0,24.917
2011-07-07,12.292,17.292,5.0,1.333,14.625
2011-07-08,7.833,11.625,3.792,0.875,15.417
2011-07-09,4.333,6.167,1.833,0.292,5.042
2011-07-10,4.333,5.625,1.292,0.25,4.917
2011-07-11,7.261,10.87,3.609,2.609,9.667
2011-07-12,7.083,10.333,3.25,0.875,16.667
2011-07-13,8.783,11.478,2.696,1.375,10.042
2011-07-14,6.917,8.875,1.958,2.917,11.833
2011-07-15,7.917,10.583,2.667,2.792,8.25
2011-07-16,8.333,11.125,2.792,0.208,12.708
2011-07-17,14.917,16.625,1.708,2.833,21.083
2011-07-18,6.783,8.348,1.565,1.0,12.042
2011-07-19,3.583,4.25,0.667,0.087,9.391
2011-07-20,7.958,9.875,1.917,2.917,9.833
2011-07-21,9.25,11.833,2.583,3.833,5.625
2011-07-22,15.875,20.875,5.0,2.75,12.792
2011-07-23,25.5,33.208,7.708,5.333,32.417
2011-07-24,14.042,16.333,2.292,3.542,33.792
2011-07-25,8.773,9.591,0.818,1.826,14.417
2011-07-26,7.708,8.667,0.958,1.792,14.333
2011-07-27,6.167,7.25,1.083,2.458,10.25
2011-07-28,8.917,12.167,3.25,2.458,12.75
2011-07-29,16.25,36.667,20.417,3.417,16.0
2011-07-30,10.625,16.667,6.042,1.542,17.333
2011-07-31,13.75,15.875,2.125,3.167,23.625
2011-08-01,11.609,13.609,2.0,2.818,28.565
2011-08-02,8.583,9.5,0.917,1.333,23.792
2011-08-03,9.042,14.042,5.0,1.5,10.792
2011-08-04,13.458,15.667,2.208,2.375,19.125
2011-08-05,11.125,12.125,1.0,1.833,18.0
2011-08-06,6.25,7.583,1.333,0.25,5.417
2011-08-07,5.583,7.042,1.458,0.875,11.458
2011-08-08,4.143,5.714,1.571,0.217,12.083
2011-08-09,8.125,9.375,1.25,2.583,22.25
2011-08-10,14.583,21.833,7.25,3.833,15.333
2011-08-11,9.375,14.167,4.792,1.417,10.292
2011-08-12,10.542,17.958,7.417,1.875,12.75
2011-08-13,11.208,17.167,5.958,5.042,19.167
2011-08-14,7.0,8.25,1.25,3.333,24.833
2011-08-15,8.957,10.174,1.217,1.818,15.348
2011-08-16,11.75,13.458,1.708,2.333,15.708
2011-08-17,17.0,20.792,3.792,3.375,24.375
2011-08-18,18.583,22.0,3.417,3.083,18.833
2011-08-19,12.833,15.125,2.292,1.333,15.25
2011-08-20,17.958,23.458,5.5,2.292,17.458
2011-08-21,10.667,11.5,0.833,1.0,9.375
2011-08-22,13.0,14.909,1.909,1.043,11.333
2011-08-23,16.125,21.0,4.875,1.0,21.667
2011-08-24,8.292,10.542,2.25,1.083,10.25
2011-08-25,14.583,23.5,8.917,3.583,21.792
2011-08-26,9.458,14.25,4.792,1.458,9.208
2011-08-27,11.708,14.542,2.833,2.208,21.875
2011-08-28,15.458,16.5,1.042,2.625,26.917
2011-08-29,14.478,16.739,2.261,2.773,25.913
2011-08-30,17.5,21.833,4.333,2.542,30.208
2011-08-31,26.833,30.625,3.792,3.958,37.417
2011-09-01,12.417,14.5,2.083,2.167,17.333
2011-09-02,4.75,6.292,1.542,0.125,9.042
2011-09-03,10.083,16.333,6.25,2.125,4.917
2011-09-04,14.125,20.458,6.333,3.583,7.792
2011-09-05,9.864,11.045,1.182,1.087,11.5
2011-09-06,20.167,23.75,3.583,1.792,9.75
2011-09-07,26.042,30.083,4.042,2.75,16.5
2011-09-08,9.708,10.625,0.917,3.917,23.375
2011-09-09,11.5,13.25,1.75,1.375,22.333
2011-09-10,7.583,9.25,1.667,0.833,11.375
2011-09-11,5.667,8.458,2.792,0.458,6.875
2011-09-12,12.043,16.435,4.391,2.609,12.75
2011-09-13,14.75,20.625,5.875,2.565,10.0
2011-09-14,14.958,19.0,4.042,1.792,10.625
2011-09-15,13.708,16.167,2.458,2.25,16.125
2011-09-16,15.667,21.458,5.792,1.542,13.125
2011-09-17,8.667,12.042,3.375,0.25,4.458
2011-09-18,6.542,8.5,1.958,0.375,4.958
2011-09-19,5.522,6.957,1.435,0.043,4.042
2011-09-20,4.292,5.125,0.833,0.333,1.625
2011-09-21,5.0,5.739,0.739,0.417,5.208
2011-09-22,8.375,9.458,1.083,0.208,5.958
2011-09-23,17.875,25.375,7.5,2.0,7.0
2011-09-24,19.875,23.125,3.25,1.542,8.25
2011-09-25,21.0,23.542,2.542,3.083,15.917
2011-09-26,18.913,20.217,1.304,3.87,20.417
2011-09-27,13.958,15.208,1.25,1.917,16.542
2011-09-28,14.208,15.208,1.0,1.333,16.125
2011-09-29,8.667,9.208,0.542,1.0,14.167
2011-09-30,13.208,15.167,1.958,1.091,17.043
2011-10-01,12.417,14.125,1.708,1.167,12.0
2011-10-02,7.25,7.833,0.583,0.167,8.0
2011-10-03,9.739,11.435,1.696,1.217,4.292
2011-10-04,6.609,7.043,0.435,1.375,5.083
2011-10-05,9.292,9.833,0.542,0.625,6.417
2011-10-06,17.125,22.5,5.375,1.333,12.833
2011-10-07,24.167,28.667,4.5,1.625,28.542
2011-10-08,26.667,31.292,4.625,3.458,28.292
2011-10-09,13.75,14.75,1.0,3.25,28.5
2011-10-10,20.435,22.87,2.435,5.13,40.292
2011-10-11,27.682,37.136,9.455,4.522,43.0
2011-10-12,37.042,43.667,6.625,2.917,42.417
2011-10-13,17.958,19.25,1.292,2.917,37.375
2011-10-14,11.333,13.125,1.792,1.458,20.083
2011-10-15,20.542,25.958,5.417,2.125,11.417
2011-10-16,16.625,17.833,1.208,4.0,26.542
2011-10-17,20.727,28.136,7.409,1.696,17.958
2011-10-18,26.417,35.583,9.167,3.083,10.708
2011-10-19,14.333,15.292,0.958,1.333,8.833
2011-10-20,17.125,18.542,1.417,2.292,19.25
2011-10-21,11.0,12.208,1.208,1.292,12.75
2011-10-22,12.292,13.958,1.667,1.75,6.208
2011-10-23,11.833,13.667,1.833,0.792,5.375
2011-10-24,23.522,36.174,12.652,4.0,9.391
2011-10-25,11.625,12.875,1.25,0.708,9.208
2011-10-26,17.542,21.5,3.958,1.208,4.167
2011-10-27,9.083,9.875,0.792,1.458,9.792
2011-10-28,18.208,21.417,3.208,1.708,17.542
2011-10-29,13.792,15.667,1.875,2.125,18.375
2011-10-30,13.583,15.0,1.417,0.208,12.417
2011-10-31,17.909,23.5,5.591,0.391,8.375
2011-11-01,12.792,14.292,1.5,1.167,9.333
2011-11-02,16.458,18.833,2.375,2.167,11.5
2011-11-03,18.167,22.667,4.5,1.667,16.625
2011-11-04,17.083,21.0,3.917,1.833,20.708
2011-11-05,18.042,20.208,2.167,0.958,17.458
2011-11-06,20.833,29.25,8.417,1.083,5.583
2011-11-07,14.0,16.826,2.826,0.727,9.174
2011-11-08,15.5,19.958,4.458,0.083,9.833
2011-11-09,10.958,13.0,2.042,0.0,4.417
2011-11-10,8.292,9.042,0.75,0.542,3.0
2011-11-11,25.167,38.0,12.833,3.833,11.708
2011-11-12,25.542,39.542,14.0,2.833,12.875
2011-11-13,14.417,19.0,4.583,3.0,27.792
2011-11-14,28.261,45.913,17.652,3.652,35.292
2011-11-15,23.958,46.667,22.708,3.708,10.667
2011-11-16,28.542,48.833,20.292,2.083,7.083
2011-11-17,19.783,33.435,13.652,3.0,17.75
2011-11-18,13.0,14.0,1.0,0.708,17.75
2011-11-19,18.75,24.792,6.042,1.333,7.25
2011-11-20,7.625,8.125,0.5,1.667,9.875
2011-11-21,19.304,25.913,6.609,1.318,4.087
2011-11-22,28.917,45.958,17.042,2.667,2.792
2011-11-23,22.458,29.0,6.542,3.208,15.083
2011-11-24,21.75,30.458,8.708,2.792,4.625
2011-11-25,24.833,39.417,14.583,1.625,9.5
2011-11-26,21.667,32.458,10.792,2.5,7.0
2011-11-27,14.292,17.083,2.792,2.958,13.292
2011-11-28,22.455,33.409,10.955,2.783,21.5
2011-11-29,37.958,101.0,63.042,9.125,21.958
2011-11-30,28.667,66.667,38.0,3.042,25.458
2011-12-01,5.708,6.583,0.875,0.083,1.333
2011-12-02,4.708,5.167,0.458,0.0,2.0
2011-12-03,14.833,19.792,4.958,0.958,1.333
2011-12-04,13.5,16.917,3.417,0.75,1.208
2011-12-05,21.435,42.174,20.739,1.522,9.792
2011-12-06,22.542,35.333,12.792,3.696,10.913
2011-12-07,25.042,39.125,14.083,1.708,8.042
2011-12-08,20.0,26.042,6.042,2.333,17.625
2011-12-09,15.375,21.708,6.333,1.667,6.75
2011-12-10,18.208,23.958,5.75,3.583,8.542
2011-12-11,14.792,18.708,3.917,2.0,9.0
2011-12-12,27.091,48.136,21.045,2.391,18.333
2011-12-13,26.417,56.208,29.792,1.25,14.708
2011-12-14,32.417,69.167,36.75,3.167,16.417
2011-12-15,24.208,44.542,20.333,2.25,16.292
2011-12-16,12.417,17.458,5.042,1.167,3.792
2011-12-17,14.542,17.958,3.417,1.125,4.875
2011-12-18,18.083,21.167,3.083,1.708,11.542
2011-12-19,18.826,27.652,8.826,1.227,6.783
2011-12-20,29.333,65.917,36.583,1.875,8.167
2011-12-21,39.75,90.375,50.625,3.958,21.417
2011-12-22,23.583,44.458,20.875,3.083,18.625
2011-12-23,13.917,16.958,3.042,1.042,4.375
2011-12-24,9.875,11.875,2.0,1.417,3.875
2011-12-25,15.708,22.917,7.208,3.125,5.125
2011-12-26,19.955,32.818,12.864,2.261,5.0
2011-12-27,29.333,59.667,30.333,1.042,2.292
2011-12-28,36.708,89.542,52.833,2.125,8.375
2011-12-29,26.833,56.5,29.667,2.417,16.167
2011-12-30,7.458,8.125,0.667,0.75,7.208
2011-12-31,13.083,17.083,4.0,1.583,3.833
2012-01-01,14.458,19.5,5.042,1.625,
2012-01-02,14.333,20.958,6.625,1.958,
2012-01-03,4.708,5.292,0.583,1.167,
2012-01-04,16.125,22.292,6.167,1.478,
2012-01-05,13.042,15.083,2.042,1.5,
2012-01-06,13.875,15.5,1.625,1.292,
2012-01-07,27.478,42.261,14.783,2.217,
2012-01-08,28.25,52.292,24.042,1.917,
2012-01-09,23.348,33.652,10.304,2.042,
2012-01-10,19.083,22.25,3.167,0.75,
2012-01-11,29.458,52.125,22.667,1.167,
2012-01-12,32.0,56.958,24.958,3.042,
2012-01-13,14.292,15.958,1.667,0.625,
2012-01-14,6.826,7.348,0.522,1.522,
2012-01-15,9.75,11.083,1.333,1.542,
2012-01-16,23.167,37.625,14.458,1.833,
2012-01-17,17.045,23.682,6.636,1.0,
2012-01-18,25.333,37.458,12.125,1.125,
2012-01-19,23.0,32.417,9.417,2.125,
2012-01-20,21.25,23.833,2.583,2.708,
2012-01-21,17.565,19.348,1.783,1.826,
2012-01-22,23.136,32.091,8.955,0.708,
2012-01-23,25.5,38.917,13.417,0.667,
2012-01-24,23.542,51.042,27.5,2.625,
2012-01-25,18.208,22.917,4.708,3.083,
2012-01-26,15.667,17.917,2.25,4.958,
2012-01-27,12.792,14.292,1.5,1.583,
2012-01-28,15.826,20.957,5.13,0.957,
2012-01-29,34.833,69.0,34.167,3.913,
2012-01-30,46.0,90.5,44.5,8.333,
2012-01-31,24.0,29.458,5.458,4.167,
2012-02-01,18.75,21.458,2.708,1.833,
2012-02-02,17.125,18.583,1.458,1.458,
2012-02-03,22.667,27.167,4.5,2.083,
2012-02-04,21.818,27.682,5.864,1.043,
2012-02-05,11.833,12.375,0.542,1.625,
2012-02-06,20.458,29.167,8.708,1.958,
2012-02-07,12.417,14.208,1.792,2.958,
2012-02-08,11.458,14.833,3.375,1.042,
2012-02-09,13.25,15.0,1.75,1.25,
2012-02-10,12.417,14.375,1.958,3.083,
2012-02-11,11.913,13.783,1.87,1.652,
2012-02-12,16.625,18.333,1.708,1.708,
2012-02-13,13.542,17.75,4.208,2.25,
2012-02-14,31.208,42.292,11.083,4.167,
2012-02-15,12.708,14.083,1.375,1.75,
2012-02-16,11.917,13.083,1.167,0.792,
2012-02-17,10.458,11.125,0.667,0.917,
2012-02-18,21.5,25.727,4.227,0.565,
2012-02-19,20.625,25.125,4.5,0.208,
2012-02-20,20.792,35.958,15.167,0.75,
2012-02-21,16.417,19.208,2.792,2.792,
2012-02-22,32.625,51.0,18.375,4.708,
2012-02-23,13.125,17.042,3.917,2.833,
2012-02-24,12.042,13.958,1.917,1.792,
2012-02-25,23.609,28.043,4.435,3.478,
2012-02-26,25.333,27.958,2.625,2.762,
2012-02-27,23.125,28.125,5.0,2.458,
2012-02-28,28.083,51.458,23.375,3.583,
2012-03-01,14.917,15.417,0.5,1.875,
2012-03-02,6.833,7.0,0.167,1.542,
2012-03-03,17.708,19.208,1.5,3.458,
2012-03-04,31.318,46.773,15.455,5.55,
2012-03-05,32.167,45.542,13.375,4.333,
2012-03-06,37.208,54.583,17.375,3.375,
2012-03-07,30.292,53.167,22.875,5.522,
2012-03-08,43.625,59.792,16.167,5.273,
2012-03-09,31.125,35.125,4.0,4.833,
2012-03-10,20.333,22.458,2.125,1.333,
2012-03-11,6.9,7.2,0.3,2.364,
2012-03-12,6.818,7.273,0.455,2.955,
2012-03-13,10.542,11.542,1.0,0.957,
2012-03-14,8.0,8.792,0.792,0.25,
2012-03-15,29.375,49.042,19.667,3.083,
2012-03-16,25.667,41.042,15.375,2.375,
2012-03-17,15.458,16.583,1.125,0.792,
2012-03-18,11.13,12.478,1.348,1.043,
2012-03-19,27.875,32.792,4.917,4.417,
2012-03-20,21.417,24.917,3.5,3.042,
2012-03-21,17.083,19.875,2.792,2.167,
2012-03-22,29.167,50.875,21.708,3.083,
2012-03-23,29.783,45.826,16.043,2.826,
2012-03-24,22.792,25.625,2.833,4.958,
2012-03-25,7.696,8.739,1.043,0.826,
2012-03-26,11.917,12.667,0.75,1.182,
2012-03-27,13.542,14.833,1.292,1.083,
2012-03-28,27.875,39.875,12.0,3.833,
2012-03-29,20.625,25.0,4.375,1.667,
2012-03-30,22.583,24.667,2.083,2.667,
2012-03-31,14.708,16.625,1.917,1.5,
2012-04-01,10.417,11.333,0.917,2.458,
2012-04-02,16.13,19.217,3.087,2.87,
2012-04-03,8.417,8.958,0.542,2.958,
2012-04-04,21.087,25.391,4.304,4.167,
2012-04-05,20.667,21.708,1.042,4.167,
2012-04-06,10.458,12.042,1.583,3.208,
2012-04-07,9.208,10.125,0.917,0.75,
2012-04-08,24.333,26.833,2.5,5.25,
2012-04-09,36.13,47.348,11.217,7.783,
2012-04-10,26.25,34.208,7.958,4.739,
2012-04-11,11.208,12.5,1.292,1.667,
2012-04-12,23.5,27.917,4.417,3.75,
2012-04-13,27.125,31.458,4.333,2.208,
2012-04-14,14.375,16.417,2.042,1.417,
2012-04-15,18.208,20.458,2.25,2.833,
2012-04-16,20.522,23.043,2.522,2.783,
2012-04-17,21.435,24.652,3.217,4.625,
2012-04-18,18.5,20.667,2.167,4.042,
2012-04-19,11.542,12.375,0.833,2.667,
2012-04-20,11.333,12.25,0.917,1.708,
2012-04-21,8.542,9.125,0.583,1.917,
2012-04-22,9.875,10.5,0.625,0.458,
2012-04-23,23.261,28.87,5.609,3.522,
2012-04-24,39.208,52.125,12.917,6.125,
2012-04-25,20.652,24.0,3.348,3.174,
2012-04-26,14.542,15.875,1.333,1.167,
2012-04-27,43.125,62.167,19.042,6.792,
2012-04-28,35.708,46.875,11.167,7.75,
2012-04-29,6.708,6.917,0.208,1.875,
2012-04-30,5.739,5.783,0.043,1.087,
2012-05-01,11.0,11.696,0.696,2.417,
2012-05-02,12.042,13.25,1.208,1.042,
2012-05-03,12.833,14.708,1.875,3.375,
2012-05-04,9.167,10.167,1.0,2.708,
2012-05-05,14.083,15.75,1.667,4.625,
2012-05-06,18.875,19.667,0.792,3.292,
2012-05-07,25.391,28.652,3.261,5.217,
2012-05-08,22.208,23.458,1.25,4.348,
2012-05-09,20.583,24.708,4.125,3.625,
2012-05-10,20.167,22.5,2.333,2.167,
2012-05-11,8.375,9.417,1.042,0.708,
2012-05-12,14.833,16.417,1.583,2.458,
2012-05-13,13.25,14.25,1.0,3.292,
2012-05-14,10.136,10.682,0.545,1.609,
2012-05-15,14.875,17.167,2.292,1.0,
2012-05-16,25.458,31.042,5.583,4.25,
2012-05-17,23.375,26.917,3.542,5.208,
2012-05-18,16.833,17.792,0.958,3.583,
2012-05-19,17.0,19.083,2.083,1.708,
2012-05-20,9.0,9.333,0.333,2.292,
2012-05-21,13.609,14.261,0.652,1.348,
2012-05-22,20.667,22.125,1.458,3.043,
2012-05-23,43.417,59.417,16.0,7.333,
2012-05-24,49.417,73.0,23.583,12.833,
2012-05-25,42.042,61.958,19.917,3.708,
2012-05-26,23.917,28.583,4.667,3.542,
2012-05-27,20.833,24.417,3.583,5.167,
2012-05-28,20.826,22.609,1.783,4.522,
2012-05-29,19.478,20.913,1.435,4.167,
2012-05-30,18.0,19.417,1.417,4.25,
2012-05-31,18.167,19.625,1.458,3.417,
2012-06-01,21.125,24.0,2.875,3.125,
2012-06-02,14.75,15.875,1.125,3.042,
2012-06-03,13.667,14.5,0.833,2.75,
2012-06-04,9.565,10.522,0.957,3.565,
2012-06-05,19.167,21.667,2.5,2.87,
2012-06-06,23.833,40.375,16.542,4.458,
2012-06-07,23.875,27.417,3.542,4.458,
2012-06-08,11.667,12.375,0.708,0.708,
2012-06-09,13.083,15.333,2.25,2.417,
2012-06-10,19.458,24.417,4.958,3.208,
2012-06-11,11.682,12.5,0.818,1.783,
2012-06-12,14.958,16.0,1.042,1.083,
2012-06-13,21.458,28.833,7.375,3.083,
2012-06-14,15.042,18.167,3.125,3.25,
2012-06-15,10.708,11.458,0.75,0.958,
2012-06-16,15.5,17.417,1.917,0.792,
2012-06-17,18.083,22.833,4.75,2.375,
2012-06-18,19.826,28.783,8.957,3.0,
2012-06-19,8.125,10.208,2.083,0.391,
2012-06-20,10.083,10.708,0.625,2.083,
2012-06-21,13.042,13.917,0.875,0.667,
2012-06-22,18.75,24.292,5.542,3.458,
2012-06-23,14.542,17.5,2.958,2.333,
2012-06-24,8.125,8.375,0.25,0.5,
2012-06-25,12.913,13.652,0.739,1.0,
2012-06-26,17.609,19.652,2.043,1.292,
2012-06-27,15.958,17.375,1.417,1.792,
2012-06-28,17.042,19.458,2.417,3.667,
2012-06-29,13.958,19.458,5.5,3.0,
2012-06-30,9.333,10.875,1.542,2.667,
2012-07-01,13.042,16.125,3.083,2.125,
2012-07-02,21.174,25.957,4.783,2.318,
2012-07-03,18.292,21.208,2.917,1.375,
2012-07-04,20.625,25.292,4.667,1.208,
2012-07-05,20.917,31.625,10.708,2.875,
2012-07-06,13.875,25.792,11.917,2.417,
2012-07-07,11.708,13.25,1.542,1.333,
2012-07-08,15.625,17.917,2.292,2.375,
2012-07-09,13.455,17.318,3.864,2.739,
2012-07-10,7.333,8.167,0.833,1.042,
2012-07-11,7.375,8.042,0.667,0.375,
2012-07-12,11.125,12.458,1.333,1.833,
2012-07-13,16.083,20.0,3.917,0.708,
2012-07-14,13.25,14.833,1.583,0.667,
2012-07-15,6.125,7.208,1.083,0.958,
2012-07-16,4.261,5.522,1.261,0.739,
2012-07-17,6.833,10.125,3.292,0.708,
2012-07-18,8.0,10.292,2.292,1.217,
2012-07-19,5.667,7.25,1.583,0.375,
2012-07-20,12.917,16.708,3.792,3.5,
2012-07-21,19.917,27.083,7.167,3.75,
2012-07-22,11.875,13.208,1.333,2.833,
2012-07-23,6.818,7.636,0.818,3.043,
2012-07-24,8.958,10.375,1.417,2.208,
2012-07-25,10.458,12.583,2.125,2.292,
2012-07-26,14.917,20.792,5.875,4.25,
2012-07-27,19.083,25.5,6.417,5.125,
2012-07-28,15.071,22.143,7.071,3.917,
2012-07-29,,,,3.333,
2012-07-30,,,,4.773,
2012-07-31,10.333,11.917,1.583,1.583,
2012-08-01,9.708,10.917,1.208,2.042,
2012-08-02,7.458,10.333,2.875,1.75,
2012-08-03,12.87,19.478,6.609,2.25,
2012-08-04,10.833,13.875,3.042,2.542,
2012-08-05,6.208,6.75,0.542,1.833,
2012-08-06,13.909,17.727,3.818,3.043,
2012-08-07,16.0,24.0,8.0,5.958,
2012-08-08,16.125,17.25,1.125,3.708,
2012-08-09,18.583,25.917,7.333,2.792,
2012-08-10,12.208,13.333,1.125,3.875,
2012-08-11,8.542,10.125,1.583,1.583,
2012-08-12,9.583,13.5,3.917,3.917,
2012-08-13,12.043,16.391,4.348,2.091,
2012-08-14,13.542,18.333,4.792,1.5,
2012-08-15,4.0,5.0,1.0,0.542,
2012-08-16,4.458,5.875,1.417,2.25,
2012-08-17,6.375,8.708,2.333,2.542,
2012-08-18,7.625,9.583,1.958,2.0,
2012-08-19,4.792,5.5,0.708,3.0,
2012-08-20,7.091,8.364,1.273,1.261,
2012-08-21,9.292,11.875,2.583,0.583,
2012-08-22,7.417,10.125,2.708,1.708,
2012-08-23,10.333,14.75,4.417,1.083,
2012-08-24,8.375,10.75,2.375,0.958,
2012-08-25,11.917,13.708,1.792,1.792,
2012-08-26,6.667,7.458,0.792,1.167,
2012-08-27,7.174,8.609,1.435,0.773,
2012-08-28,5.042,6.0,0.958,0.0,
2012-08-29,7.958,10.292,2.333,2.0,
2012-08-30,7.375,9.75,2.375,1.458,
2012-08-31,12.625,13.958,1.333,2.625,
2012-09-01,18.042,19.875,1.833,6.167,
2012-09-02,10.0,11.167,1.167,2.542,
2012-09-03,11.095,13.286,2.19,2.095,
2012-09-04,8.833,10.25,1.417,4.667,
2012-09-05,9.083,10.792,1.708,2.167,
2012-09-06,18.125,29.417,11.292,5.458,
2012-09-07,10.333,13.333,3.0,4.708,
2012-09-08,4.75,5.5,0.75,1.125,
2012-09-09,4.083,4.708,0.625,1.75,
2012-09-10,9.609,13.87,4.261,1.773,
2012-09-11,8.542,10.583,2.042,1.208,
2012-09-12,12.417,14.042,1.625,3.417,
2012-09-13,13.708,16.417,2.708,5.5,
2012-09-14,6.125,6.792,0.667,2.958,
2012-09-15,6.208,7.333,1.125,0.667,
2012-09-16,4.583,5.375,0.792,0.458,
2012-09-17,2.391,2.739,0.348,1.391,
2012-09-18,9.591,10.636,1.045,2.417,
2012-09-19,14.667,16.042,1.375,2.125,
2012-09-20,21.542,24.0,2.458,2.0,
2012-09-21,18.917,21.792,2.875,2.417,
2012-09-22,22.417,24.792,2.375,3.375,
2012-09-23,9.042,11.0,1.958,1.708,
2012-09-24,21.739,27.087,5.348,4.591,
2012-09-25,10.042,11.708,1.667,2.458,
2012-09-26,16.875,21.958,5.083,1.75,
2012-09-27,15.125,16.792,1.667,2.0,
2012-09-28,21.083,27.042,5.958,3.417,
2012-09-29,17.042,19.5,2.458,2.458,
2012-09-30,6.375,7.208,0.833,0.542,
2012-10-01,12.261,14.913,2.652,1.348,
2012-10-02,14.217,18.13,3.913,1.167,
2012-10-03,11.958,18.208,6.25,0.708,
2012-10-04,14.292,16.667,2.375,1.167,
2012-10-05,35.042,50.792,15.75,5.625,
2012-10-06,24.708,30.375,5.667,2.708,
2012-10-07,12.75,14.292,1.542,1.417,
2012-10-08,7.304,7.609,0.304,0.652,
2012-10-09,10.5,10.958,0.458,0.917,
2012-10-10,10.833,11.875,1.042,2.292,
2012-10-11,15.25,18.083,2.833,1.217,
2012-10-12,17.333,21.5,4.167,0.417,
2012-10-13,8.583,9.167,0.583,0.875,
2012-10-14,12.667,13.417,0.75,2.167,
2012-10-15,22.682,28.409,5.727,3.435,
2012-10-16,7.042,7.417,0.375,1.333,
2012-10-17,19.917,23.958,4.042,0.5,
2012-10-18,14.083,19.958,5.875,0.583,
2012-10-19,15.083,19.917,4.833,1.375,
2012-10-20,18.708,25.292,6.583,5.583,
2012-10-21,29.958,33.708,3.75,3.958,
2012-10-22,8.087,8.957,0.87,2.273,
2012-10-23,14.667,17.25,2.583,1.5,
2012-10-24,26.792,38.0,11.208,1.292,
2012-10-25,28.208,42.375,14.167,1.875,
2012-10-26,30.208,41.625,11.417,2.333,
2012-10-27,12.75,13.917,1.167,1.417,
2012-10-28,10.917,11.708,0.792,1.417,
2012-10-29,21.091,27.773,6.682,0.864,
2012-10-30,19.208,29.25,10.042,1.833,
2012-10-31,21.667,26.667,5.0,1.292,
2012-11-01,15.0,17.375,2.375,1.75,
2012-11-02,16.75,23.333,6.583,1.25,
2012-11-03,15.042,20.125,5.083,0.125,
2012-11-04,6.208,6.833,0.625,1.25,
2012-11-05,16.348,19.652,3.304,0.391,
2012-11-06,19.792,22.458,2.667,2.13,
2012-11-07,17.125,19.125,2.0,1.375,
2012-11-08,24.458,34.542,10.083,1.792,
2012-11-09,19.0,21.792,2.792,2.75,
2012-11-10,6.25,6.667,0.417,0.375,
2012-11-11,12.708,15.583,2.875,1.083,
2012-11-12,17.455,22.182,4.727,3.217,
2012-11-13,18.583,23.083,4.5,4.083,
2012-11-14,13.25,18.5,5.25,1.708,
2012-11-15,15.417,20.917,5.5,0.583,
2012-11-16,15.875,33.0,17.125,1.333,
2012-11-17,8.125,8.833,0.708,1.0,
2012-11-18,12.875,15.958,3.083,0.708,
2012-11-19,20.783,33.652,12.87,2.318,
2012-11-20,12.75,14.167,1.417,1.375,
2012-11-21,23.833,44.958,21.125,1.292,
2012-11-22,23.708,37.5,13.792,2.458,
2012-11-23,16.875,22.167,5.292,3.125,
2012-11-24,11.417,14.25,2.833,1.0,
2012-11-25,13.875,15.542,1.667,1.0,
2012-11-26,10.5,11.318,0.818,1.522,
2012-11-27,11.958,16.708,4.75,0.75,
2012-11-28,25.0,50.0,25.0,3.292,
2012-11-29,28.833,73.208,44.375,1.458,
2012-11-30,26.125,48.917,22.792,0.833,
2012-12-01,10.167,11.792,1.625,1.083,
2012-12-02,5.167,5.792,0.625,0.25,
2012-12-03,22.609,50.174,27.565,1.174,
2012-12-04,17.083,21.542,4.458,1.833,
2012-12-05,22.042,43.0,20.958,1.739,
2012-12-06,16.083,20.917,4.833,1.875,
2012-12-07,22.042,37.667,15.625,2.333,
2012-12-08,10.208,11.167,0.958,2.458,
2012-12-09,9.458,10.917,1.458,2.083,
2012-12-10,12.545,14.409,1.864,0.435,
2012-12-11,19.292,23.625,4.333,0.875,
2012-12-12,14.458,21.208,6.75,0.583,
2012-12-13,29.542,61.042,31.5,2.583,
2012-12-14,16.125,18.833,2.708,1.167,
2012-12-15,24.792,46.333,21.542,0.5,
2012-12-16,15.792,19.25,3.458,0.167,
2012-12-17,22.826,34.087,11.261,5.0,
2012-12-18,10.292,14.208,3.917,1.0,
2012-12-19,9.5,10.833,1.333,0.583,
2012-12-20,20.5,35.542,15.042,1.375,
2012-12-21,13.417,15.083,1.667,0.625,
2012-12-22,15.167,23.208,8.042,0.333,
2012-12-23,8.375,9.667,1.292,1.333,
2012-12-24,13.261,15.957,2.696,1.652,
2012-12-25,24.917,34.75,9.833,1.5,
2012-12-26,23.478,34.304,10.826,0.75,
2012-12-27,28.375,61.5,33.125,2.5,
2012-12-28,18.958,26.667,7.708,0.708,
2012-12-29,19.5,23.958,4.458,0.917,
2012-12-30,14.292,17.333,3.042,0.875,
2012-12-31,6.739,7.652,0.913,1.0,
2013-01-01,16.667,19.333,2.667,8.5,30.458
2013-01-02,16.0,19.542,3.542,3.792,18.833
2013-01-03,28.333,42.0,13.667,4.792,14.667
2013-01-04,21.125,28.083,6.958,4.304,16.0
2013-01-05,5.917,6.292,0.375,0.875,4.708
2013-01-06,17.957,26.826,8.87,3.522,9.292
2013-01-07,23.5,35.083,11.583,9.75,12.875
2013-01-08,23.739,36.652,12.913,3.522,15.167
2013-01-09,14.25,16.875,2.625,2.125,9.125
2013-01-10,15.542,20.042,4.5,2.083,6.792
2013-01-11,19.75,29.958,10.208,3.917,14.292
2013-01-12,23.083,29.5,6.417,4.583,21.875
2013-01-13,14.652,17.174,2.522,3.043,18.125
2013-01-14,28.364,44.909,16.545,1.727,4.682
2013-01-15,19.0,21.889,2.889,1.0,2.087
2013-01-16,27.5,50.583,23.083,2.792,5.208
2013-01-17,17.458,21.625,4.167,3.417,17.25
2013-01-18,10.417,11.667,1.25,8.167,24.792
2013-01-19,11.042,12.833,1.792,1.625,4.292
2013-01-20,25.783,34.391,8.609,2.833,17.125
2013-01-21,17.739,22.609,4.87,4.125,18.375
2013-01-22,28.833,52.333,23.5,3.042,11.5
2013-01-23,40.208,85.125,44.917,4.833,14.875
2013-01-24,36.417,89.917,53.5,6.208,17.417
2013-01-25,26.958,42.958,16.0,5.208,14.542
2013-01-26,7.958,8.792,0.833,1.792,12.625
2013-01-27,27.696,39.826,12.13,4.542,7.125
2013-01-28,33.542,81.667,48.125,2.5,13.348
2013-01-29,30.667,60.25,29.583,2.25,15.833
2013-01-30,34.292,54.5,20.208,2.042,22.708
2013-01-31,24.667,31.125,6.458,2.333,15.167
2013-02-01,28.292,50.167,21.875,3.083,20.958
2013-02-02,26.083,35.917,9.833,4.583,25.875
2013-02-03,20.783,47.261,26.478,1.609,24.25
2013-02-04,10.565,13.13,2.565,1.083,7.75
2013-02-05,12.583,14.75,2.167,0.375,3.75
2013-02-06,8.25,9.375,1.125,0.167,2.333
2013-02-07,4.917,5.333,0.417,0.292,2.333
2013-02-08,11.375,14.0,2.625,0.75,1.667
2013-02-09,18.0,24.0,6.0,1.417,2.208
2013-02-10,4.696,5.348,0.652,0.364,4.13
2013-02-11,3.042,3.333,0.292,0.0,1.958
2013-02-12,12.292,15.042,2.75,0.542,2.625
2013-02-13,4.792,5.25,0.458,0.042,1.667
2013-02-14,3.708,4.208,0.5,0.0,3.292
2013-02-15,9.542,10.958,1.417,0.792,3.5
2013-02-16,22.208,26.167,3.958,2.208,13.542
2013-02-17,25.591,42.818,17.227,2.636,18.13
2013-02-18,4.083,4.542,0.458,0.292,4.792
2013-02-19,12.0,14.0,2.0,0.833,5.542
2013-02-20,15.292,17.917,2.625,1.583,7.292
2013-02-21,27.542,46.083,18.542,2.708,9.25
2013-02-22,21.292,24.0,2.708,1.958,7.625
2013-02-23,15.333,18.375,3.042,2.333,6.5
2013-02-24,36.913,54.783,17.87,3.304,12.958
2013-02-25,50.875,82.583,31.708,5.087,35.0
2013-02-26,27.417,37.125,9.708,2.583,39.667
2013-02-27,24.375,29.0,4.625,2.167,16.708
2013-02-28,33.083,52.0,18.917,2.417,11.625
2013-03-01,36.417,54.958,18.542,3.292,22.458
2013-03-02,14.583,18.875,4.292,1.083,10.167
2013-03-03,12.318,13.591,1.273,0.913,3.917
2013-03-04,12.0,13.25,1.25,1.167,5.5
2013-03-05,16.958,21.917,4.958,0.917,13.458
2013-03-06,15.708,19.333,3.625,0.625,5.708
2013-03-07,18.708,25.292,6.583,1.417,6.792
2013-03-08,27.167,44.667,17.5,3.125,12.292
2013-03-09,18.125,21.083,2.958,4.417,20.5
2013-03-10,14.13,16.913,2.783,1.348,6.792
2013-03-11,33.625,53.917,20.292,2.783,6.87
2013-03-12,30.0,70.625,40.625,6.458,10.667
2013-03-13,9.75,11.25,1.5,1.125,7.042
2013-03-14,10.5,11.375,0.875,0.583,6.667
2013-03-15,27.625,34.292,6.667,3.333,20.292
2013-03-16,30.25,35.167,4.917,3.917,28.0
2013-03-17,26.955,40.727,13.773,4.87,30.167
2013-03-18,29.458,33.5,4.042,5.292,24.333
2013-03-19,22.0,23.333,1.333,3.375,45.625
2013-03-20,21.5,25.625,4.125,3.583,27.708
2013-03-21,7.583,8.958,1.375,0.167,4.708
2013-03-22,21.458,27.583,6.125,1.583,11.167
2013-03-23,26.667,29.708,3.042,3.625,21.208
2013-03-24,43.739,50.565,6.826,6.913,30.375
2013-03-25,36.913,53.435,16.522,4.696,22.609
2013-03-26,25.958,28.583,2.625,1.25,22.333
2013-03-27,18.417,21.833,3.417,1.25,7.958
2013-03-28,24.542,36.167,11.625,2.25,12.958
2013-03-29,7.375,7.5,0.125,0.5,10.125
2013-03-30,18.125,21.208,3.083,1.125,9.0
2013-03-31,28.13,34.739,6.609,2.913,12.333
2013-04-01,8.783,9.435,0.652,1.87,11.125
2013-04-02,21.292,23.5,2.208,1.625,15.542
2013-04-03,12.917,14.333,1.417,1.333,10.0
2013-04-04,47.174,73.217,26.043,5.625,16.042
2013-04-05,23.708,38.25,14.542,2.667,13.042
2013-04-06,15.917,17.25,1.333,2.042,8.208
2013-04-07,10.333,11.667,1.333,1.208,3.542
2013-04-08,19.87,22.217,2.348,2.045,10.261
2013-04-09,23.75,33.792,10.042,4.542,19.042
2013-04-10,16.583,19.375,2.792,2.792,12.833
2013-04-11,16.125,17.292,1.167,3.0,13.542
2013-04-12,21.333,24.917,3.583,4.375,14.292
2013-04-13,21.25,25.375,4.125,8.958,15.792
2013-04-14,14.083,14.542,0.458,3.75,21.583
2013-04-15,19.455,21.773,2.318,10.727,17.217
2013-04-16,23.583,35.375,11.792,5.667,26.458
2013-04-17,15.125,16.292,1.167,2.542,17.417
2013-04-18,18.167,25.208,7.042,3.792,15.75
2013-04-19,4.917,5.25,0.333,1.167,9.833
2013-04-20,6.458,6.958,0.5,0.958,8.667
2013-04-21,6.542,6.625,0.083,0.667,3.25
2013-04-22,26.478,31.348,4.87,5.0,10.875
2013-04-23,12.542,13.167,0.625,1.25,10.958
2013-04-24,13.292,14.708,1.417,0.739,9.913
2013-04-25,28.625,40.75,12.125,4.542,18.875
2013-04-26,14.708,15.833,1.125,2.75,21.792
2013-04-27,17.542,20.625,3.083,2.667,15.542
2013-04-28,18.333,19.917,1.583,4.625,17.125
2013-04-29,7.435,7.652,0.217,4.565,18.875
2013-04-30,16.75,20.875,4.125,2.375,11.917
2013-05-01,11.348,15.13,3.783,1.0,7.625
2013-05-02,20.458,25.917,5.458,2.458,3.75
2013-05-03,20.708,24.125,3.417,3.417,12.333
2013-05-04,17.042,19.333,2.292,3.042,15.625
2013-05-05,20.75,22.417,1.667,4.083,18.583
2013-05-06,22.565,26.261,3.696,3.652,20.125
2013-05-07,15.5,16.375,0.875,3.045,16.087
2013-05-08,21.667,28.875,7.208,3.542,5.583
2013-05-09,38.958,55.042,16.083,6.542,22.5
2013-05-10,16.417,17.167,0.75,1.708,16.333
2013-05-11,20.292,24.917,4.625,2.167,13.542
2013-05-12,30.542,35.208,4.667,9.833,26.167
2013-05-13,33.545,40.136,6.591,8.957,27.542
2013-05-14,12.917,14.083,1.167,1.25,11.708
2013-05-15,12.333,13.417,1.083,2.625,13.375
2013-05-16,15.458,18.542,3.083,2.625,17.042
2013-05-17,9.083,9.917,0.833,1.708,10.458
2013-05-18,8.292,8.958,0.667,0.917,13.333
2013-05-19,8.333,8.958,0.625,0.333,4.0
2013-05-20,19.957,24.304,4.348,2.696,10.0
2013-05-21,21.25,23.5,2.25,4.087,37.304
2013-05-22,39.25,47.125,7.875,4.708,36.375
2013-05-23,38.667,45.25,6.583,5.208,29.167
2013-05-24,34.458,42.0,7.542,5.042,29.708
2013-05-25,13.583,14.25,0.667,3.375,22.292
2013-05-26,6.583,7.042,0.458,2.208,16.25
2013-05-27,7.913,8.609,0.696,1.043,9.417
2013-05-28,8.208,8.875,0.667,0.5,5.625
2013-05-29,17.667,20.5,2.833,2.083,23.708
2013-05-30,23.435,28.0,4.565,2.792,31.042
2013-05-31,28.583,41.875,13.292,3.792,21.542
2013-06-01,22.875,26.208,3.333,1.375,18.375
2013-06-02,6.75,7.0,0.25,0.75,3.292
2013-06-03,25.478,31.696,6.217,3.364,12.739
2013-06-04,15.125,21.292,6.167,2.875,10.917
2013-06-05,13.167,14.208,1.042,2.417,11.625
2013-06-06,26.167,31.708,5.542,4.0,20.625
2013-06-07,28.167,36.875,8.708,5.0,16.583
2013-06-08,12.167,13.0,0.833,1.917,16.625
2013-06-09,7.0,7.25,0.25,1.042,11.625
2013-06-10,13.364,14.182,0.818,2.348,10.917
2013-06-11,13.792,15.0,1.208,3.333,7.833
2013-06-12,27.667,37.417,9.75,5.333,15.917
2013-06-13,21.833,31.292,9.458,4.25,19.792
2013-06-14,22.167,32.042,9.875,5.458,24.208
2013-06-15,19.625,27.417,7.792,2.792,16.625
2013-06-16,18.75,25.208,6.458,3.375,15.75
2013-06-17,15.478,23.957,8.478,3.304,14.625
2013-06-18,14.083,16.667,2.583,4.208,12.583
2013-06-19,15.0,25.167,10.167,1.913,7.652
2013-06-20,11.417,15.5,4.083,0.167,3.417
2013-06-21,10.542,11.208,0.667,0.25,1.75
2013-06-22,24.708,31.708,7.0,4.458,7.25
2013-06-23,19.792,24.5,4.708,4.375,15.583
2013-06-24,18.409,21.5,3.091,5.304,14.25
2013-06-25,17.75,25.083,7.333,2.208,22.708
2013-06-26,12.417,14.625,2.208,0.875,3.5
2013-06-27,18.042,20.417,2.375,2.208,8.292
2013-06-28,20.292,22.625,2.333,3.375,18.75
2013-06-29,13.167,15.292,2.125,2.917,13.292
2013-06-30,8.542,9.25,0.708,1.917,7.625
2013-07-01,9.565,10.565,1.0,1.043,5.792
2013-07-02,7.542,8.083,0.542,1.043,7.826
2013-07-03,10.542,11.583,1.042,1.25,9.375
2013-07-04,18.208,24.958,6.75,1.125,10.958
2013-07-05,10.625,14.0,3.375,2.375,14.208
2013-07-06,11.833,14.917,3.083,2.583,10.542
2013-07-07,7.292,8.958,1.667,2.625,14.292
2013-07-08,7.273,10.0,2.727,5.957,18.25
2013-07-09,15.042,23.375,8.333,5.958,15.292
2013-07-10,19.167,29.0,9.833,5.333,18.542
2013-07-11,13.875,17.542,3.667,4.042,19.917
2013-07-12,6.667,8.417,1.75,2.208,16.625
2013-07-13,15.083,19.083,4.0,6.208,18.042
2013-07-14,13.542,18.583,5.042,4.167,13.833
2013-07-15,11.826,18.957,7.13,3.609,11.125
2013-07-16,13.375,18.167,4.792,5.0,16.913
2013-07-17,10.833,13.375,2.542,5.583,23.792
2013-07-18,9.5,15.833,6.333,1.542,9.125
2013-07-19,8.875,10.667,1.792,2.542,10.75
2013-07-20,18.792,21.917,3.125,4.5,19.167
2013-07-21,7.292,7.792,0.5,2.917,21.25
2013-07-22,13.682,15.545,1.864,3.304,21.542
2013-07-23,12.458,15.0,2.542,2.125,10.25
2013-07-24,14.75,24.083,9.333,3.375,13.958
2013-07-25,19.083,33.333,14.25,4.167,24.875
2013-07-26,13.958,15.333,1.375,1.417,20.542
2013-07-27,15.583,18.625,3.042,3.167,27.542
2013-07-28,14.583,16.542,1.958,1.125,23.167
2013-07-29,15.783,21.522,5.739,2.652,22.708
2013-07-30,18.083,20.208,2.125,3.583,34.583
2013-07-31,16.75,24.125,7.375,3.304,18.565
2013-08-01,19.0,27.083,8.083,3.958,21.75
2013-08-02,9.917,13.083,3.167,1.375,19.667
2013-08-03,9.875,13.583,3.708,1.5,16.458
2013-08-04,14.125,20.125,6.0,1.625,8.833
2013-08-05,12.714,14.524,1.81,3.429,14.0
2013-08-06,14.75,16.167,1.417,2.833,20.75
2013-08-07,14.917,18.375,3.458,2.917,29.5
2013-08-08,19.875,23.167,3.292,3.542,33.917
2013-08-09,28.125,34.042,5.917,5.208,29.417
2013-08-10,23.458,31.708,8.25,5.375,31.958
2013-08-11,17.875,20.583,2.708,4.583,35.25
2013-08-12,21.739,24.565,2.826,4.826,31.542
2013-08-13,29.458,40.5,11.042,5.391,29.217
2013-08-14,23.125,32.333,9.208,5.5,30.542
2013-08-15,14.0,17.417,3.417,3.417,30.75
2013-08-16,5.5,5.917,0.417,1.208,33.5
2013-08-17,5.25,5.625,0.375,0.958,24.792
2013-08-18,4.875,5.375,0.5,0.5,7.042
2013-08-19,5.565,6.565,1.0,3.739,9.5
2013-08-20,6.609,8.087,1.478,1.917,6.542
2013-08-21,5.5,7.083,1.583,2.667,7.042
2013-08-22,5.542,6.667,1.125,2.417,12.083
2013-08-23,13.458,19.083,5.625,3.292,15.708
2013-08-24,17.167,29.458,12.292,1.542,8.625
2013-08-25,11.708,14.292,2.583,1.167,6.75
2013-08-26,11.478,12.783,1.304,0.818,8.478
2013-08-27,17.542,27.125,9.583,2.208,10.375
2013-08-28,21.875,25.042,3.167,2.75,21.25
2013-08-29,10.5,11.958,1.458,2.958,26.375
2013-08-30,13.292,21.292,8.0,0.917,9.958
2013-08-31,7.792,8.958,1.167,1.125,14.375
2013-09-01,8.042,8.708,0.667,0.083,8.542
2013-09-02,16.545,18.864,2.318,1.087,5.125
2013-09-03,13.583,15.167,1.583,0.167,3.5
2013-09-04,15.417,18.875,3.458,1.125,1.833
2013-09-05,16.25,24.833,8.583,3.125,5.375
2013-09-06,13.792,15.167,1.375,2.708,7.042
2013-09-07,10.625,11.875,1.25,1.208,11.417
2013-09-08,13.167,17.458,4.292,1.292,8.042
2013-09-09,13.478,15.304,1.826,1.826,8.083
2013-09-10,17.5,19.417,1.917,2.333,13.042
2013-09-11,9.625,10.625,1.0,1.391,15.13
2013-09-12,13.292,14.958,1.667,3.875,23.708
2013-09-13,8.042,9.0,0.958,1.167,18.417
2013-09-14,9.208,10.333,1.125,1.292,24.875
2013-09-15,4.792,5.125,0.333,0.708,14.833
2013-09-16,5.913,6.261,0.348,0.0,5.125
2013-09-17,22.609,25.13,2.522,2.167,4.75
2013-09-18,24.042,25.458,1.417,2.792,13.208
2013-09-19,14.75,15.292,0.542,2.042,11.167
2013-09-20,13.667,14.25,0.583,1.042,12.5
2013-09-21,11.875,12.875,1.0,1.417,14.833
2013-09-22,10.25,11.0,0.75,2.5,17.083
2013-09-23,8.826,9.174,0.348,1.957,19.708
2013-09-24,20.083,22.583,2.5,1.957,20.174
2013-09-25,20.75,28.833,8.083,1.875,16.042
2013-09-26,9.875,10.708,0.833,0.0,3.875
2013-09-27,12.625,13.208,0.583,0.75,3.958
2013-09-28,11.917,12.833,0.917,0.958,8.583
2013-09-29,11.333,12.208,0.875,0.458,7.125
2013-09-30,16.182,19.0,2.818,0.773,7.652
2013-10-01,22.625,42.625,20.0,2.75,10.5
2013-10-02,19.333,33.875,14.542,1.792,7.292
2013-10-03,11.958,12.917,0.958,1.042,14.458
2013-10-04,6.417,6.833,0.417,0.833,6.125
2013-10-05,7.167,7.792,0.625,0.583,6.542
2013-10-06,6.0,6.333,0.333,0.917,5.833
2013-10-07,9.435,10.652,1.217,1.545,8.391
2013-10-08,8.292,9.167,0.875,1.0,8.5
2013-10-09,12.292,14.75,2.458,1.708,2.917
2013-10-10,11.0,14.583,3.583,1.583,11.0
2013-10-11,15.625,19.292,3.667,2.708,20.042
2013-10-12,8.583,9.042,0.458,0.708,11.083
2013-10-13,17.958,22.875,4.917,2.5,5.458
2013-10-14,7.435,7.87,0.435,2.043,8.25
2013-10-15,12.739,14.043,1.304,1.333,12.125
2013-10-16,4.958,5.667,0.708,0.0,4.125
2013-10-17,11.583,13.083,1.5,0.542,3.167
2013-10-18,5.875,6.292,0.417,0.792,5.208
2013-10-19,10.542,11.542,1.0,0.5,4.333
2013-10-20,16.417,20.917,4.5,1.833,5.083
2013-10-21,16.217,22.739,6.522,0.818,4.826
2013-10-22,15.458,19.583,4.125,1.458,4.292
2013-10-23,6.292,7.083,0.792,0.542,2.833
2013-10-24,11.5,12.458,0.958,0.292,2.542
2013-10-25,20.75,26.042,5.292,0.5,6.083
2013-10-26,11.542,12.542,1.0,0.917,9.0
2013-10-27,16.625,18.458,1.833,2.042,7.417
2013-10-28,13.364,15.091,1.727,1.19,9.318
2013-10-29,28.208,41.083,12.875,2.625,13.333
2013-10-30,23.75,39.125,15.375,2.333,21.125
2013-10-31,16.458,19.0,2.542,0.875,17.522
2013-11-01,29.625,44.042,14.417,2.708,22.5
2013-11-02,13.208,14.333,1.125,1.875,25.417
2013-11-03,14.333,15.542,1.208,0.875,15.917
2013-11-04,10.304,10.913,0.609,1.043,15.333
2013-11-05,21.667,26.875,5.208,1.478,15.348
2013-11-06,20.083,26.375,6.292,1.25,16.375
2013-11-07,28.208,34.333,6.125,3.125,23.458
2013-11-08,32.208,56.167,23.958,2.833,17.0
2013-11-09,12.875,13.958,1.083,2.333,14.708
2013-11-10,8.125,8.417,0.292,1.5,14.583
2013-11-11,12.091,15.091,3.0,1.391,4.167
2013-11-12,16.958,23.042,6.083,1.25,5.875
2013-11-13,19.583,26.875,7.292,2.0,3.833
2013-11-14,11.292,13.292,2.0,4.083,5.542
2013-11-15,19.0,23.708,4.708,2.583,7.417
2013-11-16,30.375,42.958,12.583,3.583,23.375
2013-11-17,24.708,33.875,9.167,3.125,25.25
2013-11-18,13.783,17.174,3.391,2.045,4.043
2013-11-19,15.042,19.875,4.833,2.417,8.208
2013-11-20,18.958,24.958,6.0,1.875,6.125
2013-11-21,21.625,29.333,7.708,1.625,8.042
2013-11-22,26.208,56.0,29.792,2.292,9.833
2013-11-23,28.792,42.125,13.333,2.75,11.917
2013-11-24,16.042,20.125,4.083,3.0,13.833
2013-11-25,16.182,19.455,3.273,3.913,16.625
2013-11-26,17.208,22.5,5.292,1.958,6.833
2013-11-27,28.125,44.833,16.708,3.125,10.292
2013-11-28,11.625,14.167,2.542,1.542,4.625
2013-11-29,10.542,14.583,4.042,1.583,4.625
2013-11-30,23.917,41.542,17.625,2.833,9.792
2013-12-01,27.083,52.458,25.375,2.333,18.208
2013-12-02,24.826,62.783,37.957,2.565,17.167
2013-12-03,33.583,65.542,31.958,2.75,9.958
2013-12-04,26.958,45.75,18.792,2.375,17.708
2013-12-05,38.542,79.625,41.083,3.958,20.333
2013-12-06,32.958,65.917,32.958,5.391,33.826
2013-12-07,24.875,40.125,15.25,1.792,11.125
2013-12-08,21.75,26.125,4.375,2.792,12.833
2013-12-09,17.261,22.783,5.522,1.565,13.958
2013-12-10,18.261,22.087,3.826,3.833,12.458
2013-12-11,25.583,32.292,6.708,3.875,12.667
2013-12-12,23.25,40.417,17.167,2.792,5.833
2013-12-13,20.583,27.917,7.333,3.25,8.5
2013-12-14,11.125,14.208,3.083,2.417,6.25
2013-12-15,14.375,16.875,2.5,2.833,6.542
2013-12-16,18.783,27.565,8.783,2.13,4.0
2013-12-17,7.75,8.542,0.792,0.783,2.174
2013-12-18,12.875,25.167,12.292,0.167,2.542
2013-12-19,23.375,62.625,39.25,2.333,7.458
2013-12-20,16.208,20.875,4.667,3.417,10.583
2013-12-21,14.875,17.792,2.917,1.583,5.208
2013-12-22,12.792,17.583,4.792,1.083,6.708
2013-12-23,13.696,15.783,2.087,3.565,7.625
2013-12-24,14.708,23.958,9.25,0.958,5.917
2013-12-25,19.625,27.833,8.208,1.042,5.667
2013-12-26,25.5,43.625,18.125,1.042,14.167
2013-12-27,13.833,16.708,2.875,3.542,16.083
2013-12-28,11.174,15.304,4.13,1.545,2.5
2013-12-29,13.5,17.125,3.625,2.583,7.667
2013-12-30,24.783,34.783,10.0,3.565,13.708
2013-12-31,26.583,31.75,5.167,5.167,26.5
2014-01-01,6.292,8.0,1.708,1.542,5.667
2014-01-02,9.375,12.792,3.417,1.542,8.0
2014-01-03,16.917,22.458,5.542,2.042,6.458
2014-01-04,27.125,41.292,14.167,2.292,10.25
2014-01-05,20.826,26.435,5.609,1.174,14.583
2014-01-06,17.348,19.435,2.087,2.708,17.833
2014-01-07,15.292,20.208,4.917,1.333,6.75
2014-01-08,11.0,12.333,1.333,0.792,6.333
2014-01-09,15.042,22.875,7.833,1.833,9.458
2014-01-10,7.792,8.542,0.75,1.917,10.458
2014-01-11,14.167,16.333,2.167,3.208,14.125
2014-01-12,8.13,8.87,0.739,0.783,4.917
2014-01-13,22.958,30.167,7.208,1.5,5.542
2014-01-14,18.833,22.208,3.375,1.75,8.792
2014-01-15,13.5,18.375,4.875,0.583,2.292
2014-01-16,24.833,34.0,9.167,3.625,18.875
2014-01-17,13.75,16.542,2.792,3.478,21.348
2014-01-18,25.667,31.583,5.917,2.25,5.958
2014-01-19,20.391,24.522,4.13,2.217,22.25
2014-01-20,33.304,52.0,18.696,1.542,23.75
2014-01-21,19.958,22.042,2.083,2.375,20.25
2014-01-22,17.5,24.583,7.083,0.875,9.083
2014-01-23,11.625,15.792,4.167,0.833,9.375
2014-01-24,23.375,40.083,16.708,1.083,7.333
2014-01-25,11.667,12.333,0.667,1.25,8.583
2014-01-26,18.609,28.957,10.348,1.0,11.458
2014-01-27,16.5,22.083,5.583,0.833,15.125
2014-01-28,12.417,14.75,2.333,0.739,3.174
2014-01-29,7.542,8.25,0.708,1.083,3.042
2014-01-30,13.458,16.792,3.333,1.417,6.0
2014-01-31,11.167,12.542,1.375,1.167,7.125
2014-02-01,11.042,12.25,1.208,1.125,2.75
2014-02-02,25.615,40.538,14.923,2.308,5.333
2014-02-03,23.25,27.583,4.333,1.167,4.875
2014-02-04,12.583,13.833,1.25,0.292,4.083
2014-02-05,19.375,22.875,3.5,1.25,14.167
2014-02-06,25.5,36.917,11.417,1.042,11.042
2014-02-07,23.958,38.208,14.25,3.958,19.708
2014-02-08,14.625,20.625,6.0,2.625,16.75
2014-02-09,13.652,15.435,1.783,1.636,3.174
2014-02-10,18.208,20.75,2.542,3.375,14.25
2014-02-11,26.375,35.458,9.083,2.542,21.125
2014-02-12,19.375,21.125,1.75,2.625,16.708
2014-02-13,12.292,13.917,1.625,0.875,5.625
2014-02-14,24.542,36.417,11.875,1.792,7.417
2014-02-15,31.25,37.083,5.833,2.625,20.75
2014-02-16,18.091,19.591,1.5,1.565,38.375
2014-02-17,19.375,22.333,2.958,1.333,18.417
2014-02-18,7.375,8.042,0.667,0.25,9.208
2014-02-19,9.0,12.083,3.083,0.333,3.833
2014-02-20,25.208,39.167,13.958,1.333,5.042
2014-02-21,10.042,11.208,1.167,1.25,6.75
2014-02-22,10.167,10.875,0.708,0.333,9.167
2014-02-23,20.391,25.435,5.043,1.478,30.375
2014-02-24,26.542,39.833,13.292,2.304,39.217
2014-02-25,26.708,38.708,12.0,1.375,27.333
2014-02-26,28.375,36.042,7.667,2.292,18.0
2014-02-27,8.25,8.833,0.583,1.208,7.667
2014-02-28,12.75,14.75,2.0,1.042,10.25
2014-03-01,7.708,8.208,0.5,0.833,10.208
2014-03-02,24.182,31.909,7.727,1.435,25.25
2014-03-03,27.25,34.25,7.0,0.958,16.25
2014-03-04,17.083,20.625,3.542,1.292,11.0
2014-03-05,16.375,23.917,7.542,0.833,6.25
2014-03-06,10.75,11.792,1.042,1.042,12.625
2014-03-07,32.292,41.625,9.333,2.875,18.0
2014-03-08,20.333,22.75,2.417,1.917,6.458
2014-03-09,15.913,17.87,1.957,0.864,7.348
2014-03-10,12.625,15.417,2.792,1.167,7.083
2014-03-11,17.125,20.875,3.75,2.625,5.292
2014-03-12,23.292,26.0,2.708,3.833,20.75
2014-03-13,36.375,66.167,29.792,3.167,9.125
2014-03-14,18.667,20.583,1.917,2.167,13.792
2014-03-15,12.208,13.208,1.0,1.333,13.25
2014-03-16,28.091,56.227,28.136,3.87,23.375
2014-03-17,21.542,42.875,21.333,1.917,12.375
2014-03-18,16.583,17.75,1.167,0.375,12.583
2014-03-19,16.75,19.083,2.333,1.167,8.25
2014-03-20,28.333,47.833,19.5,1.667,6.875
2014-03-21,31.917,58.208,26.292,3.5,18.667
2014-03-22,27.958,37.375,9.417,4.375,43.792
2014-03-23,10.913,12.043,1.13,0.87,14.417
2014-03-24,11.125,12.0,0.875,0.696,6.565
2014-03-25,19.625,26.75,7.125,1.5,8.625
2014-03-26,37.25,55.125,17.875,3.375,13.042
2014-03-27,37.0,48.917,11.917,4.833,15.542
2014-03-28,25.083,36.667,11.583,6.25,14.417
2014-03-29,20.542,26.625,6.083,5.167,12.625
2014-03-30,35.696,41.261,5.565,4.652,23.458
2014-03-31,18.458,20.917,2.458,2.083,24.167
2014-04-01,29.042,40.583,11.542,1.958,9.833
2014-04-02,34.5,40.417,5.917,3.958,12.167
2014-04-03,17.783,20.13,2.348,1.75,10.542
2014-04-04,10.958,11.708,0.75,1.0,8.042
2014-04-05,21.0,23.125,2.125,1.125,9.875
2014-04-06,9.333,10.5,1.167,0.792,5.375
2014-04-07,33.391,42.696,9.304,3.273,14.826
2014-04-08,33.25,49.875,16.625,3.792,18.792
2014-04-09,51.75,79.125,27.375,5.5,29.75
2014-04-10,33.333,41.208,7.875,3.833,32.458
2014-04-11,20.583,22.042,1.458,1.417,10.75
2014-04-12,27.75,29.875,2.125,2.875,13.708
2014-04-13,13.583,14.5,0.917,1.0,14.875
2014-04-14,16.739,19.652,2.913,2.174,9.875
2014-04-15,46.083,67.333,21.25,6.583,18.417
2014-04-16,43.13,51.0,7.87,4.913,27.087
2014-04-17,35.083,40.583,5.5,4.042,21.875
2014-04-18,20.042,22.042,2.0,1.917,9.667
2014-04-19,17.708,19.458,1.75,1.208,21.667
2014-04-20,10.792,11.375,0.583,1.708,9.833
2014-04-21,27.087,37.609,10.522,2.913,20.417
2014-04-22,49.375,74.042,24.667,4.375,18.75
2014-04-23,36.583,67.083,30.5,4.696,15.739
2014-04-24,27.458,30.25,2.792,1.875,12.875
2014-04-25,21.708,24.5,2.792,1.583,11.875
2014-04-26,9.5,9.958,0.458,1.0,10.667
2014-04-27,7.5,7.625,0.125,1.042,10.417
2014-04-28,7.174,7.565,0.391,0.565,10.125
2014-04-29,16.458,18.542,2.083,1.083,9.542
2014-04-30,19.913,32.522,12.609,1.625,11.087
2014-05-01,15.5,17.0,1.5,2.583,11.167
2014-05-02,18.625,20.25,1.625,3.042,20.75
2014-05-03,21.792,23.917,2.125,1.875,18.792
2014-05-04,8.333,8.667,0.333,1.25,8.375
2014-05-05,9.522,10.043,0.522,2.043,12.125
2014-05-06,15.25,17.083,1.833,2.792,11.5
2014-05-07,18.625,21.458,2.833,2.125,8.875
2014-05-08,10.958,11.333,0.375,1.208,16.208
2014-05-09,16.458,18.458,2.0,1.5,12.958
2014-05-10,18.0,19.0,1.0,1.696,11.0
2014-05-11,5.875,6.083,0.208,2.0,10.792
2014-05-12,12.0,12.476,0.476,0.565,12.583
2014-05-13,29.625,33.583,3.958,4.292,25.25
2014-05-14,28.0,33.708,5.708,1.042,18.708
2014-05-15,19.458,21.333,1.875,1.375,20.542
2014-05-16,19.792,24.5,4.708,2.042,15.583
2014-05-17,29.583,31.875,2.292,6.417,29.167
2014-05-18,23.0,24.167,1.167,4.292,33.0
2014-05-19,7.565,7.957,0.391,1.087,23.25
2014-05-20,10.125,10.583,0.458,0.435,16.478
2014-05-21,11.125,12.375,1.25,1.542,14.792
2014-05-22,20.25,22.375,2.125,7.167,27.708
2014-05-23,26.167,28.208,2.042,2.542,9.667
2014-05-24,12.792,13.458,0.667,1.708,11.875
2014-05-25,5.917,6.208,0.292,1.125,9.583
2014-05-26,14.318,15.818,1.5,0.818,18.833
2014-05-27,32.667,38.583,5.917,4.833,26.833
2014-05-28,19.125,22.125,3.0,5.917,22.333
2014-05-29,17.0,18.792,1.792,3.875,35.5
2014-05-30,13.75,14.375,0.625,3.667,43.792
2014-05-31,24.5,27.042,2.542,6.208,47.208
2014-06-01,24.833,28.458,3.625,9.917,42.625
2014-06-02,8.478,9.261,0.783,1.261,24.083
2014-06-03,10.125,10.833,0.708,0.957,10.13
2014-06-04,12.625,13.292,0.667,0.333,10.542
2014-06-05,11.5,12.667,1.167,0.417,4.792
2014-06-06,17.542,22.5,4.958,1.292,8.833
2014-06-07,17.375,25.625,8.25,1.417,6.792
2014-06-08,18.667,26.5,7.833,3.042,14.208
2014-06-09,11.955,13.773,1.818,1.957,15.292
2014-06-10,9.5,10.292,0.792,0.333,15.292
2014-06-11,16.958,21.042,4.083,3.0,14.917
2014-06-12,8.667,10.667,2.0,0.5,5.625
2014-06-13,10.167,10.792,0.625,2.667,13.083
2014-06-14,17.708,18.417,0.708,3.875,36.75
2014-06-15,16.667,17.833,1.167,4.792,31.75
2014-06-16,21.435,24.957,3.522,3.826,27.542
2014-06-17,24.875,29.208,4.333,1.375,22.792
2014-06-18,11.0,12.542,1.542,0.304,11.13
2014-06-19,15.833,23.833,8.0,1.792,17.125
2014-06-20,8.833,9.292,0.458,1.042,10.958
2014-06-21,10.625,11.583,0.958,0.583,12.75
2014-06-22,13.542,15.625,2.083,1.625,7.917
2014-06-23,18.435,23.13,4.696,1.913,10.042
2014-06-24,13.783,16.0,2.217,2.083,12.958
2014-06-25,22.292,26.833,4.542,3.083,18.25
2014-06-26,7.417,7.75,0.333,1.375,20.25
2014-06-27,12.5,13.667,1.167,0.875,15.792
2014-06-28,16.75,19.958,3.208,1.958,11.875
2014-06-29,10.833,11.458,0.625,3.625,21.125
2014-06-30,25.478,28.783,3.304,2.591,17.565
2014-07-01,25.542,28.292,2.75,2.292,31.458
2014-07-02,21.458,30.583,9.125,2.375,26.875
2014-07-03,11.083,11.583,0.5,0.167,7.75
2014-07-04,17.667,24.292,6.625,1.042,11.167
2014-07-05,8.083,8.833,0.75,0.458,11.75
2014-07-06,8.875,9.25,0.375,0.458,8.542
2014-07-07,14.13,18.696,4.565,0.261,12.708
2014-07-08,7.348,11.739,4.391,0.125,14.292
2014-07-09,6.208,7.792,1.583,0.5,11.167
2014-07-10,8.917,12.0,3.083,0.625,10.292
2014-07-11,21.25,23.75,2.5,4.083,32.125
2014-07-12,19.333,21.25,1.917,4.375,26.875
2014-07-13,12.333,13.375,1.042,2.208,16.625
2014-07-14,21.783,27.261,5.478,1.826,11.917
2014-07-15,19.167,26.542,7.375,1.5,15.864
2014-07-16,17.75,23.042,5.292,3.208,18.792
2014-07-17,24.417,47.583,23.167,4.792,19.958
2014-07-18,22.583,43.25,20.667,3.875,15.5
2014-07-19,13.417,31.708,18.292,2.083,12.792
2014-07-20,22.083,33.833,11.75,2.458,14.583
2014-07-21,7.435,8.391,0.957,2.391,21.667
2014-07-22,8.652,10.261,1.609,4.417,27.917
2014-07-23,15.875,27.292,11.417,3.292,19.958
2014-07-24,12.625,16.5,3.875,2.375,19.625
2014-07-25,13.375,23.292,9.917,8.167,21.458
2014-07-26,10.333,14.5,4.167,4.917,25.292
2014-07-27,12.75,17.667,4.917,2.292,17.042
2014-07-28,21.783,24.696,2.913,2.0,9.87
2014-07-29,9.75,10.542,0.792,1.875,22.917
2014-07-30,8.792,9.667,0.875,1.5,16.25
2014-07-31,10.75,12.417,1.667,1.208,9.208
2014-08-01,10.5,12.833,2.333,1.25,8.917
2014-08-02,5.333,6.542,1.208,0.0,6.25
2014-08-03,3.458,3.875,0.417,0.042,11.458
2014-08-04,7.682,9.045,1.364,0.957,17.625
2014-08-05,15.583,20.75,5.167,1.667,12.542
2014-08-06,9.167,10.667,1.5,1.417,13.375
2014-08-07,8.208,9.875,1.667,0.708,6.458
2014-08-08,6.208,7.417,1.208,0.5,6.458
2014-08-09,2.542,2.958,0.417,0.0,1.833
2014-08-10,9.542,11.167,1.625,1.208,3.333
2014-08-11,17.261,19.348,2.087,2.818,11.261
2014-08-12,24.208,37.625,13.417,2.25,12.75
2014-08-13,13.5,19.125,5.625,1.458,18.958
2014-08-14,6.458,7.0,0.542,1.167,21.917
2014-08-15,7.958,9.542,1.583,1.667,18.417
2014-08-16,11.0,13.375,2.375,2.167,10.0
2014-08-17,8.542,10.125,1.583,1.917,9.5
2014-08-18,7.227,8.682,1.455,1.565,9.208
2014-08-19,8.875,12.292,3.417,3.667,13.667
2014-08-20,7.75,12.833,5.083,2.125,8.5
2014-08-21,5.391,7.217,1.826,3.75,7.708
2014-08-22,14.083,17.25,3.167,1.75,7.083
2014-08-23,11.375,14.333,2.958,2.667,17.083
2014-08-24,10.542,11.917,1.375,2.958,18.375
2014-08-25,10.87,13.217,2.348,2.5,23.217
2014-08-26,13.875,16.333,2.458,1.292,6.583
2014-08-27,13.75,19.167,5.417,0.917,5.208
2014-08-28,20.458,26.542,6.083,1.458,8.208
2014-08-29,14.792,17.25,2.458,0.708,9.625
2014-08-30,18.458,22.458,4.0,2.375,12.5
2014-08-31,9.042,9.833,0.792,1.75,10.25
2014-09-01,15.045,16.773,1.727,1.478,16.667
2014-09-02,13.25,16.708,3.458,0.875,16.083
2014-09-03,8.167,8.792,0.625,1.333,17.125
2014-09-04,15.5,17.542,2.042,1.208,9.333
2014-09-05,30.0,42.875,12.875,2.708,13.208
2014-09-06,14.167,17.792,3.625,1.125,11.625
2014-09-07,12.167,13.042,0.875,1.542,9.833
2014-09-08,13.391,15.261,1.87,1.348,10.75
2014-09-09,29.333,37.375,8.042,2.174,12.609
2014-09-10,28.917,33.292,4.375,3.042,20.958
2014-09-11,19.0,21.875,2.875,2.167,19.958
2014-09-12,6.75,7.333,0.583,0.583,5.583
2014-09-13,6.125,6.583,0.458,0.875,4.167
2014-09-14,8.958,10.042,1.083,0.875,4.833
2014-09-15,11.87,13.087,1.217,0.87,7.167
2014-09-16,18.5,21.833,3.333,2.875,8.583
2014-09-17,16.25,17.5,1.25,1.792,11.542
2014-09-18,14.583,15.5,0.917,1.292,7.125
2014-09-19,8.542,9.083,0.542,1.333,7.667
2014-09-20,15.261,16.826,1.565,0.917,5.583
2014-09-21,9.375,10.0,0.625,1.917,8.792
2014-09-22,15.696,16.826,1.13,3.13,19.417
2014-09-23,8.667,9.125,0.458,1.458,11.167
2014-09-24,8.75,9.375,0.625,0.913,11.739
2014-09-25,10.708,11.708,1.0,0.542,4.667
2014-09-26,16.292,19.125,2.833,0.917,6.583
2014-09-27,24.958,30.542,5.583,1.792,12.542
2014-09-28,21.125,24.375,3.25,2.292,14.375
2014-09-29,29.957,34.565,4.609,1.87,26.625
2014-09-30,27.522,36.0,8.478,1.458,24.542
2014-10-01,11.583,12.875,1.292,0.875,12.125
2014-10-02,16.292,18.333,2.042,0.542,15.625
2014-10-03,12.042,14.333,2.292,1.458,18.292
2014-10-04,4.917,5.292,0.375,0.333,7.583
2014-10-05,3.25,3.542,0.292,0.042,5.333
2014-10-06,7.391,8.348,0.957,0.13,4.25
2014-10-07,12.083,14.292,2.208,0.667,5.958
2014-10-08,16.909,18.682,1.773,1.045,8.783
2014-10-09,11.75,12.917,1.167,1.458,9.458
2014-10-10,7.0,7.583,0.583,1.083,11.125
2014-10-11,4.375,4.667,0.292,0.292,10.208
2014-10-12,6.042,6.333,0.292,0.917,11.708
2014-10-13,1.826,1.826,0.0,0.043,3.333
2014-10-14,7.083,8.292,1.208,0.25,6.458
2014-10-15,14.792,17.292,2.5,0.542,5.542
2014-10-16,27.174,44.174,17.0,2.125,17.333
2014-10-17,24.083,29.958,5.875,1.792,14.875
2014-10-18,25.583,34.333,8.75,2.25,12.667
2014-10-19,13.583,15.0,1.417,1.792,12.333
2014-10-20,12.522,13.913,1.391,1.318,14.522
2014-10-21,11.083,13.292,2.208,2.0,16.458
2014-10-22,14.583,16.958,2.375,0.583,6.292
2014-10-23,15.917,20.333,4.417,0.792,4.25
2014-10-24,18.708,23.333,4.625,3.25,12.667
2014-10-25,15.833,19.333,3.5,2.667,12.458
2014-10-26,12.125,13.25,1.125,1.0,13.167
2014-10-27,12.087,14.217,2.13,0.696,15.583
2014-10-28,20.0,23.652,3.652,1.583,11.292
2014-10-29,13.333,14.667,1.333,1.5,10.125
2014-10-30,14.75,16.667,1.917,2.25,12.333
2014-10-31,13.042,14.125,1.083,1.958,13.167
2014-11-01,16.208,20.708,4.5,0.917,13.625
2014-11-02,11.958,13.0,1.042,1.708,10.708
2014-11-03,8.304,9.043,0.739,0.957,8.542
2014-11-04,15.542,18.417,2.875,1.304,7.739
2014-11-05,24.708,36.292,11.583,2.167,9.292
2014-11-06,24.167,51.25,27.083,2.917,8.083
2014-11-07,19.917,27.333,7.417,1.333,16.958
2014-11-08,8.333,8.958,0.625,2.0,14.542
2014-11-09,10.208,11.208,1.0,0.292,9.333
2014-11-10,16.043,20.13,4.087,0.652,7.042
2014-11-11,17.304,23.783,6.478,1.417,8.917
2014-11-12,26.25,35.542,9.292,2.25,17.458
2014-11-13,7.25,10.708,3.458,1.042,5.625
2014-11-14,14.417,17.542,3.125,1.583,8.708
2014-11-15,18.125,27.208,9.083,1.792,8.625
2014-11-16,19.833,22.875,3.042,2.458,7.833
2014-11-17,28.579,43.579,15.0,1.136,14.783
2014-11-18,19.792,29.542,9.75,1.25,10.708
2014-11-19,26.542,35.292,8.75,1.167,7.417
2014-11-20,25.667,33.875,8.208,3.167,10.333
2014-11-21,19.375,25.792,6.417,3.208,15.917
2014-11-22,19.25,24.208,4.958,2.167,15.75
2014-11-23,19.458,23.25,3.792,1.042,11.667
2014-11-24,13.391,16.739,3.348,1.87,13.583
2014-11-25,10.696,12.174,1.478,0.458,6.833
2014-11-26,21.083,29.708,8.625,0.667,5.25
2014-11-27,19.542,35.833,16.292,0.5,5.875
2014-11-28,15.0,19.458,4.458,0.75,8.833
2014-11-29,11.75,13.5,1.75,0.667,9.042
2014-11-30,11.292,12.083,0.792,0.292,3.5
2014-12-01,16.826,22.652,5.826,2.091,11.174
2014-12-02,10.0,12.75,2.75,1.667,6.333
2014-12-03,21.875,27.958,6.083,2.542,10.875
2014-12-04,12.75,15.042,2.292,1.583,6.083
2014-12-05,13.417,16.833,3.417,1.792,3.375
2014-12-06,9.333,11.208,1.875,1.833,4.583
2014-12-07,15.417,18.625,3.208,1.625,5.917
2014-12-08,22.682,36.773,14.091,0.783,8.208
2014-12-09,28.0,53.875,25.875,1.417,9.125
2014-12-10,17.708,22.375,4.667,1.625,4.875
2014-12-11,16.667,19.625,2.958,1.25,13.417
2014-12-12,20.583,32.208,11.625,1.417,11.292
2014-12-13,11.0,13.167,2.167,1.667,8.25
2014-12-14,7.917,8.958,1.042,1.25,3.417
2014-12-15,27.391,43.826,16.435,2.455,10.087
2014-12-16,19.042,23.958,4.917,1.917,9.833
2014-12-17,19.083,32.5,13.417,2.0,6.417
2014-12-18,25.458,37.458,12.0,2.167,4.25
2014-12-19,15.417,17.833,2.417,1.458,3.333
2014-12-20,19.375,23.042,3.667,1.167,10.875
2014-12-21,8.958,9.958,1.0,0.833,3.708
2014-12-22,10.545,13.591,3.045,1.652,9.125
2014-12-23,17.292,23.875,6.583,1.583,7.958
2014-12-24,32.042,80.167,48.125,2.458,17.333
2014-12-25,15.375,19.417,4.042,1.25,9.5
2014-12-26,22.25,44.0,21.75,0.875,5.667
2014-12-27,16.125,19.375,3.25,0.583,4.458
2014-12-28,16.875,20.0,3.125,2.125,10.167
2014-12-29,17.478,27.348,9.87,2.227,18.739
2014-12-30,26.75,38.833,12.083,3.542,28.5
2014-12-31,23.333,42.167,18.833,2.958,19.792
2015-01-01,22.083,31.042,8.958,2.25,14.208
2015-01-02,30.125,38.0,7.875,2.833,19.417
2015-01-03,24.375,32.208,7.833,2.583,17.375
2015-01-04,20.609,31.87,11.261,2.273,24.435
2015-01-05,26.208,39.208,13.0,1.292,14.375
2015-01-06,27.167,39.333,12.167,1.667,10.75
2015-01-07,15.083,16.917,1.833,1.5,13.0
2015-01-08,14.708,16.917,2.208,2.208,9.458
2015-01-09,18.0,23.875,5.875,1.875,8.542
2015-01-10,19.792,33.458,13.667,1.542,7.667
2015-01-11,17.87,24.609,6.739,1.739,10.292
2015-01-12,13.174,17.435,4.261,1.043,4.652
2015-01-13,19.0,24.167,5.167,1.75,5.583
2015-01-14,17.75,21.042,3.292,1.708,9.75
2015-01-15,21.625,31.75,10.125,2.458,14.125
2015-01-16,20.667,22.875,2.208,1.792,16.5
2015-01-17,10.75,11.167,0.417,1.792,11.417
2015-01-18,14.391,17.043,2.652,2.565,7.583
2015-01-19,24.458,35.875,11.417,1.875,7.083
2015-01-20,14.375,17.833,3.458,1.375,7.583
2015-01-21,25.458,39.042,13.583,1.667,11.167
2015-01-22,14.417,16.917,2.5,1.25,5.167
2015-01-23,18.25,23.292,5.042,2.125,12.458
2015-01-24,10.458,13.167,2.708,2.042,7.333
2015-01-25,12.955,16.227,3.273,1.182,6.261
2015-01-26,31.0,38.083,7.083,1.5,16.833
2015-01-27,27.333,38.333,11.0,1.333,18.667
2015-01-28,30.083,59.708,29.625,0.167,16.167
2015-01-29,24.083,31.708,7.625,0.0,5.958
2015-01-30,9.75,10.917,1.167,0.083,3.318
2015-01-31,16.625,21.292,4.667,1.917,12.542
2015-02-01,18.696,22.652,3.957,2.0,21.708
2015-02-02,16.667,20.042,3.375,0.958,5.875
2015-02-03,17.5,21.5,4.0,1.292,5.583
2015-02-04,24.042,40.833,16.792,1.708,8.625
2015-02-05,28.5,44.917,16.417,2.083,10.875
2015-02-06,20.667,27.875,7.208,1.292,9.167
2015-02-07,9.083,10.042,0.958,0.792,5.333
2015-02-08,15.727,20.773,5.045,1.5,8.87
2015-02-09,20.208,23.75,3.542,2.333,15.875
2015-02-10,33.708,51.25,17.542,2.208,10.25
2015-02-11,21.917,29.125,7.208,2.0,9.542
2015-02-12,14.25,15.167,0.917,1.708,9.375
2015-02-13,13.25,14.25,1.0,0.0,5.875
2015-02-14,10.167,10.75,0.583,0.208,11.667
2015-02-15,8.609,10.087,1.478,1.304,7.25
2015-02-16,13.542,16.042,2.5,1.417,8.667
2015-02-17,12.792,14.583,1.792,1.292,7.0
2015-02-18,27.417,40.125,12.708,2.083,7.833
2015-02-19,32.917,68.125,35.208,2.042,11.25
2015-02-20,12.583,13.417,0.833,0.792,6.917
2015-02-21,5.083,5.583,0.5,1.042,9.25
2015-02-22,17.522,19.435,1.913,1.783,5.5
2015-02-23,27.0,34.783,7.783,0.87,10.565
2015-02-24,17.5,21.458,3.958,0.5,13.833
2015-02-25,9.875,11.042,1.167,0.5,4.083
2015-02-26,30.917,45.375,14.458,2.375,16.458
2015-02-27,31.792,37.958,6.167,2.042,26.167
2015-02-28,14.5,19.042,4.542,2.708,26.292
2015-03-01,16.292,19.667,3.375,1.5,13.5
2015-03-02,32.267,66.6,34.333,2.6,15.5
2015-03-03,29.917,32.833,2.917,3.167,16.375
2015-03-04,21.875,24.458,2.583,1.208,16.333
2015-03-05,12.25,13.167,0.917,1.042,20.25
2015-03-06,6.958,7.167,0.208,0.0,14.708
2015-03-07,29.318,48.182,18.864,3.318,16.478
2015-03-08,18.458,30.458,12.0,1.583,30.167
2015-03-09,8.5,9.125,0.625,0.583,11.333
2015-03-10,13.208,15.75,2.542,1.167,6.208
2015-03-11,9.375,11.625,2.25,1.25,6.217
2015-03-12,14.458,16.75,2.292,1.375,4.0
2015-03-13,11.0,11.75,0.75,1.667,8.0
2015-03-14,8.609,9.391,0.783,0.696,13.167
2015-03-15,21.333,25.042,3.708,1.833,14.167
2015-03-16,27.875,34.875,7.0,5.667,11.292
2015-03-17,25.0,37.542,12.542,2.708,12.792
2015-03-18,9.333,9.833,0.5,0.458,5.542
2015-03-19,18.833,22.5,3.667,1.25,21.375
2015-03-20,12.208,13.958,1.75,0.958,15.083
2015-03-21,14.348,16.304,1.957,1.13,4.333
2015-03-22,34.958,64.833,29.875,4.708,7.609
2015-03-23,26.458,37.875,11.417,2.292,18.5
2015-03-24,7.667,8.083,0.417,0.208,9.458
2015-03-25,14.174,16.261,2.087,1.087,4.818
2015-03-26,19.625,23.417,3.792,1.917,9.917
2015-03-27,18.875,21.542,2.667,1.958,16.208
2015-03-28,24.565,27.348,2.783,2.87,23.958
2015-03-29,29.375,34.792,5.417,2.583,21.0
2015-03-30,26.167,27.25,1.083,2.5,23.833
2015-03-31,29.458,41.875,12.417,2.583,26.625
2015-04-01,13.826,15.565,1.739,1.75,18.917
2015-04-02,9.708,10.25,0.542,0.583,7.333
2015-04-03,10.042,13.083,3.042,0.583,14.333
2015-04-04,23.542,27.875,4.333,2.625,12.458
2015-04-05,15.292,18.167,2.875,2.833,13.333
2015-04-06,21.565,34.217,12.652,1.682,12.87
2015-04-07,8.25,9.083,0.833,0.417,5.542
2015-04-08,6.958,7.542,0.583,0.667,8.75
2015-04-09,19.042,21.333,2.292,3.542,9.375
2015-04-10,8.083,8.583,0.5,0.083,5.333
2015-04-11,19.458,26.333,6.875,1.292,4.208
2015-04-12,7.208,7.5,0.292,1.25,6.917
2015-04-13,9.391,10.043,0.652,0.217,4.667
2015-04-14,17.522,27.565,10.043,1.083,11.25
2015-04-15,21.5,24.208,2.708,2.75,19.042
2015-04-16,27.708,34.792,7.083,4.25,26.208
2015-04-17,12.917,13.75,0.833,1.042,21.583
2015-04-18,19.583,23.833,4.25,1.958,18.0
2015-04-19,5.833,6.208,0.375,0.583,24.042
2015-04-20,9.522,12.13,2.609,0.739,11.625
2015-04-21,16.292,18.083,1.792,1.333,5.5
2015-04-22,28.739,40.043,11.304,3.565,13.391
2015-04-23,34.375,38.167,3.792,5.083,20.375
2015-04-24,45.917,55.625,9.708,5.125,26.125
2015-04-25,37.292,47.167,9.875,4.042,28.0
2015-04-26,30.208,33.958,3.75,4.542,23.375
2015-04-27,15.636,17.227,1.591,3.174,19.708
2015-04-28,8.375,8.833,0.458,0.792,14.25
2015-04-29,6.708,7.25,0.542,0.417,5.875
2015-04-30,15.042,17.625,2.583,0.292,11.375
2015-05-01,16.25,20.0,3.75,2.167,9.833
2015-05-02,6.833,7.5,0.667,0.458,9.583
2015-05-03,3.667,3.792,0.125,0.0,5.833
2015-05-04,7.913,8.826,0.913,0.696,12.75
2015-05-05,16.417,17.375,0.958,1.458,16.75
2015-05-06,18.625,21.167,2.542,1.792,15.417
2015-05-07,17.708,19.375,1.667,1.625,8.333
2015-05-08,27.75,38.333,10.583,3.375,11.583
2015-05-09,11.417,12.042,0.625,0.957,8.217
2015-05-10,22.542,26.958,4.417,2.5,12.167
2015-05-11,7.565,8.043,0.478,1.087,15.417
2015-05-12,14.435,17.087,2.652,0.833,10.667
2015-05-13,31.0,39.667,8.667,2.958,22.458
2015-05-14,27.958,35.708,7.75,3.75,19.0
2015-05-15,11.333,13.542,2.208,1.375,17.417
2015-05-16,19.125,23.0,3.875,1.125,17.083
2015-05-17,17.708,22.667,4.958,1.5,17.458
2015-05-18,12.261,12.957,0.696,0.261,10.292
2015-05-19,25.208,27.917,2.708,1.696,9.652
2015-05-20,22.208,32.833,10.625,1.917,19.75
2015-05-21,21.583,25.917,4.333,1.458,6.958
2015-05-22,29.833,40.292,10.458,5.292,12.542
2015-05-23,10.25,10.917,0.667,1.25,7.042
2015-05-24,19.625,21.625,2.0,2.292,7.167
2015-05-25,25.304,28.609,3.304,3.565,13.083
2015-05-26,36.0,42.739,6.739,3.792,16.75
2015-05-27,46.208,58.292,12.083,5.458,19.0
2015-05-28,25.583,26.708,1.125,2.333,19.667
2015-05-29,27.792,29.583,1.792,4.125,24.708
2015-05-30,24.417,26.375,1.958,3.25,21.167
2015-05-31,18.583,23.042,4.458,1.667,15.875
2015-06-01,16.565,19.478,2.913,2.304,19.792
2015-06-02,6.0,6.565,0.565,4.565,27.043
2015-06-03,12.542,14.5,1.958,0.625,8.375
2015-06-04,27.458,32.417,4.958,1.083,5.125
2015-06-05,18.739,20.696,1.957,0.304,6.261
2015-06-06,8.417,9.25,0.833,0.667,2.458
2015-06-07,5.25,5.625,0.375,0.958,4.625
2015-06-08,13.087,14.522,1.435,0.304,7.833
2015-06-09,24.167,32.708,8.542,1.625,5.333
2015-06-10,18.583,34.333,15.75,1.792,12.208
2015-06-11,13.75,14.625,0.875,0.083,6.833
2015-06-12,23.542,30.083,6.542,2.625,29.417
2015-06-13,13.0,14.167,1.167,2.333,31.917
2015-06-14,5.083,5.25,0.167,1.083,14.458
2015-06-15,11.174,12.783,1.609,1.739,11.0
2015-06-16,26.167,34.167,8.0,1.833,18.792
2015-06-17,16.043,23.043,7.0,1.391,23.217
2015-06-18,7.292,7.667,0.375,0.0,8.125
2015-06-19,14.5,15.625,1.125,1.375,6.542
2015-06-20,15.125,18.292,3.167,2.375,10.542
2015-06-21,11.5,13.333,1.833,1.208,9.375
2015-06-22,13.913,15.913,2.0,1.435,14.25
2015-06-23,10.625,11.417,0.792,0.875,19.833
2015-06-24,13.667,15.708,2.042,3.375,23.0
2015-06-25,12.042,13.292,1.25,1.833,18.542
2015-06-26,11.875,13.167,1.292,0.708,11.042
2015-06-27,14.875,16.833,1.958,1.333,5.875
2015-06-28,11.75,12.833,1.083,1.042,10.083
2015-06-29,7.045,7.909,0.864,1.136,6.391
2015-06-30,8.708,9.292,0.583,0.375,7.542
2015-07-01,14.208,15.583,1.375,1.125,10.417
2015-07-02,12.375,13.375,1.0,2.208,15.208
2015-07-03,20.333,24.167,3.833,2.792,13.208
2015-07-04,14.292,15.083,0.792,1.083,14.25
2015-07-05,18.042,21.667,3.625,2.417,16.458
2015-07-06,19.913,24.652,4.739,2.696,22.417
2015-07-07,15.333,17.208,1.875,0.375,13.792
2015-07-08,20.333,25.208,4.875,1.25,19.75
2015-07-09,24.167,32.25,8.083,3.167,20.542
2015-07-10,8.292,11.542,3.25,0.542,11.0
2015-07-11,5.625,7.333,1.708,0.375,13.417
2015-07-12,3.75,4.292,0.542,0.0,11.292
2015-07-13,6.818,7.909,1.091,0.045,12.609
2015-07-14,19.792,23.583,3.792,1.625,9.458
2015-07-15,11.208,17.25,6.042,1.375,10.292
2015-07-16,4.25,4.917,0.667,0.042,10.042
2015-07-17,11.042,16.458,5.417,0.958,2.958
2015-07-18,9.417,12.542,3.125,1.625,5.667
2015-07-19,4.25,4.875,0.625,0.583,7.208
2015-07-20,3.696,4.304,0.609,0.174,5.167
2015-07-21,4.958,6.25,1.292,0.375,4.333
2015-07-22,11.5,14.125,2.625,0.833,5.958
2015-07-23,9.083,11.167,2.083,0.958,6.625
2015-07-24,6.958,9.042,2.083,0.708,6.167
2015-07-25,3.0,4.25,1.25,0.0,6.458
2015-07-26,3.042,3.625,0.583,0.208,7.75
2015-07-27,11.913,15.043,3.13,2.435,15.083
2015-07-28,24.667,34.917,10.25,3.5,26.5
2015-07-29,22.542,27.625,5.083,3.125,35.042
2015-07-30,22.87,33.913,11.043,2.652,32.208
2015-07-31,22.667,29.042,6.375,2.375,25.25
2015-08-01,21.667,30.042,8.375,2.0,25.083
2015-08-02,16.708,19.75,3.042,3.167,31.875
2015-08-03,22.826,28.13,5.304,3.783,34.0
2015-08-04,16.333,18.625,2.292,4.292,36.25
2015-08-05,12.625,14.708,2.083,6.083,42.875
2015-08-06,9.458,11.333,1.875,2.083,25.917
2015-08-07,9.25,11.958,2.708,1.083,9.333
2015-08-08,15.25,20.958,5.708,2.75,14.958
2015-08-09,22.0,33.375,11.375,3.333,22.0
2015-08-10,20.391,27.739,7.348,3.087,23.083
2015-08-11,16.375,17.917,1.542,2.0,25.792
2015-08-12,16.125,18.583,2.458,0.625,15.375
2015-08-13,8.5,11.375,2.875,0.333,7.708
2015-08-14,10.174,12.652,2.478,1.652,13.217
2015-08-15,14.542,17.417,2.875,1.75,25.333
2015-08-16,10.75,11.167,0.417,2.083,24.167
2015-08-17,15.0,17.087,2.087,0.696,9.417
2015-08-18,14.667,17.958,3.292,2.542,10.792
2015-08-19,14.333,16.5,2.167,0.292,10.542
2015-08-20,17.792,30.167,12.375,1.667,12.333
2015-08-21,9.458,15.917,6.458,1.208,15.333
2015-08-22,11.75,13.875,2.125,1.333,6.625
2015-08-23,16.625,24.25,7.625,1.542,11.583
2015-08-24,7.652,8.13,0.478,1.522,11.833
2015-08-25,6.667,7.042,0.375,1.083,10.875
2015-08-26,19.917,23.542,3.625,2.333,9.0
2015-08-27,21.917,31.625,9.708,3.167,13.333
2015-08-28,25.913,30.565,4.652,1.739,13.087
2015-08-29,12.042,13.042,1.0,1.167,16.458
2015-08-30,16.75,21.708,4.958,1.875,20.458
2015-08-31,8.739,9.87,1.13,0.087,8.833
2015-09-01,12.542,14.75,2.208,1.167,6.5
2015-09-02,12.542,20.083,7.542,1.333,12.792
2015-09-03,15.292,18.792,3.5,1.792,15.833
2015-09-04,14.333,15.583,1.25,1.333,23.708
2015-09-05,13.292,14.667,1.375,0.667,19.458
2015-09-06,6.208,6.583,0.375,0.0,5.958
2015-09-07,7.565,9.348,1.783,0.043,4.083
2015-09-08,10.25,11.75,1.5,0.25,4.792
2015-09-09,15.208,18.042,2.833,0.542,4.667
2015-09-10,6.522,7.087,0.565,0.087,2.652
2015-09-11,26.958,37.792,10.833,1.917,8.0
2015-09-12,18.167,22.0,3.833,1.958,12.417
2015-09-13,8.375,9.083,0.708,0.458,5.875
2015-09-14,16.043,17.043,1.0,0.609,5.417
2015-09-15,10.708,11.333,0.625,1.292,7.125
2015-09-16,12.417,13.333,0.917,1.0,10.458
2015-09-17,10.917,12.208,1.292,0.583,6.417
2015-09-18,13.75,17.75,4.0,2.0,5.667
2015-09-19,17.083,21.833,4.75,1.667,7.391
2015-09-20,19.167,25.542,6.375,2.333,9.292
2015-09-21,11.957,13.087,1.13,1.261,10.125
2015-09-22,9.583,10.208,0.625,1.417,11.958
2015-09-23,6.917,7.333,0.417,0.75,13.292
2015-09-24,6.0,6.458,0.458,0.0,6.208
2015-09-25,16.208,21.667,5.458,2.0,6.458
2015-09-26,16.261,20.348,4.087,1.957,7.435
2015-09-27,13.917,14.958,1.042,0.917,12.667
2015-09-28,17.13,19.478,2.348,1.696,16.625
2015-09-29,21.364,24.773,3.409,1.955,12.091
2015-09-30,8.208,8.833,0.625,0.667,6.208
2015-10-01,8.875,9.875,1.0,0.833,9.5
2015-10-02,12.125,13.625,1.5,1.333,9.875
2015-10-03,14.292,16.417,2.125,2.375,8.958
2015-10-04,16.917,19.833,2.917,3.167,16.375
2015-10-05,10.435,11.652,1.217,0.261,5.417
2015-10-06,13.917,17.583,3.667,0.583,5.167
2015-10-07,13.292,15.25,1.958,0.667,4.292
2015-10-08,21.957,27.957,6.0,1.304,10.174
2015-10-09,33.792,53.25,19.458,2.917,22.958
2015-10-10,21.333,25.042,3.708,1.5,11.167
2015-10-11,14.333,15.708,1.375,1.583,8.792
2015-10-12,15.87,17.696,1.826,1.652,8.667
2015-10-13,14.583,18.125,3.542,0.458,4.458
2015-10-14,35.625,51.042,15.417,4.333,9.958
2015-10-15,24.75,32.667,7.917,1.25,13.042
2015-10-16,28.542,35.667,7.125,2.5,17.75
2015-10-17,28.75,38.583,9.833,2.833,15.625
2015-10-18,29.958,36.458,6.5,3.667,15.458
2015-10-19,30.217,46.261,16.043,2.609,19.083
2015-10-20,37.333,47.417,10.083,5.125,18.125
2015-10-21,15.792,16.875,1.083,1.542,31.0
2015-10-22,25.75,30.875,5.125,1.583,25.5
2015-10-23,16.609,17.826,1.217,1.087,22.957
2015-10-24,17.25,19.375,2.125,1.667,27.625
2015-10-25,8.125,8.708,0.583,0.25,11.667
2015-10-26,7.391,8.261,0.87,1.048,8.273
2015-10-27,12.125,13.0,0.875,1.417,9.125
2015-10-28,9.542,10.625,1.083,0.792,9.875
2015-10-29,22.5,30.708,8.208,1.75,15.625
2015-10-30,19.208,29.458,10.25,1.333,13.083
2015-10-31,12.458,14.417,1.958,0.833,3.917
2015-11-01,6.083,6.333,0.25,1.083,5.75
2015-11-02,14.455,17.136,2.682,0.455,6.739
2015-11-03,21.792,27.083,5.292,0.958,15.542
2015-11-04,13.042,14.625,1.583,0.833,8.458
2015-11-05,23.792,31.75,7.958,1.167,9.542
2015-11-06,29.625,44.875,15.25,2.292,11.75
2015-11-07,12.375,14.583,2.208,0.792,11.958
2015-11-08,8.292,8.917,0.625,0.208,7.25
2015-11-09,16.174,19.348,3.174,0.522,3.792
2015-11-10,10.0,12.083,2.083,0.167,3.5
2015-11-11,8.375,9.083,0.708,0.333,2.417
2015-11-12,6.125,6.458,0.333,1.25,4.042
2015-11-13,10.0,10.792,0.792,0.417,4.0
2015-11-14,20.958,32.25,11.292,0.333,5.667
2015-11-15,9.292,10.167,0.875,0.167,4.542
2015-11-16,10.565,11.696,1.13,1.174,5.333
2015-11-17,18.632,20.474,1.842,0.8,7.05
2015-11-18,13.292,14.833,1.542,0.0,1.958
2015-11-19,18.167,23.042,4.875,0.417,3.333
2015-11-20,20.875,28.833,7.958,1.083,4.875
2015-11-21,14.125,17.0,2.875,0.958,5.208
2015-11-22,15.75,17.292,1.542,1.708,13.042
2015-11-23,15.739,17.826,2.087,2.087,14.667
2015-11-24,7.364,8.227,0.864,0.0,4.826
2015-11-25,6.583,7.542,0.958,0.375,5.0
2015-11-26,13.208,16.917,3.708,1.958,6.609
2015-11-27,17.042,23.458,6.417,2.083,6.818
2015-11-28,8.875,9.792,0.917,1.375,7.125
2015-11-29,14.333,16.75,2.417,1.0,8.875
2015-11-30,23.13,40.0,16.87,1.304,10.5
2015-12-01,27.542,45.25,17.708,1.292,13.833
2015-12-02,16.522,18.522,2.0,0.957,11.043
2015-12-03,19.625,23.667,4.042,2.0,15.167
2015-12-04,20.0,26.083,6.083,2.583,8.5
2015-12-05,14.375,17.625,3.25,1.958,8.667
2015-12-06,19.375,22.75,3.375,1.708,10.875
2015-12-07,18.739,23.391,4.652,0.826,10.0
2015-12-08,23.125,32.875,9.75,1.917,6.5
2015-12-09,13.042,14.333,1.292,1.0,4.583
2015-12-10,15.125,16.792,1.667,0.792,4.75
2015-12-11,9.917,11.125,1.208,0.083,4.625
2015-12-12,12.667,13.75,1.083,0.125,7.75
2015-12-13,12.917,15.625,2.708,0.333,4.348
2015-12-14,25.0,34.826,9.826,1.696,3.708
2015-12-15,19.783,24.652,4.87,1.0,6.435
2015-12-16,15.958,19.458,3.5,1.375,13.375
2015-12-17,8.917,10.25,1.333,1.083,6.375
2015-12-18,15.833,25.875,10.042,1.25,4.083
2015-12-19,17.25,32.292,15.042,1.083,5.042
2015-12-20,9.083,10.042,0.958,1.375,5.958
2015-12-21,21.739,32.261,10.522,0.478,9.542
2015-12-22,25.667,48.375,22.708,0.75,7.958
2015-12-23,14.125,17.208,3.083,0.875,10.125
2015-12-24,25.042,43.458,18.417,1.583,11.0
2015-12-25,14.625,17.708,3.083,1.167,14.167
2015-12-26,26.167,38.125,11.958,3.292,19.25
2015-12-27,16.583,19.542,2.958,1.875,28.292
2015-12-28,20.455,30.182,9.727,1.591,7.955
2015-12-29,16.375,24.083,7.708,1.583,6.0
2015-12-30,24.875,30.833,5.958,1.708,7.292
2015-12-31,18.375,25.333,6.958,1.625,15.458
2016-01-01,14.875,17.458,2.583,1.417,11.25
2016-01-02,19.348,26.522,7.174,1.043,15.917
2016-01-03,11.5,13.0,1.5,0.708,17.833
2016-01-04,17.042,20.542,3.5,1.542,16.625
2016-01-05,11.042,11.917,0.875,0.583,9.75
2016-01-06,14.667,17.417,2.75,0.667,6.087
2016-01-07,19.958,25.042,5.083,1.042,9.625
2016-01-08,9.917,11.125,1.208,0.333,5.625
2016-01-09,13.478,16.043,2.565,1.261,11.625
2016-01-10,21.565,34.391,12.826,1.261,14.652
2016-01-11,8.542,9.583,1.042,1.042,5.083
2016-01-12,21.833,26.417,4.583,2.917,11.583
2016-01-13,14.708,18.458,3.75,2.417,15.625
2016-01-14,10.958,13.792,2.833,1.792,6.083
2016-01-15,12.875,18.292,5.417,1.5,3.25
2016-01-16,8.739,10.043,1.304,0.217,2.333
2016-01-17,28.792,43.792,15.0,0.958,3.375
2016-01-18,25.125,35.458,10.333,1.542,4.917
2016-01-19,25.333,30.583,5.25,1.292,17.292
2016-01-20,22.625,25.917,3.292,2.0,16.708
2016-01-21,17.0,19.792,2.792,1.25,8.875
2016-01-22,9.958,11.75,1.792,0.958,10.125
2016-01-23,8.391,10.13,1.739,1.13,6.792
2016-01-24,10.708,12.167,1.458,0.583,5.25
2016-01-25,21.042,26.0,4.958,1.208,4.727
2016-01-26,38.875,58.583,19.708,2.458,8.125
2016-01-27,39.217,71.0,31.783,2.13,19.304
2016-01-28,29.25,38.5,9.25,1.25,7.417
2016-01-29,23.292,26.833,3.542,0.708,13.333
2016-01-30,18.636,23.182,4.545,0.909,15.182
2016-01-31,24.2,27.5,3.3,1.0,8.708
2016-02-01,22.083,32.542,10.458,1.125,8.292
2016-02-02,17.583,20.833,3.25,1.0,7.458
2016-02-03,26.917,47.25,20.333,1.625,6.583
2016-02-04,26.542,35.0,8.458,2.375,7.5
2016-02-05,15.958,17.458,1.5,1.458,8.208
2016-02-06,16.87,19.0,2.13,1.783,12.875
2016-02-07,11.261,14.261,3.0,0.87,5.435
2016-02-08,16.833,18.75,1.917,1.667,5.083
2016-02-09,17.208,19.958,2.75,1.375,6.125
2016-02-10,13.583,17.292,3.708,1.833,7.542
2016-02-11,9.042,12.0,2.958,1.375,5.958
2016-02-12,8.958,10.458,1.5,1.5,3.708
2016-02-13,24.304,38.304,14.0,1.609,5.75
2016-02-14,13.625,15.458,1.833,0.917,17.083
2016-02-15,37.833,61.208,23.375,1.75,9.042
2016-02-16,30.5,59.583,29.083,2.292,11.708
2016-02-17,31.875,38.417,6.542,2.542,25.042
2016-02-18,18.042,21.458,3.417,1.25,12.792
2016-02-19,16.167,18.708,2.542,1.958,5.792
2016-02-20,18.727,21.682,2.955,1.773,14.739
2016-02-21,8.833,9.75,0.917,0.833,8.083
2016-02-22,10.708,11.667,0.958,0.958,5.667
2016-02-23,21.292,24.417,3.125,1.458,7.5
2016-02-24,13.958,17.083,3.125,1.792,8.292
2016-02-25,20.917,26.375,5.458,2.042,11.417
2016-02-26,26.833,32.917,6.083,2.667,22.292
2016-02-27,15.522,16.609,1.087,1.261,5.917
2016-02-28,28.958,38.208,9.25,1.583,3.792
2016-03-01,30.0,38.625,8.625,2.375,11.375
2016-03-02,16.25,17.667,1.417,1.333,9.208
2016-03-03,35.0,45.25,10.25,2.458,14.75
2016-03-04,34.75,50.417,15.667,3.792,13.167
2016-03-05,30.625,36.5,5.875,2.875,10.542
2016-03-06,24.174,43.087,18.913,1.87,11.875
2016-03-07,12.609,14.391,1.783,1.609,10.565
2016-03-08,17.292,21.375,4.083,2.042,10.958
2016-03-09,20.0,23.583,3.583,2.542,11.542
2016-03-10,16.375,17.458,1.083,1.667,12.5
2016-03-11,29.625,39.5,9.875,2.792,9.875
2016-03-12,13.083,14.167,1.083,2.708,9.0
2016-03-13,25.304,29.435,4.13,3.522,10.375
2016-03-14,12.208,13.208,1.0,0.792,13.417
2016-03-15,8.125,8.708,0.583,0.583,6.875
2016-03-16,17.708,21.625,3.917,1.417,8.167
2016-03-17,30.417,41.542,11.125,2.25,12.375
2016-03-18,36.0,44.583,8.583,2.875,14.958
2016-03-19,37.417,50.0,12.583,4.875,18.958
2016-03-20,9.478,9.522,0.043,2.0,19.25
2016-03-21,10.125,11.833,1.708,0.667,8.75
2016-03-22,17.696,19.304,1.609,1.348,13.0
2016-03-23,28.917,34.417,5.5,2.542,11.708
2016-03-24,15.75,16.667,0.917,1.375,13.708
2016-03-25,7.708,8.25,0.542,1.125,6.583
2016-03-26,17.667,19.75,2.083,1.792,8.333
2016-03-27,10.696,11.826,1.13,0.957,9.583
2016-03-28,16.375,19.125,2.75,1.917,20.125
2016-03-29,16.5,17.208,0.708,3.125,15.583
2016-03-30,21.208,25.0,3.792,2.625,23.792
2016-03-31,5.208,5.292,0.083,1.042,6.75
2016-04-01,15.958,18.0,2.042,0.958,15.083
2016-04-02,15.083,22.458,7.375,0.917,10.625
2016-04-03,10.167,10.667,0.5,0.292,7.75
2016-04-04,15.348,21.13,5.783,1.522,5.583
2016-04-05,16.826,21.174,4.348,1.87,7.652
2016-04-06,24.292,31.125,6.833,2.042,8.833
2016-04-07,11.875,13.083,1.208,0.75,11.042
2016-04-08,26.083,34.875,8.792,1.917,11.875
2016-04-09,24.333,35.208,10.875,2.708,17.292
2016-04-10,25.417,32.333,6.917,4.208,17.958
2016-04-11,7.0,7.5,0.5,0.773,20.87
2016-04-12,6.75,7.25,0.5,1.333,12.208
2016-04-13,10.333,10.875,0.542,0.75,10.667
2016-04-14,21.333,29.583,8.25,1.917,12.042
2016-04-15,16.958,18.333,1.375,1.5,16.833
2016-04-16,12.5,13.292,0.792,1.333,12.333
2016-04-17,6.417,6.958,0.542,2.375,12.833
2016-04-18,11.13,12.174,1.043,1.304,13.917
2016-04-19,22.261,29.652,7.391,1.773,14.364
2016-04-20,18.833,20.5,1.667,1.875,16.917
2016-04-21,13.917,14.875,0.958,0.542,11.083
2016-04-22,16.208,18.083,1.875,1.542,9.208
2016-04-23,33.0,41.417,8.417,2.292,23.375
2016-04-24,20.792,23.875,3.083,2.333,19.625
2016-04-25,31.609,39.043,7.435,3.304,25.5
2016-04-26,24.917,40.125,15.208,2.667,21.708
2016-04-27,13.958,14.917,0.958,0.375,10.417
2016-04-28,10.375,12.042,1.667,0.417,5.042
2016-04-29,6.444,6.778,0.333,0.375,7.208
2016-04-30,,,,3.5,13.458
2016-05-01,,,,3.708,17.125
2016-05-02,4.75,4.75,0.0,3.182,22.391
2016-05-03,11.167,12.375,1.208,1.333,14.333
2016-05-04,14.292,15.125,0.833,3.208,18.917
2016-05-05,21.542,23.417,1.875,3.167,13.5
2016-05-06,8.792,8.875,0.083,0.583,12.375
2016-05-07,16.917,18.625,1.708,1.333,17.0
2016-05-08,7.75,8.125,0.375,0.833,20.958
2016-05-09,14.682,15.773,1.091,0.0,7.458
2016-05-10,15.542,17.5,1.958,0.0,5.5
2016-05-11,6.917,7.333,0.417,0.333,4.208
2016-05-12,20.625,27.583,6.958,1.333,8.125
2016-05-13,17.542,19.292,1.75,2.0,12.625
2016-05-14,23.125,26.875,3.75,2.417,17.667
2016-05-15,4.542,4.583,0.042,0.833,17.417
2016-05-16,7.045,7.5,0.455,0.091,10.478
2016-05-17,30.292,36.125,5.833,2.833,15.333
2016-05-18,34.708,44.042,9.333,2.708,16.708
2016-05-19,14.292,16.25,1.958,1.375,10.792
2016-05-20,19.458,21.958,2.5,1.542,14.792
2016-05-21,20.792,23.292,2.5,3.458,15.833
2016-05-22,14.792,15.583,0.792,1.958,20.125
2016-05-23,7.174,7.739,0.565,0.783,13.0
2016-05-24,6.792,7.208,0.417,0.917,12.5
2016-05-25,10.583,11.75,1.167,0.0,10.0
2016-05-26,22.333,28.125,5.792,0.958,12.375
2016-05-27,25.75,27.708,1.958,2.917,35.667
2016-05-28,24.75,27.25,2.5,1.417,29.875
2016-05-29,14.667,15.583,0.917,0.583,22.25
2016-05-30,15.0,16.409,1.409,1.318,19.783
2016-05-31,25.917,36.833,10.917,2.708,22.208
2016-06-01,18.75,20.542,1.792,1.708,14.292
2016-06-02,15.833,18.083,2.25,1.333,10.417
2016-06-03,12.333,14.75,2.417,1.208,9.0
2016-06-04,7.25,7.708,0.458,0.583,8.458
2016-06-05,4.208,4.375,0.167,0.042,3.5
2016-06-06,9.5,10.227,0.727,1.455,8.042
2016-06-07,12.625,14.25,1.625,0.458,5.958
2016-06-08,9.208,10.5,1.292,0.708,8.542
2016-06-09,21.792,26.083,4.292,2.208,17.625
2016-06-10,19.125,26.25,7.125,2.292,18.833
2016-06-11,5.792,6.542,0.75,0.667,11.625
2016-06-12,6.333,6.875,0.542,0.25,10.708
2016-06-13,13.818,18.091,4.273,1.227,5.391
2016-06-14,13.0,16.75,3.75,2.0,11.167
2016-06-15,6.917,7.5,0.583,1.042,10.292
2016-06-16,13.542,15.375,1.833,0.708,14.667
2016-06-17,20.208,21.375,1.167,2.542,18.5
2016-06-18,13.958,15.375,1.417,2.0,16.333
2016-06-19,8.542,9.375,0.833,0.958,13.5
2016-06-20,10.87,12.261,1.391,0.261,9.0
2016-06-21,15.958,19.333,3.375,1.208,8.375
2016-06-22,17.542,24.0,6.458,0.125,9.25
2016-06-23,17.667,24.708,7.042,1.583,10.25
2016-06-24,17.208,21.458,4.25,1.333,21.375
2016-06-25,24.0,27.542,3.542,2.667,19.792
2016-06-26,10.583,11.167,0.583,2.042,18.292
2016-06-27,14.818,16.318,1.5,0.727,15.87
2016-06-28,15.542,16.875,1.333,0.708,8.708
2016-06-29,19.25,22.375,3.125,0.458,8.625
2016-06-30,16.417,22.208,5.792,2.083,14.5
2016-07-01,8.917,10.292,1.375,2.708,16.25
2016-07-02,6.667,8.208,1.542,1.125,16.792
2016-07-03,12.792,22.458,9.667,1.75,20.0
2016-07-04,13.391,18.435,5.043,3.652,21.583
2016-07-05,7.542,11.167,3.625,2.5,16.875
2016-07-06,4.583,6.167,1.583,2.708,9.958
2016-07-07,7.75,10.708,2.958,1.875,10.458
2016-07-08,6.875,8.5,1.625,0.0,5.417
2016-07-09,11.333,16.75,5.417,1.208,10.478
2016-07-10,7.75,8.792,1.042,2.333,25.375
2016-07-11,11.5,13.773,2.273,2.5,14.87
2016-07-12,10.125,12.917,2.792,1.333,14.083
2016-07-13,14.083,16.75,2.667,1.292,10.208
2016-07-14,12.042,13.458,1.417,1.5,23.542
2016-07-15,6.5,7.542,1.042,0.5,6.167
2016-07-16,9.667,10.917,1.25,0.625,13.792
2016-07-17,7.667,8.583,0.917,1.042,17.583
2016-07-18,15.0,18.0,3.0,2.174,22.875
2016-07-19,17.458,18.583,1.125,3.25,25.25
2016-07-20,22.875,26.0,3.125,4.083,30.417
2016-07-21,17.125,21.333,4.208,1.75,17.833
2016-07-22,28.042,34.208,6.167,2.917,18.25
2016-07-23,9.458,9.792,0.333,0.708,19.75
2016-07-24,5.625,5.958,0.333,0.75,8.667
2016-07-25,7.182,7.773,0.591,1.0,10.435
2016-07-26,9.542,10.5,0.958,1.958,12.208
2016-07-27,7.208,8.083,0.875,1.25,7.625
2016-07-28,6.833,7.5,0.667,0.792,9.417
2016-07-29,6.583,7.542,0.958,0.583,7.208
2016-07-30,8.667,9.958,1.292,1.125,6.625
2016-07-31,9.875,11.917,2.042,2.167,10.917
2016-08-01,24.087,53.913,29.826,4.478,21.25
2016-08-02,27.667,36.958,9.292,2.875,27.458
2016-08-03,14.333,15.792,1.458,1.458,23.333
2016-08-04,13.708,15.375,1.667,2.167,26.625
2016-08-05,12.667,13.625,0.958,1.542,26.875
2016-08-06,12.458,13.917,1.458,1.75,20.375
2016-08-07,5.667,6.25,0.583,0.667,9.875
2016-08-08,10.696,13.87,3.174,1.609,12.458
2016-08-09,16.75,19.0,2.25,1.417,17.667
2016-08-10,26.913,38.957,12.043,2.739,16.087
2016-08-11,21.917,23.333,1.417,3.0,19.792
2016-08-12,16.333,18.083,1.75,2.708,23.167
2016-08-13,5.75,6.042,0.292,1.875,22.417
2016-08-14,11.583,12.958,1.375,2.75,32.958
2016-08-15,18.913,20.522,1.609,1.957,26.625
2016-08-16,15.458,16.75,1.292,0.917,23.5
2016-08-17,11.708,14.167,2.458,0.875,16.304
2016-08-18,13.917,14.875,0.958,2.792,14.208
2016-08-19,14.583,16.5,1.917,1.667,24.583
2016-08-20,19.292,22.458,3.167,2.292,22.583
2016-08-21,7.542,8.208,0.667,1.333,20.458
2016-08-22,13.909,24.591,10.682,1.909,17.391
2016-08-23,8.75,9.583,0.833,0.708,10.208
2016-08-24,9.25,9.75,0.5,2.25,13.958
2016-08-25,8.083,9.292,1.208,2.25,13.333
2016-08-26,8.125,10.333,2.208,1.833,10.875
2016-08-27,6.208,6.625,0.417,0.5,7.208
2016-08-28,7.208,7.917,0.708,0.75,8.917
2016-08-29,8.957,11.87,2.913,0.696,7.458
2016-08-30,13.217,15.739,2.522,1.913,8.522
2016-08-31,14.5,15.167,0.667,1.375,14.042
2016-09-01,21.25,22.458,1.208,4.417,29.083
2016-09-02,10.958,11.333,0.375,1.875,27.042
2016-09-03,8.875,9.458,0.583,0.792,14.792
2016-09-04,7.458,8.5,1.042,0.833,9.458
2016-09-05,9.87,11.609,1.739,0.478,9.542
2016-09-06,20.333,31.542,11.208,2.792,16.042
2016-09-07,18.125,22.25,4.125,1.792,19.958
2016-09-08,9.0,10.333,1.333,0.708,16.458
2016-09-09,20.13,22.391,2.261,1.304,16.739
2016-09-10,14.333,15.583,1.25,1.625,22.625
2016-09-11,7.167,7.542,0.375,1.25,21.708
2016-09-12,10.87,12.043,1.174,0.043,13.5
2016-09-13,12.25,14.417,2.167,1.083,7.125
2016-09-14,18.333,21.458,3.125,1.083,10.167
2016-09-15,24.091,31.955,7.864,3.182,24.455
2016-09-16,11.792,13.542,1.75,2.625,20.833
2016-09-17,4.792,6.0,1.208,1.0,10.042
2016-09-18,9.667,12.417,2.75,1.875,6.958
2016-09-19,7.261,10.87,3.609,0.0,5.0
2016-09-20,4.5,5.333,0.833,0.167,4.75
2016-09-21,9.0,10.25,1.25,0.583,5.792
2016-09-22,12.042,14.667,2.625,0.833,10.458
2016-09-23,14.217,17.696,3.478,1.261,9.043
2016-09-24,10.292,11.833,1.542,2.0,12.958
2016-09-25,8.5,9.792,1.292,0.583,14.625
2016-09-26,7.478,9.391,1.913,0.391,9.958
2016-09-27,9.958,12.542,2.583,0.917,11.125
2016-09-28,19.292,28.125,8.833,0.958,15.292
2016-09-29,14.5,25.292,10.792,0.583,6.208
2016-09-30,13.125,16.125,3.0,0.25,11.417
2016-10-01,16.875,22.458,5.583,1.5,16.875
2016-10-02,8.292,10.875,2.583,0.333,16.292
2016-10-03,7.087,9.565,2.478,0.783,5.875
2016-10-04,10.652,13.043,2.391,1.652,10.478
2016-10-05,9.333,11.458,2.125,0.875,10.583
2016-10-06,13.042,18.167,5.125,0.875,8.667
2016-10-07,7.125,7.875,0.75,0.75,10.167
2016-10-08,10.792,12.417,1.625,1.042,12.792
2016-10-09,4.833,5.458,0.625,0.375,8.542
2016-10-10,4.957,5.565,0.609,0.522,5.292
2016-10-11,7.833,8.792,0.958,0.542,7.25
2016-10-12,22.167,30.083,7.917,1.292,7.125
2016-10-13,12.708,14.75,2.042,0.458,7.875
2016-10-14,24.542,29.375,4.833,1.375,7.0
2016-10-15,18.708,24.958,6.25,2.208,5.0
2016-10-16,8.833,9.708,0.875,0.875,7.625
2016-10-17,19.455,28.364,8.909,0.955,10.652
2016-10-18,20.125,36.5,16.375,1.333,13.833
2016-10-19,13.333,15.708,2.375,1.25,16.0
2016-10-20,21.333,26.667,5.333,1.333,16.25
2016-10-21,7.75,8.583,0.833,0.417,15.0
2016-10-22,11.167,12.792,1.625,0.375,10.261
2016-10-23,6.667,7.75,1.083,0.0,3.167
2016-10-24,10.636,12.0,1.364,0.773,7.739
2016-10-25,15.125,16.625,1.5,1.125,10.375
2016-10-26,22.0,30.292,8.292,0.958,11.125
2016-10-27,9.208,11.25,2.042,0.375,10.292
2016-10-28,15.792,19.0,3.208,0.292,9.5
2016-10-29,4.917,5.75,0.833,0.167,6.609
2016-10-30,7.708,8.917,1.208,1.083,11.0
2016-10-31,12.652,14.783,2.13,0.565,11.125
2016-11-01,11.542,13.292,1.75,0.208,7.292
2016-11-02,15.208,19.333,4.125,0.417,5.292
2016-11-03,13.542,15.042,1.5,1.25,11.0
2016-11-04,32.391,43.174,10.783,1.913,22.045
2016-11-05,29.375,40.833,11.458,2.042,20.5
2016-11-06,9.958,10.833,0.875,0.458,15.458
2016-11-07,18.174,22.348,4.174,0.522,11.667
2016-11-08,22.25,31.292,9.042,0.708,15.042
2016-11-09,7.375,9.375,2.0,0.0,4.292
2016-11-10,7.0,7.75,0.75,0.833,5.5
2016-11-11,17.083,24.292,7.208,0.5,7.708
2016-11-12,21.917,28.25,6.333,0.917,13.542
2016-11-13,15.667,17.417,1.75,2.083,19.333
2016-11-14,15.773,17.818,2.045,0.136,10.652
2016-11-15,14.333,23.625,9.292,0.042,13.348
2016-11-16,16.0,20.125,4.125,0.333,13.125
2016-11-17,25.667,43.5,17.833,1.125,13.917
2016-11-18,12.333,14.208,1.875,1.167,19.042
2016-11-19,19.542,23.25,3.708,0.958,8.917
2016-11-20,11.958,15.042,3.083,0.25,11.333
2016-11-21,13.348,16.391,3.043,0.652,12.435
2016-11-22,13.083,21.292,8.208,0.417,10.625
2016-11-23,6.792,7.458,0.667,0.542,5.583
2016-11-24,9.875,11.042,1.167,0.917,4.458
2016-11-25,12.042,15.625,3.583,1.042,4.625
2016-11-26,17.875,23.083,5.208,1.875,7.917
2016-11-27,10.875,12.083,1.208,0.375,2.5
2016-11-28,10.818,12.591,1.773,0.727,19.565
2016-11-29,16.083,27.0,10.917,1.167,13.083
2016-11-30,8.917,10.125,1.208,1.348,5.043
2016-12-01,20.667,25.75,5.083,2.208,14.917
2016-12-02,21.375,31.167,9.792,1.583,14.417
2016-12-03,25.167,37.667,12.5,1.5,9.042
2016-12-04,15.167,18.833,3.667,1.0,12.792
2016-12-05,28.043,40.87,12.826,1.348,18.792
2016-12-06,11.708,12.583,0.875,0.542,18.333
2016-12-07,25.417,34.958,9.542,1.375,6.375
2016-12-08,28.292,35.792,7.5,1.625,15.875
2016-12-09,28.417,35.583,7.167,1.708,23.042
2016-12-10,17.208,25.75,8.542,0.875,6.833
2016-12-11,11.542,15.5,3.958,0.958,3.042
2016-12-12,12.087,14.043,1.957,0.913,4.792
2016-12-13,19.0,25.333,6.333,0.0,6.75
2016-12-14,12.0,14.917,2.917,0.042,5.391
2016-12-15,8.652,9.696,1.043,0.652,4.87
2016-12-16,14.167,19.292,5.125,0.875,3.458
2016-12-17,20.667,28.292,7.625,0.958,8.958
2016-12-18,25.25,47.667,22.417,1.75,9.625
2016-12-19,24.957,45.043,20.087,2.478,10.333
2016-12-20,23.792,44.083,20.292,1.167,11.667
2016-12-21,19.208,40.458,21.25,0.792,15.625
2016-12-22,11.833,15.333,3.5,1.208,8.125
2016-12-23,17.833,22.667,4.833,2.292,11.583
2016-12-24,14.125,18.417,4.292,1.042,6.304
2016-12-25,9.583,10.875,1.292,1.167,5.958
2016-12-26,14.522,16.696,2.174,0.652,8.458
2016-12-27,15.87,20.304,4.435,1.217,8.565
2016-12-28,9.458,10.708,1.25,0.042,3.375
2016-12-29,15.917,25.542,9.625,1.125,5.583
2016-12-30,16.875,22.75,5.875,1.042,5.333
2016-12-31,15.583,21.375,5.792,1.542,5.042
2017-01-01,6.0,6.609,0.609,1.261,7.833
2017-01-02,11.625,14.625,3.0,2.125,13.875
2017-01-03,7.625,9.292,1.667,0.958,7.5
2017-01-04,15.042,18.625,3.583,1.542,5.167
2017-01-05,17.708,22.292,4.583,0.5,7.5
2017-01-06,13.917,16.042,2.125,1.333,9.542
2017-01-07,15.417,24.208,8.792,0.917,6.375
2017-01-08,12.261,16.087,3.826,0.217,6.25
2017-01-09,24.333,31.333,7.0,2.708,15.792
2017-01-10,21.542,27.042,5.5,1.667,8.5
2017-01-11,8.083,10.625,2.542,1.917,5.0
2017-01-12,11.917,13.958,2.042,2.0,3.217
2017-01-13,10.826,12.391,1.565,1.391,8.913
2017-01-14,12.792,14.042,1.25,1.0,4.375
2017-01-15,27.304,56.0,28.696,0.913,9.167
2017-01-16,18.083,44.083,26.0,1.5,10.5
2017-01-17,16.625,21.167,4.542,0.333,5.833
2017-01-18,20.083,27.667,7.583,1.292,10.208
2017-01-19,36.667,50.167,13.5,2.167,32.958
2017-01-20,29.5,43.042,13.542,1.208,21.792
2017-01-21,15.25,18.417,3.167,1.042,15.042
2017-01-22,15.0,17.727,2.727,1.0,8.304
2017-01-23,22.917,32.292,9.375,1.75,13.417
2017-01-24,11.417,12.958,1.542,1.708,6.125
2017-01-25,15.958,19.042,3.083,1.625,4.542
2017-01-26,11.542,15.042,3.5,1.708,6.75
2017-01-27,22.708,31.708,9.0,2.042,4.833
2017-01-28,12.458,13.333,0.875,1.292,6.739
2017-01-29,6.87,7.696,0.826,1.087,10.208
2017-01-30,10.375,12.0,1.625,1.292,8.304
2017-01-31,32.833,50.833,18.0,2.833,7.708
2017-02-01,19.125,21.625,2.5,1.333,8.13
2017-02-02,30.708,45.667,14.958,2.042,8.435
2017-02-03,9.667,10.792,1.125,1.583,9.087
2017-02-04,14.0,19.042,5.042,1.583,5.625
2017-02-05,14.636,19.273,4.636,1.364,7.043
2017-02-06,11.917,14.875,2.958,1.833,8.125
2017-02-07,11.25,12.5,1.25,0.75,5.042
2017-02-08,31.458,52.792,21.333,2.042,9.625
2017-02-09,20.25,22.833,2.583,1.417,13.0
2017-02-10,17.042,21.167,4.125,0.167,14.792
2017-02-11,10.583,12.375,1.792,0.75,11.583
2017-02-12,15.87,21.391,5.522,1.696,10.792
2017-02-13,17.917,21.875,3.958,1.417,7.583
2017-02-14,30.542,55.083,24.542,1.958,8.25
2017-02-15,36.375,92.417,56.042,1.083,19.333
2017-02-16,31.583,49.958,18.375,0.958,15.125
2017-02-17,13.0,16.542,3.542,1.167,10.864
2017-02-18,20.208,24.792,4.583,1.208,6.958
2017-02-19,30.955,42.818,11.864,2.727,13.043
2017-02-20,38.333,58.875,20.542,3.958,17.292
2017-02-21,24.583,34.5,9.917,1.375,13.208
2017-02-22,23.958,31.5,7.542,1.667,6.5
2017-02-23,29.583,37.833,8.25,2.333,15.542
2017-02-24,34.583,46.0,11.417,2.667,28.542
2017-02-25,16.75,18.208,1.458,2.167,25.5
2017-02-26,21.174,28.522,7.348,1.174,19.5
2017-02-27,35.917,44.958,9.042,2.125,11.417
2017-02-28,20.208,24.208,4.0,1.75,14.826
2017-03-01,21.958,26.958,5.0,3.042,15.333
2017-03-02,23.875,27.125,3.25,1.833,13.417
2017-03-03,33.292,62.375,29.083,2.875,16.5
2017-03-04,8.167,8.75,0.583,1.292,9.917
2017-03-05,8.652,9.348,0.696,0.13,5.708
2017-03-06,12.5,14.167,1.667,0.958,4.75
2017-03-07,7.75,8.5,0.75,2.208,8.833
2017-03-08,10.917,11.917,1.0,1.375,6.5
2017-03-09,4.826,5.652,0.826,1.087,3.609
2017-03-10,14.292,17.875,3.583,1.958,7.833
2017-03-11,17.042,19.75,2.708,2.125,13.375
2017-03-12,32.308,48.692,16.385,2.462,7.909
2017-03-13,13.455,14.273,0.818,2.364,16.042
2017-03-14,26.208,46.25,20.042,2.708,19.833
2017-03-15,10.625,12.917,2.292,0.417,14.667
2017-03-16,7.5,8.375,0.875,0.25,4.227
2017-03-17,12.625,14.667,2.042,0.833,4.957
2017-03-18,13.458,14.583,1.125,1.083,4.958
2017-03-19,15.591,17.182,1.591,0.091,5.304
2017-03-20,5.375,5.833,0.458,0.0,1.435
2017-03-21,9.333,10.25,0.917,0.875,4.75
2017-03-22,8.458,9.5,1.042,0.833,5.583
2017-03-23,25.565,37.739,12.174,2.217,5.043
2017-03-24,20.833,25.417,4.583,1.875,15.583
2017-03-25,20.0,21.375,1.375,2.542,33.625
2017-03-26,36.391,42.261,5.87,2.87,35.833
2017-03-27,44.625,51.917,7.292,4.458,20.583
2017-03-28,51.208,67.917,16.708,5.958,25.0
2017-03-29,34.667,42.625,7.958,2.833,17.875
2017-03-30,18.292,19.333,1.042,1.667,12.042
2017-03-31,14.042,15.417,1.375,1.667,14.292
2017-04-01,17.875,20.083,2.208,1.25,5.208
2017-04-02,18.875,22.625,3.75,1.542,5.958
2017-04-03,22.87,30.261,7.391,2.609,13.167
2017-04-04,40.957,46.043,5.087,3.217,15.348
2017-04-05,12.167,12.625,0.458,1.458,12.125
2017-04-06,6.292,6.458,0.167,0.5,12.875
2017-04-07,23.609,30.957,7.348,2.478,9.739
2017-04-08,16.5,19.458,2.958,0.875,10.958
2017-04-09,12.583,18.25,5.667,1.083,9.042
2017-04-10,10.043,10.913,0.87,0.87,10.917
2017-04-11,10.261,11.435,1.174,1.087,4.87
2017-04-12,14.875,17.167,2.292,1.458,8.917
2017-04-13,24.042,32.75,8.708,3.208,16.5
2017-04-14,18.333,20.667,2.333,2.542,12.792
2017-04-15,21.292,23.542,2.25,3.417,15.375
2017-04-16,11.625,13.167,1.542,1.75,18.083
2017-04-17,7.391,7.783,0.391,0.435,11.167
2017-04-18,14.13,15.043,0.913,1.87,7.87
2017-04-19,18.083,21.208,3.125,1.792,20.833
2017-04-20,23.417,24.875,1.458,1.875,12.667
2017-04-21,21.958,26.375,4.417,3.25,17.458
2017-04-22,14.125,15.792,1.667,1.792,16.167
2017-04-23,16.5,18.583,2.083,1.5,7.375
2017-04-24,9.826,10.391,0.565,1.304,9.167
2017-04-25,6.292,6.583,0.292,0.875,8.375
2017-04-26,18.75,19.833,1.083,1.083,10.083
2017-04-27,11.75,13.0,1.25,1.458,9.583
2017-04-28,26.333,30.792,4.458,2.708,11.625
2017-04-29,24.583,26.083,1.5,2.458,14.792
2017-04-30,34.667,41.542,6.875,4.583,19.25
2017-05-01,27.739,30.13,2.391,2.609,23.667
2017-05-02,14.542,15.917,1.375,2.833,16.5
2017-05-03,7.792,8.083,0.292,1.417,10.417
2017-05-04,6.417,6.833,0.417,1.25,7.542
2017-05-05,4.583,4.625,0.042,0.625,5.5
2017-05-06,10.652,12.696,2.043,1.13,19.87
2017-05-07,13.792,18.208,4.417,2.958,37.0
2017-05-08,25.087,27.739,2.652,3.783,62.667
2017-05-09,27.375,30.125,2.75,1.5,25.792
2017-05-10,13.75,14.917,1.167,1.083,11.25
2017-05-11,22.083,24.083,2.0,2.833,14.833
2017-05-12,19.0,20.917,1.917,1.833,20.583
2017-05-13,14.542,16.167,1.625,1.583,9.083
2017-05-14,16.125,17.5,1.375,1.917,12.167
2017-05-15,17.522,21.087,3.565,1.652,13.458
2017-05-16,34.913,41.217,6.304,2.87,14.087
2017-05-17,29.875,37.125,7.25,2.583,14.833
2017-05-18,30.917,38.875,7.958,2.417,12.125
2017-05-19,32.625,47.875,15.25,4.417,18.083
2017-05-20,19.542,20.5,0.958,3.125,20.875
2017-05-21,6.667,6.833,0.167,1.542,12.25
2017-05-22,6.696,7.174,0.478,0.87,9.042
2017-05-23,6.625,6.958,0.333,0.833,7.5
2017-05-24,12.833,13.667,0.833,0.917,16.75
2017-05-25,27.0,36.167,9.167,1.625,13.792
2017-05-26,13.125,16.833,3.708,0.958,10.833
2017-05-27,17.625,20.125,2.5,2.25,7.0
2017-05-28,25.417,27.667,2.25,2.292,9.292
2017-05-29,30.136,32.818,2.682,5.0,22.217
2017-05-30,22.333,24.083,1.75,6.375,29.125
2017-05-31,8.333,9.042,0.708,4.958,26.333
2017-06-01,16.208,18.042,1.833,3.417,24.292
2017-06-02,10.583,11.333,0.75,1.25,14.292
2017-06-03,14.625,16.542,1.917,2.958,8.667
2017-06-04,14.667,16.625,1.958,2.792,7.958
2017-06-05,17.696,18.913,1.217,1.783,8.375
2017-06-06,6.833,7.208,0.375,1.0,7.625
2017-06-07,6.917,7.125,0.208,0.167,6.125
2017-06-08,16.167,19.0,2.833,1.25,9.625
2017-06-09,28.083,37.792,9.708,2.833,11.625
2017-06-10,19.292,20.875,1.583,2.208,22.708
2017-06-11,14.333,15.375,1.042,3.5,26.958
2017-06-12,11.455,12.727,1.273,1.273,5.739
2017-06-13,18.167,19.875,1.708,2.292,6.167
2017-06-14,30.875,34.625,3.75,3.25,8.25
2017-06-15,39.292,48.0,8.708,4.0,15.417
2017-06-16,29.25,31.042,1.792,3.0,21.583
2017-06-17,18.958,20.792,1.833,2.792,13.083
2017-06-18,13.792,14.667,0.875,3.625,21.75
2017-06-19,15.609,16.826,1.217,3.087,24.25
2017-06-20,7.75,8.208,0.458,1.417,19.417
2017-06-21,10.625,13.25,2.625,0.5,4.833
2017-06-22,15.625,17.042,1.417,1.0,6.375
2017-06-23,19.167,21.333,2.167,1.708,9.0
2017-06-24,12.042,12.958,0.917,0.333,12.625
2017-06-25,11.417,13.042,1.625,0.792,8.5
2017-06-26,18.783,20.261,1.478,1.957,14.208
2017-06-27,23.667,26.708,3.042,3.417,20.167
2017-06-28,15.25,16.583,1.333,1.083,10.5
2017-06-29,10.13,10.739,0.609,0.609,13.043
2017-06-30,9.542,13.333,3.792,1.042,15.958
2017-07-01,12.375,16.417,4.042,3.25,20.625
2017-07-02,11.417,16.25,4.833,2.542,20.0
2017-07-03,7.261,9.87,2.609,3.522,20.333
2017-07-04,11.917,19.25,7.333,1.5,14.217
2017-07-05,24.167,27.375,3.208,2.417,16.292
2017-07-06,20.5,26.917,6.417,1.917,11.625
2017-07-07,17.542,21.625,4.083,1.083,9.708
2017-07-08,8.958,10.958,2.0,0.792,14.217
2017-07-09,9.25,11.667,2.417,1.25,13.583
2017-07-10,8.522,11.174,2.652,1.435,12.542
2017-07-11,9.652,11.957,2.304,1.348,16.087
2017-07-12,12.875,14.917,2.042,1.875,17.667
2017-07-13,15.833,17.458,1.625,2.125,26.583
2017-07-14,11.083,11.833,0.75,2.75,29.208
2017-07-15,6.583,7.167,0.583,2.667,28.833
2017-07-16,9.333,12.042,2.708,2.25,19.304
2017-07-17,8.13,11.174,3.043,1.174,10.667
2017-07-18,16.083,22.208,6.125,2.0,12.042
2017-07-19,15.833,22.792,6.958,2.583,17.375
2017-07-20,8.417,9.542,1.125,1.292,15.333
2017-07-21,11.333,12.875,1.542,2.917,13.583
2017-07-22,9.625,10.792,1.167,1.5,15.0
2017-07-23,6.0,6.583,0.583,1.375,18.375
2017-07-24,9.091,10.273,1.182,2.273,20.217
2017-07-25,10.667,11.917,1.25,1.417,32.708
2017-07-26,14.5,15.708,1.208,1.458,23.75
2017-07-27,11.5,13.333,1.833,1.208,23.625
2017-07-28,9.542,10.542,1.0,1.75,45.75
2017-07-29,12.625,16.25,3.625,1.792,32.708
2017-07-30,13.625,15.167,1.542,2.083,23.542
2017-07-31,8.87,10.348,1.478,1.087,41.875
2017-08-01,16.833,41.0,24.167,2.458,36.261
2017-08-02,9.208,9.792,0.583,1.0,12.042
2017-08-03,9.833,10.375,0.542,1.583,16.167
2017-08-04,8.792,9.625,0.833,1.458,12.292
2017-08-05,9.125,10.458,1.333,1.125,11.125
2017-08-06,5.083,5.542,0.458,0.75,15.417
2017-08-07,5.818,7.364,1.545,0.545,9.391
2017-08-08,15.583,19.0,3.417,1.375,27.875
2017-08-09,15.625,17.333,1.708,1.208,31.708
2017-08-10,19.083,25.042,5.958,1.75,22.5
2017-08-11,7.792,9.292,1.5,0.667,12.0
2017-08-12,9.125,10.75,1.625,0.917,7.083
2017-08-13,12.75,15.417,2.667,1.708,10.417
2017-08-14,7.913,8.696,0.783,1.13,12.667
2017-08-15,8.25,9.125,0.875,1.0,16.792
2017-08-16,16.875,30.417,13.542,1.5,13.739
2017-08-17,14.875,17.833,2.958,1.833,13.625
2017-08-18,12.833,16.125,3.292,1.083,16.042
2017-08-19,16.792,20.833,4.042,3.25,14.0
2017-08-20,5.875,6.292,0.417,1.0,15.0
2017-08-21,5.652,6.391,0.739,0.87,19.292
2017-08-22,5.609,7.13,1.522,0.565,10.174
2017-08-23,14.833,19.583,4.75,3.5,23.5
2017-08-24,15.0,25.667,10.667,2.375,17.417
2017-08-25,13.75,17.792,4.042,1.75,16.417
2017-08-26,14.958,18.667,3.708,1.333,12.682
2017-08-27,10.208,10.75,0.542,1.375,17.417
2017-08-28,11.524,12.286,0.762,2.143,23.864
2017-08-29,16.167,21.5,5.333,2.583,22.542
2017-08-30,13.792,16.333,2.542,1.125,11.083
2017-08-31,7.208,7.875,0.667,0.292,9.167
2017-09-01,7.333,8.125,0.792,0.25,7.542
2017-09-02,5.75,6.333,0.583,0.208,3.667
2017-09-03,11.917,14.75,2.833,1.25,5.583
2017-09-04,9.455,10.182,0.727,1.5,11.043
2017-09-05,8.625,9.375,0.75,0.0,5.542
2017-09-06,23.333,32.0,8.667,1.292,22.208
2017-09-07,16.542,19.25,2.708,0.458,11.333
2017-09-08,13.375,15.417,2.042,1.542,10.167
2017-09-09,18.792,21.833,3.042,2.083,15.917
2017-09-10,10.208,10.917,0.708,1.583,14.667
2017-09-11,6.348,6.826,0.478,0.87,12.708
2017-09-12,9.917,11.208,1.292,0.875,6.792
2017-09-13,24.833,32.333,7.5,2.917,11.292
2017-09-14,17.542,19.583,2.042,1.708,18.542
2017-09-15,5.917,6.333,0.417,1.167,6.0
2017-09-16,4.958,5.417,0.458,1.0,4.5
2017-09-17,6.833,7.542,0.708,0.833,3.542
2017-09-18,10.696,12.87,2.174,0.957,7.125
2017-09-19,21.478,30.348,8.87,1.913,19.783
2017-09-20,25.542,36.833,11.292,2.083,30.375
2017-09-21,14.75,16.25,1.5,0.958,15.667
2017-09-22,12.083,13.458,1.375,0.958,11.917
2017-09-23,21.0,27.333,6.333,1.375,13.0
2017-09-24,26.75,33.667,6.917,2.125,15.625
2017-09-25,28.652,37.522,8.87,2.217,15.917
2017-09-26,14.5,16.0,1.5,0.75,15.375
2017-09-27,9.042,9.667,0.625,0.375,11.583
2017-09-28,11.0,11.917,0.917,0.292,4.667
2017-09-29,21.875,34.792,12.917,1.208,9.042
2017-09-30,30.75,35.0,4.25,2.292,8.542
2017-10-01,12.833,13.625,0.792,1.083,10.083
2017-10-02,10.5,11.318,0.818,0.182,9.435
2017-10-03,10.708,13.542,2.833,0.333,5.542
2017-10-04,4.833,5.417,0.583,0.292,5.0
2017-10-05,6.042,6.417,0.375,0.75,5.208
2017-10-06,7.261,7.826,0.565,0.0,3.409
2017-10-07,14.083,18.875,4.792,1.167,7.792
2017-10-08,12.0,14.25,2.25,1.208,11.083
2017-10-09,15.043,18.87,3.826,1.304,13.833
2017-10-10,32.217,79.261,47.043,2.739,21.87
2017-10-11,20.417,35.25,14.833,2.208,17.5
2017-10-12,18.0,27.208,9.208,0.958,11.75
2017-10-13,14.708,18.833,4.125,0.083,6.208
2017-10-14,11.458,12.958,1.5,0.625,4.917
2017-10-15,3.083,3.5,0.417,0.0,2.417
2017-10-16,6.087,7.0,0.913,0.0,2.826
2017-10-17,6.826,7.783,0.957,0.0,2.9
2017-10-18,4.042,4.417,0.375,0.0,4.375
2017-10-19,3.625,4.167,0.542,0.0,2.375
2017-10-20,13.167,15.917,2.75,0.25,4.13
2017-10-21,3.25,3.708,0.458,0.0,2.826
2017-10-22,4.333,4.458,0.125,0.083,5.417
2017-10-23,7.826,8.609,0.783,0.0,5.667
2017-10-24,11.375,13.208,1.833,0.292,8.292
2017-10-25,13.917,16.75,2.833,0.5,9.208
2017-10-26,14.083,15.417,1.333,0.417,7.348
2017-10-27,20.542,24.417,3.875,1.417,11.5
2017-10-28,9.5,10.333,0.833,0.875,8.958
2017-10-29,5.958,6.583,0.625,0.333,5.292
2017-10-30,7.783,8.739,0.957,0.217,7.333
2017-10-31,23.435,29.043,5.609,1.261,5.652
2017-11-01,23.583,31.167,7.583,1.917,7.708
2017-11-02,26.625,35.25,8.625,1.958,11.042
2017-11-03,20.833,26.958,6.125,1.917,13.917
2017-11-04,7.0,7.75,0.75,0.667,14.5
2017-11-05,12.75,13.75,1.0,1.792,14.208
2017-11-06,19.261,25.87,6.609,2.348,16.833
2017-11-07,26.458,41.792,15.333,1.625,17.667
2017-11-08,20.833,25.208,4.375,0.75,12.833
2017-11-09,21.292,26.625,5.333,0.542,17.792
2017-11-10,9.792,10.917,1.125,1.083,11.875
2017-11-11,11.958,14.625,2.667,0.208,12.174
2017-11-12,7.292,7.958,0.667,0.292,6.875
2017-11-13,14.091,16.136,2.045,1.273,8.0
2017-11-14,18.833,21.667,2.833,0.833,12.167
2017-11-15,16.917,19.042,2.125,1.125,8.958
2017-11-16,9.958,12.5,2.542,1.292,6.792
2017-11-17,14.75,17.167,2.417,1.417,3.958
2017-11-18,7.667,9.792,2.125,0.292,6.708
2017-11-19,5.5,6.25,0.75,1.208,5.739
2017-11-20,14.217,17.87,3.652,0.522,4.417
2017-11-21,24.87,36.435,11.565,1.0,8.875
2017-11-22,25.667,35.625,9.958,0.125,10.333
2017-11-23,9.417,10.625,1.208,0.125,6.417
2017-11-24,23.042,29.0,5.958,1.75,8.125
2017-11-25,15.125,16.75,1.625,0.833,6.792
2017-11-26,23.042,29.25,6.208,1.208,10.917
2017-11-27,7.609,8.174,0.565,0.913,11.833
2017-11-28,23.087,28.478,5.391,1.478,15.435
2017-11-29,20.583,35.375,14.792,0.25,13.125
2017-11-30,14.208,15.75,1.542,0.458,12.875
2017-12-01,10.167,11.625,1.458,1.208,5.083
2017-12-02,19.833,25.792,5.958,1.583,5.083
2017-12-03,27.333,39.083,11.75,2.792,8.542
2017-12-04,25.261,50.043,24.783,1.826,14.208
2017-12-05,9.792,12.042,2.25,1.292,5.304
2017-12-06,16.917,21.25,4.333,1.167,5.913
2017-12-07,21.375,40.5,19.125,1.542,6.348
2017-12-08,10.625,12.417,1.792,1.333,7.708
2017-12-09,13.0,14.917,1.917,1.458,6.25
2017-12-10,17.292,19.792,2.5,1.167,7.333
2017-12-11,15.783,19.304,3.522,1.783,9.957
2017-12-12,15.5,20.292,4.792,1.875,6.667
2017-12-13,10.875,12.625,1.75,1.458,3.708
2017-12-14,19.652,27.304,7.652,1.043,3.739
2017-12-15,14.208,16.833,2.625,2.208,5.417
2017-12-16,19.333,23.75,4.417,1.792,11.292
2017-12-17,8.208,10.667,2.458,1.792,6.5
2017-12-18,21.087,26.0,4.913,1.087,5.917
2017-12-19,20.917,28.583,7.667,0.708,12.875
2017-12-20,22.333,36.083,13.75,0.792,10.042
2017-12-21,31.542,45.625,14.083,1.542,7.375
2017-12-22,27.083,47.292,20.208,0.958,13.125
2017-12-23,32.167,42.542,10.375,3.375,19.333
2017-12-24,14.792,16.167,1.375,0.958,16.292
2017-12-25,14.957,17.087,2.13,1.783,9.208
2017-12-26,16.739,20.826,4.087,1.87,6.522
2017-12-27,10.958,13.083,2.125,1.792,3.792
2017-12-28,25.333,39.875,14.542,1.667,5.25
2017-12-29,26.542,30.917,4.375,1.792,24.917
2017-12-30,16.75,17.875,1.125,1.042,14.458
2017-12-31,12.833,15.333,2.5,1.5,14.917
2018-01-01,12.167,14.917,2.75,1.75,10.0
2018-01-02,5.208,5.958,0.75,0.75,7.333
2018-01-03,15.125,18.708,3.583,1.042,5.958
2018-01-04,16.125,17.875,1.75,1.0,4.304
2018-01-05,13.417,14.292,0.875,0.667,16.583
2018-01-06,8.875,9.417,0.542,0.167,8.609
2018-01-07,25.136,44.091,18.955,1.727,5.739
2018-01-08,26.375,44.458,18.083,1.583,13.125
2018-01-09,8.0,8.833,0.833,0.792,5.125
2018-01-10,24.375,32.958,8.583,1.75,5.125
2018-01-11,26.125,33.583,7.458,1.958,8.917
2018-01-12,9.25,9.833,0.583,0.958,11.125
2018-01-13,10.833,11.833,1.0,0.833,5.5
2018-01-14,15.696,17.957,2.261,1.13,3.13
2018-01-15,22.375,29.167,6.792,2.083,17.167
2018-01-16,13.458,15.042,1.583,1.458,13.625
2018-01-17,18.542,22.417,3.875,1.667,8.125
2018-01-18,20.292,26.5,6.208,1.375,7.75
2018-01-19,25.458,36.417,10.958,2.083,11.625
2018-01-20,12.667,13.708,1.042,1.167,12.458
2018-01-21,14.909,19.773,4.864,1.409,7.87
2018-01-22,14.458,16.792,2.333,1.542,8.625
2018-01-23,25.833,30.542,4.708,2.833,19.667
2018-01-24,22.167,28.542,6.375,1.042,11.391
2018-01-25,26.417,34.125,7.708,2.708,12.208
2018-01-26,9.292,10.708,1.417,1.042,7.583
2018-01-27,20.875,30.375,9.5,1.792,8.045
2018-01-28,29.391,44.913,15.522,1.783,15.125
2018-01-29,25.0,31.833,6.833,1.417,10.5
2018-01-30,28.25,39.042,10.792,1.542,9.917
2018-01-31,21.125,34.042,12.917,0.292,8.0
2018-02-01,12.458,14.042,1.583,0.417,5.625
2018-02-02,25.25,32.333,7.083,1.375,12.417
2018-02-03,11.875,12.667,0.792,1.25,17.542
2018-02-04,14.273,17.409,3.136,0.818,13.348
2018-02-05,18.625,21.833,3.208,0.708,12.042
2018-02-06,18.0,31.292,13.292,0.75,11.292
2018-02-07,20.625,28.5,7.875,0.875,17.042
2018-02-08,14.958,16.958,2.0,0.333,7.783
2018-02-09,15.833,20.125,4.292,1.167,9.542
2018-02-10,4.792,5.125,0.333,1.0,3.083
2018-02-11,11.739,13.391,1.652,0.826,10.833
2018-02-12,19.625,26.958,7.333,1.417,8.792
2018-02-13,18.85,21.55,2.7,1.917,17.208
2018-02-14,11.136,12.5,1.273,0.75,10.652
2018-02-15,9.583,10.833,1.208,1.417,7.783
2018-02-16,9.0,11.0,2.0,0.625,17.25
2018-02-17,7.417,8.375,0.833,1.5,16.958
2018-02-18,13.364,15.273,1.909,1.318,11.0
2018-02-19,15.583,16.958,1.292,0.333,6.333
2018-02-20,10.5,12.042,1.542,0.292,8.667
2018-02-21,15.5,19.542,4.083,0.75,13.917
2018-02-22,14.042,15.917,1.875,1.583,22.667
2018-02-23,9.958,11.0,1.167,0.625,11.87
2018-02-24,8.667,9.333,0.792,1.083,10.708
2018-02-25,26.522,42.043,15.565,3.227,18.417
2018-02-26,18.792,21.375,2.667,1.75,18.167
2018-02-27,7.25,7.75,0.5,1.286,11.182
2018-02-28,12.25,14.125,1.875,4.0,8.458
2018-03-01,18.667,23.25,4.542,5.042,22.458
2018-03-02,15.208,15.875,0.75,5.0,23.958
2018-03-03,4.458,4.5,0.042,4.0,9.083
2018-03-04,10.87,12.696,1.739,4.043,5.125
2018-03-05,19.87,24.826,5.043,3.273,13.5
2018-03-06,11.583,12.542,0.958,0.75,8.833
2018-03-07,6.167,6.417,0.375,0.458,10.208
2018-03-08,21.875,26.958,5.125,1.917,8.652
2018-03-09,14.0,18.292,4.292,1.958,6.792
2018-03-10,5.167,5.417,0.125,0.708,6.083
2018-03-11,15.826,18.957,3.087,1.217,6.0
2018-03-12,20.5,22.167,1.708,2.417,18.542
2018-03-13,9.375,10.667,1.5,1.708,11.75
2018-03-14,12.208,15.25,2.875,1.833,7.792
2018-03-15,20.417,25.208,5.042,2.25,8.333
2018-03-16,11.083,13.25,2.083,1.5,6.545
2018-03-17,15.583,19.833,4.208,1.292,13.083
2018-03-18,10.5,11.182,0.864,1.0,10.174
2018-03-19,13.042,16.625,3.583,0.708,8.125
2018-03-20,12.375,20.833,8.5,0.833,9.625
2018-03-21,7.417,8.125,0.583,0.917,13.583
2018-03-22,7.083,7.583,0.458,0.375,23.292
2018-03-23,8.583,10.708,2.0,1.0,14.958
2018-03-24,10.875,13.083,2.25,2.042,7.167
2018-03-25,16.783,19.391,2.522,2.478,7.917
2018-03-26,19.0,24.417,5.5,1.917,16.042
2018-03-27,25.458,33.458,7.833,3.875,20.542
2018-03-28,20.708,22.333,1.625,2.875,20.125
2018-03-29,11.042,12.458,1.167,1.5,15.5
2018-03-30,17.625,20.292,2.625,3.5,19.708
2018-03-31,13.042,15.958,2.875,2.667,14.5
2018-04-01,18.833,20.375,1.542,4.292,20.25
2018-04-02,30.435,37.565,7.13,4.174,25.375
2018-04-03,34.75,44.167,9.417,4.542,24.792
2018-04-04,21.739,30.348,8.609,3.348,19.043
2018-04-05,14.708,16.375,1.667,1.25,12.458
2018-04-06,12.375,14.0,1.625,1.167,20.208
2018-04-07,16.458,19.667,3.208,2.833,26.5
2018-04-08,10.958,12.292,1.333,1.583,9.083
2018-04-09,18.0,19.818,1.818,1.909,18.652
2018-04-10,16.917,18.667,1.75,2.042,21.417
2018-04-11,16.625,23.375,6.75,2.792,16.625
2018-04-12,31.167,40.958,9.792,2.0,15.375
2018-04-13,16.042,17.792,1.75,0.917,9.958
2018-04-14,10.542,11.25,0.708,0.75,16.136
2018-04-15,7.583,9.375,1.792,0.542,16.545
2018-04-16,15.045,16.682,1.636,1.136,34.261
2018-04-17,18.125,21.583,3.458,1.583,40.167
2018-04-18,29.875,38.917,9.042,2.833,26.625
2018-04-19,35.5,43.875,8.375,3.667,25.208
2018-04-20,48.625,64.0,15.375,5.208,13.958
2018-04-21,23.542,34.833,11.292,2.75,19.792
2018-04-22,5.083,5.583,0.5,1.083,18.333
2018-04-23,5.826,6.348,0.522,0.522,14.667
2018-04-24,5.917,6.583,0.667,0.042,9.958
2018-04-25,7.0,7.833,0.833,0.375,5.542
2018-04-26,27.208,32.458,5.25,2.708,9.542
2018-04-27,25.208,36.292,11.083,2.875,17.333
2018-04-28,37.792,50.042,12.25,2.917,28.875
2018-04-29,16.917,18.75,1.833,1.875,17.208
2018-04-30,8.826,9.217,0.391,6.478,21.292
2018-05-01,7.391,8.0,0.609,2.045,24.273
2018-05-02,9.167,10.0,0.833,0.542,13.0
2018-05-03,13.292,15.417,2.125,3.625,14.833
2018-05-04,19.0,22.458,3.458,5.042,13.667
2018-05-05,26.583,28.417,1.833,4.792,13.958
2018-05-06,6.375,6.75,0.375,2.625,12.708
2018-05-07,20.217,23.087,2.87,0.217,6.333
2018-05-08,15.417,17.667,2.25,0.0,5.0
2018-05-09,5.042,5.875,0.833,0.125,10.708
2018-05-10,26.792,33.667,6.875,1.958,7.5
2018-05-11,18.292,23.833,5.542,2.125,8.167
2018-05-12,6.625,7.208,0.583,1.375,12.208
2018-05-13,17.167,19.75,2.583,0.5,10.25
2018-05-14,24.227,28.909,4.682,2.045,18.522
2018-05-15,27.917,33.292,5.375,3.542,24.625
2018-05-16,7.25,7.833,0.583,2.5,27.25
2018-05-17,8.125,9.042,0.917,3.292,38.583
2018-05-18,10.333,11.542,1.208,2.417,29.667
2018-05-19,4.75,5.625,0.875,0.583,6.833
2018-05-20,6.667,7.792,1.125,1.042,7.792
2018-05-21,7.13,7.87,0.739,1.435,7.833
2018-05-22,7.0,7.792,0.792,1.292,9.833
2018-05-23,15.125,16.542,1.417,0.125,8.043
2018-05-24,25.25,34.375,9.125,2.333,13.292
2018-05-25,47.083,62.25,15.167,4.833,20.042
2018-05-26,16.792,18.667,1.875,2.125,16.333
2018-05-27,15.625,19.292,3.667,2.125,11.208
2018-05-28,8.227,9.136,0.909,0.909,11.217
2018-05-29,8.5,9.25,0.75,0.417,10.5
2018-05-30,20.375,23.375,3.0,2.125,15.417
2018-05-31,12.75,14.75,2.0,2.417,19.25
2018-06-01,17.917,20.375,2.458,1.458,11.708
2018-06-02,20.208,22.25,2.042,2.333,12.958
2018-06-03,4.958,5.333,0.375,0.875,9.958
2018-06-04,8.478,9.261,0.783,0.783,9.958
2018-06-05,8.625,9.708,1.083,0.25,8.708
2018-06-06,18.333,20.958,2.625,0.708,4.087
2018-06-07,15.792,18.667,2.875,2.167,13.083
2018-06-08,11.333,12.875,1.542,0.792,16.0
2018-06-09,16.333,19.833,3.5,2.0,18.875
2018-06-10,5.875,6.333,0.458,0.542,14.083
2018-06-11,17.045,21.227,4.182,0.773,9.696
2018-06-12,4.958,6.25,1.292,0.333,4.087
2018-06-13,22.458,28.833,6.375,2.125,10.125
2018-06-14,10.292,11.417,1.125,1.667,9.917
2018-06-15,16.875,19.208,2.333,2.708,15.208
2018-06-16,10.833,12.042,1.208,1.125,10.292
2018-06-17,7.667,8.417,0.75,1.875,10.208
2018-06-18,14.391,16.174,1.783,1.0,12.375
2018-06-19,10.917,11.833,0.917,0.458,7.583
2018-06-20,15.542,17.167,1.625,1.042,5.375
2018-06-21,23.792,29.125,5.333,1.833,19.792
2018-06-22,24.792,29.458,4.667,2.875,18.708
2018-06-23,12.667,13.625,0.958,1.792,11.125
2018-06-24,21.625,23.792,2.167,4.292,18.542
2018-06-25,21.091,24.545,3.455,2.727,25.087
2018-06-26,8.417,9.333,0.917,1.5,26.333
2018-06-27,12.083,19.708,7.625,2.75,15.875
2018-06-28,7.792,12.167,4.375,1.833,12.522
2018-06-29,8.958,10.5,1.542,0.667,12.864
2018-06-30,5.833,7.792,1.958,0.042,5.583
2018-07-01,4.042,5.125,1.083,0.167,9.25
2018-07-02,4.217,5.261,1.043,0.391,10.875
2018-07-03,3.542,4.625,1.083,0.0,14.917
2018-07-04,5.375,6.542,1.167,1.125,19.417
2018-07-05,11.958,13.292,1.333,0.0,7.304
2018-07-06,11.167,12.75,1.583,0.0,3.625
2018-07-07,13.792,18.875,5.083,0.667,5.75
2018-07-08,4.667,5.875,1.208,0.042,5.292
2018-07-09,4.318,6.545,2.227,1.364,6.87
2018-07-10,4.667,6.542,1.875,0.292,8.625
2018-07-11,8.583,17.333,8.75,1.292,8.625
2018-07-12,19.667,45.625,25.958,3.833,16.25
2018-07-13,16.417,24.917,8.5,2.667,16.625
2018-07-14,20.625,28.25,7.625,4.292,11.25
2018-07-15,20.583,28.958,8.375,4.542,23.125
2018-07-16,21.304,34.783,13.478,2.87,23.208
2018-07-17,20.042,34.042,14.0,2.833,22.875
2018-07-18,18.083,21.208,3.125,2.917,23.792
2018-07-19,20.083,23.667,3.583,3.875,38.583
2018-07-20,9.125,10.042,0.917,1.667,29.042
2018-07-21,5.875,7.417,1.542,1.167,6.375
2018-07-22,3.458,4.167,0.708,0.375,8.292
2018-07-23,11.818,16.636,4.818,2.091,20.318
2018-07-24,10.917,16.083,5.167,2.667,23.167
2018-07-25,22.875,45.667,22.792,3.833,21.5
2018-07-26,14.542,15.875,1.333,2.833,23.167
2018-07-27,13.333,15.542,2.208,1.958,26.167
2018-07-28,9.292,11.125,1.833,1.208,15.522
2018-07-29,10.625,15.917,5.292,0.917,10.696
2018-07-30,7.565,8.522,0.957,0.696,9.5
2018-07-31,7.625,8.542,0.917,0.833,8.833
2018-08-01,10.125,11.375,1.25,1.333,13.208
2018-08-02,8.042,10.167,2.125,1.333,16.167
2018-08-03,10.083,11.083,1.0,2.625,21.083
2018-08-04,14.417,19.333,4.917,1.875,15.167
2018-08-05,10.167,13.333,3.167,1.458,19.542
2018-08-06,14.227,16.182,1.955,2.478,23.174
2018-08-07,9.167,10.25,1.083,1.375,18.667
2018-08-08,14.333,17.458,3.125,1.333,7.417
2018-08-09,9.292,11.25,1.958,0.542,10.792
2018-08-10,15.75,21.0,5.25,2.708,15.375
2018-08-11,8.5,9.208,0.708,2.417,20.625
2018-08-12,3.042,3.75,0.708,0.583,11.75
2018-08-13,2.87,3.87,1.0,0.87,8.391
2018-08-14,4.917,5.667,0.75,1.125,14.417
2018-08-15,4.25,5.25,1.0,0.292,11.522
2018-08-16,4.833,6.125,1.292,0.125,9.708
2018-08-17,8.292,9.292,1.0,0.625,6.75
2018-08-18,4.375,5.042,0.667,0.583,8.375
2018-08-19,4.833,5.375,0.542,1.167,11.125
2018-08-20,9.682,10.5,0.818,1.636,15.261
2018-08-21,6.125,7.375,1.25,1.0,11.391
2018-08-22,4.25,5.458,1.208,0.167,9.042
2018-08-23,7.042,9.167,2.125,1.167,13.739
2018-08-24,4.292,4.875,0.583,2.167,26.958
2018-08-25,3.542,4.292,0.75,1.75,21.542
2018-08-26,3.083,3.875,0.792,0.417,12.833
2018-08-27,5.545,7.409,1.864,1.435,11.5
2018-08-28,12.417,18.125,5.708,3.125,20.5
2018-08-29,6.292,8.083,1.792,1.25,12.0
2018-08-30,6.0,7.875,1.875,1.375,13.043
2018-08-31,11.833,20.542,8.708,2.208,12.0
2018-09-01,11.417,16.667,5.25,0.417,6.0
2018-09-02,4.833,5.583,0.75,0.583,8.25
2018-09-03,5.476,6.476,1.0,0.333,6.783
2018-09-04,8.625,12.333,3.708,1.458,6.75
2018-09-05,12.333,13.583,1.25,2.167,10.042
2018-09-06,22.25,32.333,10.083,2.375,13.667
2018-09-07,15.917,18.542,2.625,1.958,13.167
2018-09-08,7.625,8.333,0.708,0.958,8.0
2018-09-09,13.917,15.167,1.25,1.042,4.13
2018-09-10,8.304,9.652,1.348,0.609,3.625
2018-09-11,5.958,6.375,0.417,0.583,5.667
2018-09-12,8.125,9.042,0.917,0.667,6.917
2018-09-13,9.417,10.5,1.083,0.542,11.333
2018-09-14,8.958,10.208,1.25,0.583,13.458
2018-09-15,8.333,10.042,1.708,1.208,11.739
2018-09-16,12.083,14.625,2.542,1.333,10.913
2018-09-17,10.783,11.957,1.174,0.609,13.0
2018-09-18,20.826,22.739,1.913,1.304,13.696
2018-09-19,25.5,27.167,1.667,2.417,18.792
2018-09-20,15.5,16.542,1.042,0.167,7.208
2018-09-21,16.875,24.208,7.333,0.667,12.292
2018-09-22,6.792,7.667,0.875,0.75,5.522
2018-09-23,12.542,13.458,0.917,1.083,12.167
2018-09-24,16.739,18.913,2.174,0.957,14.75
2018-09-25,16.542,21.125,4.583,1.542,10.292
2018-09-26,4.167,4.708,0.542,0.167,3.87
2018-09-27,8.167,9.958,1.792,1.167,3.522
2018-09-28,5.042,5.458,0.417,0.625,6.174
2018-09-29,3.875,4.125,0.25,0.0,3.833
2018-09-30,4.708,5.083,0.375,0.333,3.826
2018-10-01,18.818,22.273,3.455,1.227,12.435
2018-10-02,21.792,26.833,5.042,1.25,6.292
2018-10-03,21.167,24.875,3.708,1.375,8.542
2018-10-04,7.5,8.0,0.5,1.208,6.958
2018-10-05,5.792,6.583,0.792,0.708,5.875
2018-10-06,8.542,10.0,1.458,0.75,15.0
2018-10-07,9.125,11.708,2.583,0.708,7.208
2018-10-08,15.13,25.348,10.217,1.696,7.833
2018-10-09,12.792,13.958,1.167,1.25,12.667
2018-10-10,15.292,17.083,1.792,0.833,12.25
2018-10-11,9.208,10.292,1.083,0.417,9.958
2018-10-12,17.167,22.125,4.958,2.333,5.917
2018-10-13,7.667,8.292,0.625,1.292,3.957
2018-10-14,15.167,18.25,3.083,3.042,8.708
2018-10-15,18.318,21.727,3.409,2.636,5.217
2018-10-16,18.75,21.042,2.292,1.958,9.083
2018-10-17,19.0,21.417,2.417,1.958,8.042
2018-10-18,23.208,28.083,4.875,1.583,10.833
2018-10-19,12.625,15.125,2.5,1.042,7.429
2018-10-20,13.167,15.417,2.25,1.167,3.417
2018-10-21,15.708,17.833,2.125,1.417,4.333
2018-10-22,10.182,11.545,1.364,1.217,9.0
2018-10-23,13.917,15.75,1.833,0.667,11.333
2018-10-24,17.25,21.625,4.375,1.375,12.083
2018-10-25,28.458,32.792,4.333,1.708,15.167
2018-10-26,10.25,11.292,1.042,1.0,12.875
2018-10-27,18.083,25.083,7.0,1.75,7.542
2018-10-28,13.292,16.625,3.333,1.417,6.833
2018-10-29,26.591,32.227,5.636,2.636,10.739
2018-10-30,14.292,16.917,2.625,1.708,9.455
2018-10-31,9.042,10.458,1.417,0.958,7.292
2018-11-01,15.333,17.333,2.0,0.917,4.391
2018-11-02,18.583,21.083,2.5,1.042,2.783
2018-11-03,14.542,16.917,2.375,1.333,7.458
2018-11-04,18.542,21.875,3.333,2.0,9.625
2018-11-05,28.696,35.174,6.478,1.913,11.708
2018-11-06,28.125,45.417,17.292,1.917,8.667
2018-11-07,11.125,11.875,0.75,0.917,8.042
2018-11-08,10.042,10.833,0.792,1.25,10.917
2018-11-09,16.542,21.792,5.25,2.333,11.913
2018-11-10,17.375,21.167,3.792,1.25,16.583
2018-11-11,13.792,14.375,0.583,1.583,15.708
2018-11-12,13.565,15.174,1.609,0.696,13.75
2018-11-13,14.958,17.75,2.792,0.458,6.625
2018-11-14,17.13,19.478,2.348,0.826,4.348
2018-11-15,17.292,20.625,3.333,1.292,4.696
2018-11-16,18.542,22.958,4.417,1.583,7.417
2018-11-17,25.917,35.667,9.75,2.375,9.304
2018-11-18,18.333,20.042,1.708,1.542,8.542
2018-11-19,13.435,16.478,3.043,0.522,6.333
2018-11-20,23.25,32.625,9.375,1.458,11.167
2018-11-21,23.625,30.042,6.417,1.583,11.208
2018-11-22,10.958,12.542,1.583,1.042,5.792
2018-11-23,12.292,15.125,2.833,1.417,4.913
2018-11-24,15.375,17.833,2.458,1.417,5.522
2018-11-25,17.083,21.333,4.25,2.083,13.417
2018-11-26,24.773,30.636,5.864,0.591,18.174
2018-11-27,22.625,37.5,14.875,1.0,16.708
2018-11-28,26.25,47.417,21.167,0.333,19.792
2018-11-29,24.625,31.792,7.167,0.833,15.25
2018-11-30,35.958,57.417,21.458,2.375,16.875
2018-12-01,27.583,45.958,18.375,1.708,32.542
2018-12-02,8.875,9.333,0.458,1.208,28.5
2018-12-03,13.304,14.826,1.522,0.0,11.708
2018-12-04,8.792,9.458,0.667,0.583,7.125
2018-12-05,15.5,18.458,2.958,0.333,13.0
2018-12-06,12.583,15.083,2.5,0.708,9.958
2018-12-07,8.833,9.583,0.75,1.292,7.958
2018-12-08,11.042,13.375,2.333,1.917,7.583
2018-12-09,7.333,8.375,1.042,1.333,4.625
2018-12-10,14.591,16.682,2.091,0.5,4.043
2018-12-11,10.292,11.208,0.917,0.583,5.045
2018-12-12,16.375,21.208,4.833,0.167,7.478
2018-12-13,19.0,27.708,8.708,1.5,7.25
2018-12-14,11.75,15.125,3.375,1.125,6.458
2018-12-15,19.542,24.417,4.875,0.875,6.875
2018-12-16,17.917,20.083,2.167,0.875,5.958
2018-12-17,19.652,24.217,4.565,1.435,14.875
2018-12-18,16.333,18.875,2.542,1.5,9.792
2018-12-19,37.208,72.5,35.292,1.833,10.75
2018-12-20,34.292,62.042,27.75,0.792,11.375
2018-12-21,14.083,16.375,2.292,0.167,8.917
2018-12-22,19.375,24.625,5.25,0.667,9.208
2018-12-23,19.25,25.25,6.0,0.75,9.792
2018-12-24,15.739,21.0,5.261,0.913,11.25
2018-12-25,30.5,42.917,12.417,2.417,7.125
2018-12-26,20.043,24.565,4.522,0.783,9.455
2018-12-27,15.417,20.458,5.042,1.125,7.304
2018-12-28,10.542,13.75,3.208,1.667,5.0
2018-12-29,8.417,9.792,1.375,1.458,3.458
2018-12-30,7.375,8.083,0.708,1.375,4.75
2018-12-31,5.391,5.652,0.261,0.0,2.565
