date,CH4_mean,CO_mean,HUM_max,HUM_mean,HUM_min,NMHC_mean,NO2_mean,NOX_mean,NO_mean,PM25_mean,SO2_mean,SPM_mean,TEMP_max,TEMP_mean,TEMP_min,THC_mean
2011-01-01,197.833,4.417,88.0,67.417,53.0,18.292,20.292,23.458,3.167,15.083,0.917,14.792,81.0,40.667,18.0,216.125
2011-01-02,194.0,3.174,99.0,67.542,45.0,14.25,12.625,14.667,2.042,7.167,0.292,7.458,111.0,46.333,5.0,208.25
2011-01-03,192.208,3.125,74.0,53.417,30.0,11.958,11.167,12.333,1.167,2.75,0.042,3.042,100.0,39.75,-10.0,204.167
2011-01-04,193.958,4.042,91.0,70.875,45.0,14.708,17.083,19.75,2.667,5.667,0.792,5.083,91.0,31.5,-12.0,208.667
2011-01-05,197.522,3.917,87.0,57.25,32.0,16.0,16.667,23.458,6.792,4.583,0.217,2.75,87.0,27.083,-31.0,213.522
2011-01-06,200.292,5.375,88.0,66.208,40.0,21.25,31.13,47.348,16.217,8.208,1.25,8.0,93.0,30.917,-25.0,221.542
2011-01-07,196.0,2.792,73.0,55.5,32.0,12.833,13.583,14.833,1.25,3.333,0.708,2.375,83.0,40.375,-6.0,208.833
2011-01-08,196.667,2.826,77.0,54.667,36.0,14.0,12.833,14.958,2.125,2.417,0.208,2.75,84.0,37.167,-15.0,210.667
2011-01-09,198.625,3.958,83.0,65.792,51.0,18.083,21.208,27.083,5.875,11.542,0.708,11.583,84.0,39.667,0.0,216.708
2011-01-10,199.833,4.75,99.0,76.083,49.0,21.708,30.625,42.583,11.958,15.0,1.292,14.583,100.0,40.542,-10.0,221.542
2011-01-11,195.087,4.167,99.0,68.458,43.0,20.304,19.5,35.25,15.75,12.083,0.522,12.125,91.0,37.042,-1.0,215.391
2011-01-12,196.375,3.167,73.0,51.417,37.0,17.417,20.87,28.174,7.304,5.583,0.417,4.917,65.0,22.208,-15.0,213.792
2011-01-13,198.682,5.348,98.0,63.727,32.0,28.727,29.545,57.182,27.636,13.391,0.636,10.909,110.0,33.958,-28.0,227.409
2011-01-14,197.708,4.348,71.0,52.667,39.0,19.0,17.917,24.375,6.458,10.75,1.0,8.333,63.0,30.917,-5.0,216.708
2011-01-15,199.708,5.125,77.0,61.958,49.0,21.292,21.292,27.625,6.333,13.208,1.292,11.708,57.0,24.125,-14.0,221.0
2011-01-16,195.542,3.25,59.0,53.292,48.0,17.667,20.458,23.083,2.625,17.0,0.895,14.417,41.0,32.208,19.0,213.208
2011-01-17,198.826,4.167,68.0,56.208,42.0,24.348,29.125,39.417,10.292,19.375,1.087,17.667,70.0,31.833,4.0,223.174
2011-01-18,203.0,6.043,87.0,68.083,49.0,31.333,39.955,71.5,31.545,24.0,2.087,22.391,78.0,26.958,-22.0,234.333
2011-01-19,196.417,4.042,99.0,74.583,54.0,21.708,24.125,36.958,12.833,19.625,1.333,17.167,89.0,47.25,2.0,218.125
2011-01-20,192.125,2.391,99.0,96.292,81.0,13.333,11.875,13.042,1.167,12.75,0.458,10.083,26.0,15.292,6.0,205.458
2011-01-21,191.042,2.458,99.0,96.5,87.0,12.25,11.458,12.458,1.0,4.208,0.0,3.0,33.0,24.417,15.0,203.292
2011-01-22,193.917,3.417,99.0,91.708,77.0,17.083,15.583,22.833,7.25,8.333,0.292,7.708,75.0,48.458,32.0,211.0
2011-01-23,200.739,6.0,99.0,97.417,86.0,25.391,25.208,56.792,31.583,10.042,0.348,10.25,56.0,35.333,3.0,226.13
2011-01-24,197.0,3.417,99.0,80.875,56.0,16.917,22.174,28.87,6.696,8.083,0.542,6.667,34.0,5.792,-20.0,213.917
2011-01-25,196.75,4.417,99.0,72.958,36.0,19.5,23.792,36.208,12.417,9.167,0.833,7.875,84.0,19.75,-28.0,216.25
2011-01-26,198.417,4.13,89.0,63.333,40.0,19.375,24.625,33.417,8.792,9.333,1.125,8.083,49.0,9.458,-19.0,217.792
2011-01-27,198.174,4.348,90.0,66.583,44.0,18.261,22.682,32.409,9.727,9.739,1.087,8.826,58.0,8.417,-41.0,216.435
2011-01-28,198.375,3.708,97.0,63.667,40.0,16.667,17.0,23.542,6.542,10.667,1.167,9.792,48.0,5.583,-27.0,215.042
2011-01-29,192.913,2.375,61.0,41.583,28.0,10.522,6.875,6.958,0.083,5.833,1.0,4.042,57.0,19.458,-10.0,203.435
2011-01-30,197.667,4.042,77.0,52.542,37.0,18.792,22.913,32.435,9.522,8.542,1.0,7.167,53.0,10.708,-30.0,216.458
2011-01-31,196.833,4.125,92.0,62.75,43.0,19.708,24.333,36.458,12.125,9.375,1.25,9.625,81.0,18.667,-39.0,216.542
2011-02-01,194.667,4.217,95.0,60.042,31.0,17.333,17.0,26.125,9.125,11.458,2.375,11.417,120.0,37.0,-35.0,212.0
2011-02-02,192.667,3.208,71.0,46.375,30.0,12.5,12.958,15.25,2.292,6.292,1.167,3.125,36.0,9.167,-24.0,205.167
2011-02-03,198.045,4.696,80.0,53.864,30.0,18.045,24.652,32.435,7.783,8.304,1.478,8.462,64.0,8.375,-48.0,216.091
2011-02-04,197.783,4.833,84.0,53.25,29.0,19.043,28.833,37.042,8.208,12.333,1.261,11.875,100.0,31.833,-39.0,216.826
2011-02-05,199.083,5.333,78.0,61.792,40.0,20.5,25.304,31.0,5.696,15.417,2.292,15.708,90.0,33.542,-15.0,219.583
2011-02-06,199.083,6.25,99.0,92.333,82.0,24.208,34.375,51.333,16.958,36.625,1.833,36.708,42.0,32.875,21.0,223.292
2011-02-07,197.667,6.348,99.0,97.708,91.0,26.292,32.25,52.958,20.708,26.0,1.0,28.25,93.0,66.375,41.0,223.958
2011-02-08,191.667,3.25,85.0,58.417,42.0,13.167,14.583,15.875,1.292,5.667,1.0,5.333,83.0,49.083,5.0,204.833
2011-02-09,195.25,3.542,88.0,47.542,26.0,16.375,22.792,31.958,9.167,6.125,1.167,6.042,69.0,26.375,-19.0,211.625
2011-02-10,197.348,4.696,88.0,63.542,43.0,23.957,29.565,46.652,17.087,13.522,1.545,13.261,88.0,33.167,-17.0,221.304
2011-02-11,194.542,3.5,99.0,59.792,39.0,17.25,19.391,22.478,3.087,11.458,1.542,11.208,74.0,35.417,-18.0,211.792
2011-02-12,194.625,2.958,88.0,55.167,36.0,15.375,13.75,15.542,1.792,8.083,1.208,6.958,81.0,29.625,-17.0,210.0
2011-02-13,198.792,4.87,84.0,59.375,43.0,23.75,33.292,45.625,12.333,17.958,1.708,18.333,81.0,35.5,-12.0,222.542
2011-02-14,194.583,4.5,99.0,85.542,62.0,20.25,29.292,35.917,6.625,28.333,1.875,29.0,58.0,42.708,32.0,214.833
2011-02-15,194.667,4.667,99.0,71.333,44.0,20.417,19.292,33.792,14.5,18.5,1.583,19.417,113.0,62.042,36.0,215.083
2011-02-16,194.739,2.875,90.0,62.458,46.0,14.739,18.625,20.167,1.542,12.833,1.217,11.833,33.0,23.833,14.0,209.478
2011-02-17,196.13,3.652,99.0,77.458,36.0,19.348,22.727,30.545,7.818,20.0,1.217,16.913,72.0,27.125,-1.0,215.478
2011-02-18,193.792,2.542,99.0,50.25,21.0,11.625,8.417,9.0,0.583,8.542,1.167,6.083,50.0,13.333,-13.0,205.417
2011-02-19,197.042,3.609,87.0,56.875,32.0,15.125,15.333,17.208,1.875,11.458,1.292,10.583,74.0,15.792,-34.0,212.167
2011-02-20,198.042,4.042,92.0,59.25,29.0,18.333,23.5,29.542,6.042,13.333,1.333,11.75,100.0,38.833,-27.0,216.375
2011-02-21,198.417,5.042,99.0,56.042,25.0,23.542,33.458,47.667,14.208,14.375,1.667,14.708,121.0,58.333,-14.0,221.958
2011-02-22,195.87,3.565,99.0,69.5,55.0,16.217,21.087,22.913,1.826,22.348,3.045,24.043,96.0,69.958,53.0,212.087
2011-02-23,192.583,4.167,99.0,89.208,53.0,19.042,23.957,29.478,5.522,24.833,1.417,28.417,109.0,69.75,38.0,211.625
2011-02-24,193.583,4.042,77.0,47.792,34.0,13.625,14.25,14.875,0.625,17.556,3.542,22.792,148.0,107.458,78.0,207.208
2011-02-25,193.75,3.87,99.0,92.0,76.0,15.542,17.0,17.875,0.875,,1.292,16.25,89.0,52.542,28.0,209.292
2011-02-26,193.292,3.042,81.0,59.708,43.0,13.167,11.375,12.042,0.667,,1.125,8.708,70.0,48.167,27.0,206.458
2011-02-27,192.292,2.042,44.0,35.542,28.0,10.042,5.708,6.125,0.417,10.0,1.0,6.333,75.0,36.5,5.0,202.333
2011-02-28,194.826,2.833,63.0,47.5,36.0,12.957,15.083,16.375,1.292,11.917,1.783,9.458,60.0,27.833,-4.0,207.783
2011-03-01,195.609,5.0,99.0,84.261,59.0,23.652,28.565,47.696,19.13,13.217,1.0,13.217,102.0,56.792,14.0,219.261
2011-03-02,194.75,4.609,99.0,98.833,97.0,23.458,25.417,48.167,22.75,18.792,1.083,21.375,65.0,50.125,42.0,218.208
2011-03-03,193.333,3.167,99.0,71.458,47.0,13.083,12.75,13.75,1.0,11.375,1.375,11.087,106.0,66.375,32.0,206.417
2011-03-04,195.083,3.0,99.0,72.833,58.0,12.458,10.125,10.333,0.208,17.125,1.125,16.958,58.0,45.167,12.0,207.542
2011-03-05,193.391,4.5,99.0,98.042,92.0,16.783,23.5,28.833,5.333,7.083,1.0,7.833,89.0,49.542,14.0,210.174
2011-03-06,195.792,5.083,99.0,91.167,67.0,24.25,31.522,49.043,17.522,20.0,1.208,26.0,166.0,109.042,71.0,220.042
2011-03-07,191.625,4.174,98.0,67.792,41.0,15.25,17.348,17.826,0.478,19.917,1.739,25.273,142.0,118.917,104.0,206.875
2011-03-08,192.042,3.87,88.0,73.583,65.0,14.083,17.917,18.958,1.042,21.292,1.417,20.167,101.0,88.0,76.0,206.125
2011-03-09,192.792,3.875,99.0,95.667,67.0,15.958,19.125,20.125,1.0,16.25,1.0,16.458,89.0,62.667,40.0,208.75
2011-03-10,191.167,3.083,99.0,90.708,74.0,10.917,10.458,10.667,0.208,3.292,1.0,2.875,64.0,45.708,24.0,202.083
2011-03-11,193.652,3.375,96.0,79.292,52.0,13.565,14.25,15.042,0.792,12.25,1.261,10.583,107.0,60.5,28.0,207.217
2011-03-12,192.167,3.042,86.0,48.5,25.0,11.083,9.174,10.957,1.783,3.958,1.0,3.083,104.0,54.708,6.0,203.25
2011-03-13,193.667,2.542,69.0,48.542,27.0,10.5,10.625,11.333,0.708,5.875,1.042,4.417,98.0,52.667,5.0,204.167
2011-03-14,195.667,3.409,83.0,60.583,44.0,14.5,20.0,21.565,1.565,12.13,1.304,10.696,108.0,57.625,15.0,210.167
2011-03-15,194.917,3.333,97.0,58.667,32.0,14.208,17.208,22.042,4.833,14.375,1.375,13.625,116.0,57.125,7.0,209.125
2011-03-16,196.833,3.833,77.0,57.375,38.0,15.667,23.167,26.417,3.25,16.25,1.583,14.458,105.0,56.375,-3.0,212.5
2011-03-17,197.696,5.5,99.0,86.833,70.0,27.391,36.5,42.875,6.375,44.208,1.783,42.667,78.0,60.292,38.0,225.087
2011-03-18,197.583,6.042,99.0,96.917,85.0,27.417,24.13,36.783,12.652,33.292,1.167,39.75,109.0,84.25,53.0,225.0
2011-03-19,190.875,2.708,99.0,48.333,29.0,13.5,10.792,11.792,1.0,6.0,1.0,6.042,104.0,75.083,45.0,204.375
2011-03-20,190.833,2.783,65.0,42.542,30.0,13.875,11.583,12.125,0.542,12.417,1.25,10.875,125.0,71.917,23.0,204.708
2011-03-21,191.458,2.739,56.0,37.583,19.0,13.125,10.174,10.652,0.478,9.048,1.043,5.762,119.0,68.125,32.0,204.583
2011-03-22,196.75,4.625,82.0,53.875,36.0,24.75,34.417,47.292,12.875,19.5,1.5,20.917,150.0,82.792,2.0,221.5
2011-03-23,194.435,4.917,99.0,82.875,56.0,22.609,31.792,38.083,6.292,23.625,1.13,25.625,116.0,84.958,69.0,217.043
2011-03-24,190.875,4.083,99.0,85.042,45.0,17.792,21.043,23.043,2.0,11.958,1.0,13.667,113.0,76.5,53.0,208.667
2011-03-25,192.708,3.417,99.0,54.833,18.0,15.292,12.458,13.583,1.125,6.833,1.0,6.625,135.0,75.458,15.0,208.0
2011-03-26,196.292,3.522,87.0,50.625,31.0,17.292,19.917,22.375,2.458,10.375,1.0,8.75,104.0,60.167,6.0,213.583
2011-03-27,197.583,4.083,89.0,61.375,31.0,18.708,22.667,26.917,4.25,12.25,1.292,12.375,138.0,72.792,-3.0,216.292
2011-03-28,194.75,3.917,99.0,65.833,35.0,17.458,20.125,25.125,5.0,18.792,1.458,19.958,165.0,90.75,26.0,212.208
2011-03-29,193.0,2.957,71.0,51.458,28.0,14.174,14.217,15.435,1.217,13.208,1.227,13.043,163.0,105.375,32.0,207.174
2011-03-30,191.25,3.167,85.0,63.083,48.0,17.0,19.783,22.739,2.957,12.75,1.167,13.583,193.0,136.833,73.0,208.25
2011-03-31,185.083,2.25,99.0,72.833,48.0,11.458,5.583,5.958,0.375,7.625,1.0,10.333,188.0,132.25,77.0,196.542
2011-04-01,192.292,3.087,89.0,63.542,36.0,13.75,16.083,18.167,2.083,15.333,1.174,15.5,159.0,96.458,18.0,206.042
2011-04-02,192.792,3.917,98.0,59.875,34.0,17.875,20.542,23.542,3.0,21.0,1.478,23.083,185.0,116.75,48.0,210.667
2011-04-03,192.667,2.667,83.0,57.458,42.0,13.625,11.292,11.375,0.083,11.583,1.542,10.708,83.0,66.458,52.0,206.292
2011-04-04,191.826,2.125,67.0,43.333,29.0,9.261,7.217,7.304,0.087,6.25,1.0,6.208,127.0,78.0,38.0,201.087
2011-04-05,195.125,3.292,66.0,46.042,26.0,15.292,23.5,24.917,1.417,14.958,1.458,11.792,161.0,85.167,6.0,210.417
2011-04-06,194.455,3.652,84.0,58.261,29.0,17.5,24.739,28.0,3.261,16.5,1.261,16.091,195.0,117.375,32.0,211.955
2011-04-07,191.583,3.13,87.0,62.083,39.0,16.042,20.875,23.25,2.375,17.583,1.217,18.667,200.0,139.292,74.0,207.625
2011-04-08,187.375,2.0,72.0,58.917,47.0,8.958,7.958,8.5,0.542,10.083,0.261,11.167,205.0,167.833,139.0,196.333
2011-04-09,187.208,2.458,98.0,89.167,62.0,11.583,9.875,10.5,0.625,12.75,0.292,18.875,182.0,153.0,125.0,198.792
2011-04-10,191.783,3.042,98.0,70.25,45.0,12.174,7.087,7.13,0.043,10.958,0.75,11.958,178.0,136.042,102.0,203.957
2011-04-11,191.875,3.417,98.0,80.375,48.0,14.958,13.708,14.625,0.917,21.167,1.0,23.458,191.0,128.25,80.0,206.833
2011-04-12,192.167,2.417,61.0,38.042,20.0,12.208,8.958,8.958,0.0,16.458,1.083,13.375,152.0,102.5,65.0,204.375
2011-04-13,194.35,3.773,68.0,50.125,32.0,18.3,21.227,22.773,1.545,19.13,1.045,18.478,209.0,131.0,40.0,212.65
2011-04-14,193.542,3.917,66.0,50.333,29.0,18.125,20.958,21.833,0.875,24.5,1.292,25.042,228.0,157.417,95.0,211.667
2011-04-15,190.913,3.625,92.0,64.083,47.0,17.174,15.826,17.261,1.435,22.917,1.87,25.208,226.0,170.833,104.0,208.087
2011-04-16,188.696,2.792,98.0,66.042,38.0,10.391,6.458,6.958,0.5,15.375,1.0,17.375,257.0,174.125,105.0,199.087
2011-04-17,191.958,2.542,89.0,55.583,39.0,9.833,4.958,5.042,0.083,11.958,1.208,12.958,176.0,126.208,80.0,201.792
2011-04-18,193.167,3.0,98.0,74.542,59.0,12.958,12.583,12.958,0.375,12.583,1.625,15.542,162.0,136.25,110.0,206.125
2011-04-19,192.958,2.652,98.0,93.667,77.0,12.417,10.958,11.458,0.5,6.773,0.458,8.083,129.0,92.167,54.0,205.375
2011-04-20,196.25,3.167,98.0,72.417,49.0,13.125,13.792,15.0,1.208,7.542,1.333,8.5,151.0,101.458,47.0,209.375
2011-04-21,196.409,2.957,98.0,82.792,60.0,12.818,15.227,16.591,1.364,12.783,1.818,13.957,160.0,115.667,81.0,209.227
2011-04-22,190.522,3.083,98.0,81.958,56.0,15.652,14.667,15.708,1.042,17.542,1.083,21.333,177.0,141.667,104.0,206.174
2011-04-23,184.625,2.0,98.0,97.583,93.0,10.708,5.75,6.292,0.542,4.667,0.583,11.208,171.0,152.75,134.0,195.333
2011-04-24,187.25,2.583,98.0,61.417,35.0,11.542,6.542,6.792,0.25,7.042,1.0,6.792,195.0,152.375,110.0,198.792
2011-04-25,189.917,3.348,98.0,59.5,23.0,14.25,12.833,14.0,1.167,11.833,1.083,11.958,192.0,134.917,81.0,204.167
2011-04-26,191.0,3.625,74.0,56.75,41.0,16.542,19.625,21.208,1.583,14.833,1.375,14.625,201.0,137.25,72.0,207.542
2011-04-27,188.125,3.565,98.0,76.75,51.0,16.333,14.682,15.636,0.955,27.792,1.045,31.696,240.0,174.042,104.0,204.458
2011-04-28,189.565,2.792,97.0,60.167,33.0,9.957,6.708,6.875,0.167,9.208,0.667,13.083,249.0,184.167,116.0,199.522
2011-04-29,194.625,3.125,75.0,55.167,45.0,12.542,9.958,10.0,0.042,9.125,1.292,8.625,179.0,139.083,92.0,207.167
2011-04-30,195.708,3.875,87.0,63.708,40.0,13.292,12.958,13.583,0.625,17.333,1.667,19.167,232.0,162.667,95.0,209.0
2011-05-01,192.125,2.957,98.0,77.292,50.0,13.75,10.75,10.833,0.083,13.792,0.958,18.125,200.0,170.792,146.0,205.875
2011-05-02,193.458,3.292,98.0,54.042,31.0,12.25,11.375,12.167,0.792,44.042,0.958,45.125,232.0,177.75,126.0,205.708
2011-05-03,195.292,3.375,98.0,72.958,47.0,13.458,11.87,11.957,0.087,35.792,1.0,47.875,173.0,146.667,124.0,208.75
2011-05-04,191.087,3.208,98.0,74.333,45.0,13.348,9.583,9.583,0.0,18.708,1.0,24.625,209.0,159.875,123.0,204.435
2011-05-05,192.875,2.833,82.0,74.542,57.0,12.125,7.833,7.833,0.0,12.75,1.042,16.5,150.0,139.958,128.0,205.0
2011-05-06,194.091,3.391,89.0,76.783,60.0,14.364,14.739,15.13,0.391,16.826,1.304,21.0,186.0,152.625,120.0,208.455
2011-05-07,193.042,4.0,98.0,97.417,85.0,20.167,21.208,24.125,2.917,21.917,1.0,34.0,160.0,146.917,137.0,213.208
2011-05-08,189.0,3.0,98.0,62.708,31.0,13.125,7.792,8.333,0.542,14.875,1.167,19.417,256.0,193.875,129.0,202.125
2011-05-09,191.625,4.0,93.0,68.0,41.0,16.417,16.609,17.696,1.087,20.458,1.478,26.458,222.0,177.583,121.0,208.042
2011-05-10,189.261,3.583,97.0,78.917,58.0,18.826,20.708,22.708,2.0,16.609,1.125,23.917,272.0,208.208,170.0,208.087
2011-05-11,193.5,3.391,98.0,97.917,97.0,15.25,17.13,17.391,0.261,8.565,0.696,14.826,173.0,143.333,136.0,208.75
2011-05-12,191.958,3.5,98.0,97.5,91.0,16.625,14.042,14.458,0.417,7.417,0.292,12.875,153.0,145.583,134.0,208.583
2011-05-13,190.792,4.087,97.0,85.0,59.0,17.167,19.417,21.333,1.917,13.292,1.0,21.417,240.0,190.542,152.0,207.958
2011-05-14,190.292,3.167,85.0,50.583,34.0,14.125,11.458,11.875,0.417,26.333,1.167,36.833,239.0,192.708,134.0,204.417
2011-05-15,191.125,2.5,59.0,38.958,23.0,11.417,6.957,7.217,0.261,14.458,1.13,16.667,239.0,187.708,122.0,202.542
2011-05-16,190.696,3.333,80.0,62.333,47.0,13.609,14.333,15.542,1.208,19.957,1.0,21.208,218.0,179.417,127.0,204.304
2011-05-17,191.25,3.833,98.0,84.667,63.0,16.417,17.625,18.833,1.208,25.5,1.25,29.125,203.0,161.542,138.0,207.667
2011-05-18,193.125,3.917,98.0,74.917,43.0,14.917,15.542,17.208,1.667,25.958,1.542,35.458,227.0,175.458,131.0,208.042
2011-05-19,192.0,3.818,92.0,64.5,35.0,15.875,18.217,19.087,0.87,26.739,1.478,32.739,251.0,193.0,123.0,207.875
2011-05-20,189.833,3.5,91.0,70.792,49.0,17.542,18.042,19.375,1.333,32.318,1.208,45.25,265.0,210.167,155.0,207.375
2011-05-21,186.583,3.167,97.0,77.167,53.0,15.708,13.391,14.696,1.304,30.875,1.0,47.125,271.0,220.083,171.0,202.292
2011-05-22,186.783,2.375,98.0,86.417,57.0,12.957,7.208,7.833,0.625,14.458,0.375,21.333,285.0,199.333,147.0,199.739
2011-05-23,192.333,2.625,98.0,87.833,75.0,13.792,13.375,13.958,0.583,7.958,0.458,12.0,163.0,142.917,119.0,206.125
2011-05-24,194.583,2.75,98.0,87.875,62.0,14.292,15.292,15.833,0.542,6.75,0.208,9.625,168.0,132.958,110.0,208.875
2011-05-25,195.125,3.217,98.0,72.333,38.0,14.667,14.792,17.875,3.083,11.375,0.958,13.708,217.0,167.958,110.0,209.792
2011-05-26,197.042,3.609,97.0,84.708,62.0,18.042,22.13,24.304,2.174,17.87,1.13,24.783,201.0,176.125,153.0,215.083
2011-05-27,194.667,4.0,97.0,89.542,70.0,17.083,16.783,18.391,1.609,17.167,1.478,28.583,186.0,171.25,160.0,211.75
2011-05-28,191.609,3.5,97.0,97.0,97.0,14.826,15.208,16.417,1.208,6.417,0.5,17.125,185.0,171.458,156.0,206.435
2011-05-29,189.292,2.917,97.0,97.0,97.0,12.583,9.083,9.792,0.708,2.417,0.125,9.167,184.0,174.875,159.0,201.875
2011-05-30,185.167,2.0,97.0,76.708,55.0,9.25,5.167,5.5,0.333,-0.042,0.583,1.25,209.0,170.0,153.0,194.417
2011-05-31,189.375,2.0,72.0,64.5,57.0,9.5,8.0,8.5,0.5,9.917,1.0,11.042,183.0,149.25,117.0,198.875
2011-06-01,191.333,2.708,96.0,71.708,62.0,12.25,13.875,15.083,1.208,25.5,1.208,29.167,159.0,137.875,115.0,203.583
2011-06-02,193.045,3.609,98.0,97.417,96.0,16.818,19.476,23.238,3.762,22.87,1.0,35.435,161.0,143.292,131.0,209.864
2011-06-03,190.682,3.783,98.0,84.333,57.0,17.364,15.348,17.957,2.609,13.958,1.13,25.391,239.0,184.958,137.0,208.045
2011-06-04,188.0,3.667,97.0,79.583,56.0,15.625,11.75,13.375,1.625,25.042,1.0,38.0,252.0,205.417,150.0,203.625
2011-06-05,188.542,4.042,97.0,84.25,67.0,17.458,11.292,12.333,1.042,35.25,1.0,56.542,245.0,206.667,172.0,206.0
2011-06-06,187.5,3.522,97.0,72.542,34.0,13.583,10.625,11.458,0.833,26.083,1.375,36.042,276.0,215.167,165.0,201.083
2011-06-07,188.125,3.583,95.0,82.25,62.0,17.083,16.458,18.042,1.583,26.083,3.042,40.583,230.0,201.458,182.0,205.208
2011-06-08,188.167,3.304,97.0,87.833,71.0,17.75,17.409,18.227,0.818,11.522,1.045,23.217,218.0,188.708,170.0,205.917
2011-06-09,192.217,3.875,97.0,84.542,64.0,19.522,17.917,19.75,1.833,13.958,2.208,28.708,242.0,204.375,171.0,211.739
2011-06-10,187.333,3.333,97.0,86.75,73.0,17.958,15.25,16.375,1.125,17.917,1.25,34.333,247.0,219.0,191.0,205.292
2011-06-11,188.542,4.125,97.0,94.083,79.0,18.292,13.917,15.083,1.167,19.25,1.458,39.833,237.0,211.333,198.0,206.833
2011-06-12,195.625,5.304,97.0,87.25,62.0,23.083,15.0,16.125,1.125,29.167,1.792,56.417,243.0,217.083,201.0,218.708
2011-06-13,193.667,5.042,97.0,94.542,85.0,20.875,24.125,25.792,1.667,18.958,2.083,40.25,220.0,201.042,177.0,214.542
2011-06-14,192.167,4.333,97.0,88.75,68.0,18.583,18.739,20.174,1.435,19.217,1.565,38.375,231.0,208.042,194.0,210.75
2011-06-15,192.087,3.333,97.0,70.375,53.0,15.522,15.542,16.125,0.583,6.917,1.667,17.333,221.0,200.083,183.0,207.609
2011-06-16,193.261,3.652,97.0,89.583,77.0,18.87,18.273,21.636,3.364,14.304,1.174,24.957,221.0,191.375,165.0,212.13
2011-06-17,189.542,2.917,97.0,97.0,97.0,15.417,12.917,13.333,0.417,5.625,1.0,14.25,190.0,179.25,164.0,204.958
2011-06-18,191.292,3.783,97.0,94.625,82.0,16.292,13.792,14.458,0.667,12.708,1.333,27.5,204.0,189.792,179.0,207.583
2011-06-19,195.5,3.792,97.0,91.5,79.0,17.0,9.25,9.417,0.167,16.318,1.083,37.333,231.0,204.0,185.0,212.5
2011-06-20,188.667,3.375,97.0,90.833,75.0,15.958,13.043,15.0,1.957,11.958,1.0,26.708,251.0,224.417,198.0,204.625
2011-06-21,183.478,2.667,97.0,82.833,61.0,17.043,13.792,18.458,4.667,7.125,1.0,14.042,287.0,242.583,212.0,200.522
2011-06-22,185.5,3.522,97.0,72.652,42.0,20.5,15.913,17.87,1.957,20.417,1.0,31.826,321.0,269.083,207.0,206.0
2011-06-23,179.625,2.458,97.0,81.167,60.0,17.792,13.958,19.208,5.25,16.174,1.083,29.125,314.0,268.5,238.0,197.417
2011-06-24,177.25,1.783,78.0,69.042,55.0,14.0,9.875,12.542,2.667,15.458,1.0,22.5,323.0,286.417,258.0,191.25
2011-06-25,186.708,2.917,97.0,84.375,70.0,17.625,15.083,17.542,2.458,14.083,1.375,24.292,281.0,246.75,207.0,204.333
2011-06-26,196.333,3.583,97.0,96.292,91.0,18.208,12.478,13.435,0.957,21.917,0.652,40.833,221.0,208.667,200.0,214.542
2011-06-27,197.435,3.833,97.0,96.833,95.0,21.261,22.417,26.333,3.917,15.667,0.417,36.292,225.0,212.792,206.0,218.696
2011-06-28,191.25,4.208,97.0,79.667,50.0,23.667,21.292,28.292,7.0,19.478,1.083,39.542,331.0,266.5,214.0,214.917
2011-06-29,187.167,3.217,95.0,72.5,53.0,19.708,16.652,18.565,1.913,19.478,1.957,34.261,330.0,285.708,250.0,206.875
2011-06-30,182.875,2.783,97.0,83.125,55.0,18.667,16.25,18.0,1.75,15.417,1.083,26.208,324.0,268.542,236.0,201.542
2011-07-01,181.625,3.0,97.0,81.333,51.0,17.958,14.0,16.625,2.625,17.5,0.792,27.958,311.0,265.0,233.0,199.583
2011-07-02,185.833,2.833,97.0,85.375,67.0,16.75,11.435,12.522,1.087,25.5,1.522,44.5,283.0,259.042,239.0,202.583
2011-07-03,183.217,2.542,97.0,81.667,68.0,15.522,8.5,9.708,1.208,17.417,1.167,27.875,299.0,268.583,234.0,198.739
2011-07-04,178.917,2.042,92.0,74.917,57.0,13.458,7.583,9.958,2.375,25.333,0.958,36.75,332.0,287.333,259.0,192.375
2011-07-05,183.083,2.417,97.0,79.625,58.0,15.833,9.792,10.792,1.0,11.783,0.833,18.958,320.0,270.667,232.0,198.917
2011-07-06,192.583,3.348,94.0,72.833,50.0,20.0,13.958,15.25,1.292,20.217,1.917,28.542,311.0,269.792,240.0,212.583
2011-07-07,185.455,2.435,97.0,84.417,72.0,16.091,12.182,14.591,2.409,11.522,0.909,21.455,281.0,255.833,229.0,201.545
2011-07-08,181.875,2.583,97.0,81.333,64.0,17.417,14.261,18.0,3.739,10.625,1.087,17.458,311.0,275.792,246.0,199.292
2011-07-09,182.783,3.375,97.0,80.167,63.0,21.565,17.458,27.792,10.333,14.458,1.292,25.5,322.0,287.042,267.0,204.348
2011-07-10,178.792,1.958,97.0,79.458,57.0,15.208,8.625,10.375,1.75,10.833,1.042,17.917,328.0,282.75,249.0,194.0
2011-07-11,179.667,2.75,97.0,80.542,55.0,18.25,10.625,14.083,3.458,11.13,1.167,18.458,324.0,280.625,248.0,197.917
2011-07-12,179.583,2.043,97.0,79.958,59.0,14.542,9.542,14.667,5.125,9.417,1.0,14.792,317.0,278.583,247.0,194.125
2011-07-13,180.0,2.13,96.0,78.565,59.0,14.792,11.261,14.478,3.217,10.652,1.0,15.609,319.0,279.667,252.0,194.792
2011-07-14,180.083,2.083,97.0,71.042,50.0,15.167,11.739,14.739,3.0,10.625,1.0,16.333,329.0,284.292,250.0,195.25
2011-07-15,181.522,2.375,97.0,74.042,45.0,20.478,15.042,17.75,2.708,13.667,1.083,21.25,340.0,285.0,243.0,202.0
2011-07-16,180.417,2.208,97.0,76.833,54.0,17.583,10.75,13.083,2.333,16.042,3.083,25.0,327.0,278.917,246.0,198.0
2011-07-17,179.875,1.958,97.0,76.208,56.0,16.292,7.917,10.417,2.5,14.696,1.792,20.042,335.0,284.583,243.0,196.167
2011-07-18,177.0,1.957,97.0,84.292,68.0,15.25,6.417,10.25,3.833,12.0,1.708,18.042,315.0,283.917,262.0,192.25
2011-07-19,174.542,1.542,97.0,97.0,97.0,12.833,4.667,8.417,3.75,7.125,0.5,20.583,271.0,257.083,249.0,187.375
2011-07-20,177.542,1.957,98.0,96.526,86.0,14.167,7.182,9.227,2.045,7.957,0.318,20.522,258.0,237.316,193.0,191.708
2011-07-21,188.261,1.833,98.0,80.667,59.0,13.652,7.667,8.083,0.417,7.5,0.5,8.833,213.0,190.0,170.0,201.913
2011-07-22,190.875,2.0,73.0,62.042,53.0,14.417,8.583,8.958,0.375,10.0,1.0,10.75,236.0,204.167,175.0,205.292
2011-07-23,189.958,2.125,79.0,69.667,57.0,13.958,8.917,9.5,0.583,8.333,1.0,10.958,279.0,230.125,178.0,203.917
2011-07-24,185.667,2.217,96.0,80.875,64.0,13.833,7.917,8.583,0.667,10.75,1.125,17.167,279.0,249.833,221.0,199.5
2011-07-25,184.792,2.25,96.0,76.167,58.0,13.958,10.583,11.708,1.125,15.75,1.0,22.625,299.0,267.125,237.0,198.75
2011-07-26,186.083,2.542,89.0,79.542,69.0,16.708,15.87,18.826,2.957,11.25,0.522,18.125,285.0,261.792,239.0,202.792
2011-07-27,186.652,3.391,96.0,80.167,61.0,21.565,21.609,26.217,4.609,13.478,0.783,20.348,299.0,269.708,248.0,208.217
2011-07-28,190.375,4.042,97.0,91.292,78.0,21.042,22.708,24.125,1.417,18.167,1.125,32.667,278.0,254.333,236.0,211.417
2011-07-29,188.125,4.042,97.0,90.958,73.0,19.542,17.167,20.833,3.667,17.458,0.792,32.708,279.0,254.792,239.0,207.667
2011-07-30,188.042,2.957,97.0,89.042,67.0,17.542,15.833,17.0,1.167,9.875,0.208,21.458,274.0,246.708,227.0,205.583
2011-07-31,187.167,2.458,97.0,96.292,93.0,12.875,8.375,9.333,0.958,9.583,0.042,17.5,231.0,217.625,212.0,200.042
2011-08-01,190.083,2.917,97.0,82.208,67.0,14.917,15.304,16.87,1.565,16.125,1.0,24.125,257.0,231.542,207.0,205.0
2011-08-02,192.043,3.667,96.0,82.583,68.0,18.609,18.708,20.542,1.833,21.667,1.25,30.792,268.0,244.333,219.0,210.652
2011-08-03,192.095,3.522,97.0,90.957,75.0,20.286,18.957,21.261,2.304,25.455,0.957,43.261,278.0,250.083,232.0,212.381
2011-08-04,182.583,2.25,97.0,89.125,72.0,15.875,13.375,16.875,3.5,8.708,0.542,17.208,282.0,254.75,236.0,198.458
2011-08-05,179.417,2.043,97.0,86.125,66.0,13.333,8.625,12.0,3.375,5.833,0.292,9.417,299.0,265.25,237.0,192.75
2011-08-06,180.0,2.667,97.0,83.083,62.0,17.083,11.375,15.875,4.5,10.458,0.583,14.708,311.0,278.0,250.0,197.083
2011-08-07,185.708,3.292,97.0,86.458,60.0,18.125,11.0,12.217,1.217,15.958,0.478,24.042,321.0,272.625,248.0,203.833
2011-08-08,182.696,3.292,97.0,83.292,63.0,16.565,13.208,14.833,1.625,15.208,0.75,23.083,320.0,274.333,235.0,199.261
2011-08-09,182.292,2.917,95.0,80.5,62.0,16.708,13.667,15.0,1.333,18.417,0.583,26.333,330.0,287.083,252.0,199.0
2011-08-10,181.792,3.125,97.0,78.75,58.0,16.333,13.833,15.583,1.75,23.792,0.667,33.417,333.0,297.75,261.0,198.125
2011-08-11,183.375,3.409,97.0,84.208,57.0,19.167,17.391,18.652,1.261,22.913,0.957,34.783,350.0,291.083,270.0,202.542
2011-08-12,186.708,3.5,92.0,74.25,48.0,17.542,13.333,14.375,1.042,25.917,1.292,37.5,337.0,293.792,263.0,204.25
2011-08-13,189.542,3.417,97.0,78.625,56.0,16.875,9.609,9.87,0.261,33.0,1.522,51.333,321.0,287.708,269.0,206.417
2011-08-14,185.261,3.167,97.0,77.458,60.0,15.522,7.0,7.167,0.167,30.75,0.583,44.0,331.0,290.917,259.0,200.783
2011-08-15,183.25,2.417,94.0,74.875,58.0,15.583,7.833,8.125,0.292,20.542,0.292,30.875,329.0,293.167,258.0,198.833
2011-08-16,184.75,2.792,89.0,76.417,61.0,15.625,8.958,9.208,0.25,23.958,0.75,32.875,329.0,296.583,266.0,200.375
2011-08-17,186.667,3.0,90.0,72.958,58.0,15.917,9.083,9.292,0.208,21.875,0.833,29.833,333.0,300.875,267.0,202.583
2011-08-18,183.25,2.739,89.0,70.083,52.0,15.542,12.783,13.652,0.87,25.522,0.826,34.652,359.0,311.833,273.0,198.792
2011-08-19,188.25,2.625,98.0,91.583,80.0,15.042,11.043,11.826,0.783,9.25,0.435,15.875,292.0,245.833,210.0,203.292
2011-08-20,189.565,2.583,97.0,87.208,72.0,15.087,12.208,13.083,0.875,4.875,0.167,11.708,237.0,221.042,210.0,204.652
2011-08-21,190.0,2.125,98.0,97.417,95.0,13.167,6.083,6.292,0.208,2.208,0.042,7.208,207.0,196.958,189.0,203.167
2011-08-22,193.875,2.833,98.0,95.708,90.0,16.667,16.833,18.125,1.292,3.417,0.0,10.333,221.0,207.208,192.0,210.542
2011-08-23,190.167,3.391,97.0,92.625,76.0,17.167,16.5,19.708,3.208,14.042,0.5,27.958,284.0,242.458,214.0,207.333
2011-08-24,180.958,2.167,97.0,88.25,71.0,13.042,8.833,13.667,4.833,10.167,0.542,18.667,299.0,259.5,221.0,194.0
2011-08-25,179.542,2.174,97.0,93.917,83.0,14.417,10.591,19.545,8.955,2.87,0.773,7.522,270.0,249.625,239.0,193.958
2011-08-26,184.217,2.875,97.0,90.042,64.0,16.913,11.667,21.458,9.792,8.583,1.0,13.583,296.0,247.417,220.0,201.13
2011-08-27,188.125,2.792,97.0,92.292,81.0,14.708,15.958,17.625,1.667,9.708,0.958,17.042,251.0,232.375,219.0,202.833
2011-08-28,190.208,2.583,97.0,78.5,61.0,14.083,9.875,9.958,0.083,11.375,1.458,14.583,281.0,249.75,216.0,204.292
2011-08-29,188.667,2.043,97.0,76.333,57.0,13.042,11.75,12.333,0.583,10.625,1.292,14.208,291.0,256.5,227.0,201.708
2011-08-30,187.083,1.917,97.0,74.625,46.0,11.458,9.625,10.125,0.5,9.375,1.0,12.708,299.0,254.458,220.0,198.542
2011-08-31,185.208,2.208,97.0,87.083,70.0,14.125,14.304,17.261,2.957,9.042,1.13,17.458,287.0,251.667,212.0,199.333
2011-09-01,184.524,2.087,97.0,90.375,75.0,13.81,11.0,16.696,5.696,7.458,1.565,14.565,290.0,270.042,252.0,198.333
2011-09-02,181.542,1.792,97.0,85.708,65.0,11.375,5.542,9.833,4.292,10.583,1.167,18.292,301.0,274.417,255.0,192.917
2011-09-03,177.875,1.0,97.0,87.083,80.0,8.417,1.417,2.667,1.25,12.208,0.958,21.042,284.0,269.792,248.0,186.292
2011-09-04,178.5,1.0,97.0,84.875,71.0,8.5,2.5,3.333,0.833,8.792,1.0,14.917,276.0,259.083,227.0,187.0
2011-09-05,181.75,2.333,97.0,96.458,90.0,12.958,12.875,16.375,3.5,5.75,1.0,14.583,256.0,240.667,225.0,194.708
2011-09-06,187.75,2.167,96.0,76.875,57.0,13.458,14.0,14.826,0.826,6.958,1.13,10.292,261.0,238.833,221.0,201.208
2011-09-07,191.391,2.583,94.0,73.583,53.0,12.913,14.625,15.667,1.042,13.792,1.167,19.542,276.0,234.792,206.0,204.304
2011-09-08,191.875,2.957,95.0,77.391,51.0,14.125,15.217,16.348,1.13,17.913,1.087,26.043,286.0,241.75,203.0,206.0
2011-09-09,189.542,2.917,97.0,79.292,65.0,13.958,15.042,16.25,1.208,17.625,1.0,27.75,304.0,265.458,224.0,203.5
2011-09-10,186.0,2.87,97.0,83.208,59.0,13.5,12.25,16.083,3.833,15.0,1.0,25.0,310.0,273.167,245.0,199.5
2011-09-11,181.0,1.708,97.0,83.792,57.0,9.833,7.458,9.375,1.917,7.833,1.083,11.792,299.0,269.792,253.0,190.833
2011-09-12,182.75,1.958,97.0,79.833,54.0,10.25,8.565,12.391,3.826,6.958,1.0,10.917,306.0,264.833,224.0,193.0
2011-09-13,182.826,2.167,97.0,81.5,58.0,15.217,11.583,16.167,4.583,11.042,1.667,14.75,309.0,267.083,233.0,198.043
2011-09-14,183.333,2.333,97.0,81.792,57.0,16.75,12.583,16.625,4.042,14.625,2.0,20.458,317.0,268.292,237.0,200.083
2011-09-15,181.826,2.043,97.0,81.833,53.0,16.304,10.957,15.522,4.565,10.25,1.435,16.609,309.0,266.708,230.0,198.13
2011-09-16,180.417,1.826,97.0,84.833,62.0,13.917,7.25,12.417,5.167,7.625,1.208,11.042,301.0,265.083,230.0,194.333
2011-09-17,177.375,1.292,97.0,88.208,73.0,12.167,4.792,8.667,3.875,6.042,1.083,11.375,289.0,264.0,243.0,189.542
2011-09-18,180.042,1.542,97.0,81.167,61.0,13.417,5.565,7.435,1.87,7.565,1.652,12.0,302.0,267.0,233.0,193.458
2011-09-19,184.652,2.292,98.0,85.083,59.0,13.043,8.667,10.458,1.792,14.583,1.667,20.875,307.0,250.417,190.0,197.696
2011-09-20,189.5,2.5,98.0,98.0,98.0,16.458,14.75,16.0,1.25,2.292,1.0,7.583,191.0,186.5,176.0,205.958
2011-09-21,185.875,1.917,98.0,93.625,78.0,13.042,9.167,10.5,1.333,2.667,0.958,9.875,243.0,204.167,169.0,198.917
2011-09-22,185.917,2.364,98.0,84.708,52.0,15.417,12.348,15.391,3.043,6.522,1.0,9.455,276.0,218.083,181.0,201.333
2011-09-23,190.083,2.25,98.0,76.75,52.0,16.083,10.875,11.875,1.0,4.667,1.0,6.917,212.0,187.208,170.0,206.167
2011-09-24,193.875,3.042,97.0,69.292,42.0,15.542,13.609,16.217,2.609,8.083,1.565,9.583,230.0,187.625,145.0,209.417
2011-09-25,193.0,2.917,84.0,70.917,55.0,16.609,14.333,15.208,0.875,10.125,1.625,13.917,222.0,192.5,167.0,209.609
2011-09-26,193.125,3.458,98.0,88.417,79.0,18.708,22.125,27.375,5.25,13.875,1.083,19.375,182.0,171.875,162.0,211.833
2011-09-27,189.833,2.708,92.0,73.583,49.0,15.167,16.833,19.667,2.833,9.75,1.0,13.125,228.0,188.0,164.0,205.0
2011-09-28,190.833,2.609,90.0,67.083,41.0,15.667,17.542,19.333,1.792,14.958,1.0,15.917,234.0,185.917,145.0,206.5
2011-09-29,189.167,2.833,95.0,74.125,50.0,15.792,18.083,20.625,2.542,15.167,1.208,19.458,246.0,196.917,148.0,204.958
2011-09-30,190.565,3.957,98.0,76.167,61.0,22.174,25.048,28.143,3.095,22.696,1.286,30.435,269.0,223.083,170.0,212.739
2011-10-01,189.609,2.375,68.0,54.042,44.0,13.217,9.25,9.5,0.25,7.125,1.375,9.625,235.0,214.208,183.0,202.826
2011-10-02,191.292,2.292,71.0,65.083,51.0,13.792,8.87,9.043,0.174,12.417,1.167,15.208,191.0,175.708,168.0,205.083
2011-10-03,191.167,1.833,61.0,49.25,37.0,10.958,7.458,7.792,0.333,5.375,1.0,6.5,205.0,171.875,149.0,202.125
2011-10-04,194.583,2.913,72.0,57.0,44.0,13.625,15.667,17.208,1.542,9.542,1.958,11.792,207.0,171.542,130.0,208.208
2011-10-05,194.083,3.042,98.0,92.75,73.0,16.042,19.083,20.75,1.667,9.833,1.458,16.042,167.0,147.458,133.0,210.125
2011-10-06,189.455,2.696,98.0,86.478,60.0,14.409,13.565,14.304,0.739,4.818,1.0,8.955,239.0,195.5,156.0,203.864
2011-10-07,189.957,2.75,98.0,55.792,27.0,14.348,12.417,13.667,1.25,12.75,1.125,15.292,243.0,193.417,152.0,204.304
2011-10-08,193.917,3.875,91.0,64.75,41.0,18.042,16.826,19.478,2.652,19.75,1.417,23.25,219.0,175.125,137.0,211.958
2011-10-09,195.625,4.417,98.0,77.083,63.0,17.708,14.5,14.667,0.167,23.417,2.042,32.292,220.0,181.292,150.0,213.333
2011-10-10,193.958,4.13,98.0,85.0,57.0,17.5,13.458,13.958,0.5,26.083,1.0,38.667,233.0,190.583,158.0,211.458
2011-10-11,195.167,4.833,98.0,76.0,44.0,23.042,28.208,31.875,3.667,28.25,2.25,37.125,226.0,188.458,150.0,218.208
2011-10-12,194.0,3.609,94.0,76.125,53.0,17.208,15.565,15.826,0.261,31.542,1.409,41.391,221.0,189.042,161.0,211.208
2011-10-13,195.478,4.542,91.0,76.417,68.0,20.826,27.125,30.125,3.0,33.875,1.833,43.292,216.0,181.417,152.0,216.304
2011-10-14,194.25,4.25,98.0,86.417,64.0,18.083,17.913,28.87,10.957,34.625,2.167,47.917,233.0,190.917,146.0,212.333
2011-10-15,188.0,3.75,98.0,95.208,89.0,18.417,18.083,23.917,5.833,17.875,0.875,32.542,225.0,210.375,191.0,206.417
2011-10-16,183.083,2.304,97.0,73.583,35.0,11.75,6.833,7.75,0.917,8.625,0.667,14.375,285.0,230.333,194.0,194.833
2011-10-17,190.708,3.625,93.0,74.25,51.0,16.458,17.417,18.5,1.083,19.833,1.0,27.0,228.0,199.75,167.0,207.167
2011-10-18,190.208,2.25,77.0,62.833,56.0,12.542,9.25,9.5,0.25,10.083,0.826,13.0,200.0,183.375,161.0,202.75
2011-10-19,192.565,2.565,84.0,76.333,71.0,18.391,,,,12.0,1.087,15.217,157.0,147.542,138.0,210.957
2011-10-20,192.0,2.917,91.0,76.583,66.0,16.958,26.625,28.875,2.25,14.417,1.042,19.583,186.0,162.917,138.0,208.958
2011-10-21,190.083,2.75,98.0,85.292,71.0,17.208,18.042,20.625,2.583,14.083,0.833,22.042,196.0,169.25,154.0,207.292
2011-10-22,185.792,2.522,98.0,97.292,92.0,13.667,13.25,15.5,2.25,2.792,0.0,9.458,210.0,183.625,156.0,199.458
2011-10-23,182.917,2.417,97.0,89.167,74.0,14.417,9.208,10.375,1.167,5.25,0.208,11.75,241.0,215.875,198.0,197.333
2011-10-24,187.625,3.167,98.0,87.5,70.0,18.708,20.583,23.625,3.042,11.167,0.696,19.583,212.0,196.0,183.0,206.333
2011-10-25,189.826,2.875,98.0,73.708,52.0,19.348,14.833,17.042,2.208,15.0,0.625,26.0,245.0,200.917,166.0,209.174
2011-10-26,191.417,2.087,65.0,48.25,40.0,13.792,8.318,8.545,0.227,1.182,0.522,5.609,185.0,150.25,109.0,205.208
2011-10-27,198.917,3.875,90.0,66.875,43.0,23.292,26.208,32.958,6.75,15.6,1.375,16.583,174.0,123.917,81.0,222.208
2011-10-28,197.25,3.391,98.0,75.167,51.0,23.333,23.792,29.708,5.917,14.833,1.125,19.292,181.0,131.167,81.0,220.583
2011-10-29,195.708,3.458,98.0,76.333,43.0,21.083,20.917,24.917,4.0,18.083,1.0,23.792,199.0,144.292,92.0,216.792
2011-10-30,193.375,2.875,92.0,77.792,62.0,17.375,12.083,12.333,0.25,22.208,1.0,32.0,180.0,156.5,134.0,210.75
2011-10-31,191.0,3.042,98.0,70.958,44.0,12.609,16.833,22.958,6.125,13.542,1.0,21.458,217.0,171.292,138.0,203.609
2011-11-01,195.583,3.75,96.0,69.0,34.0,17.292,25.826,31.261,5.435,9.75,1.125,14.333,203.0,152.125,109.0,212.875
2011-11-02,195.864,4.478,98.0,81.043,55.0,20.545,28.0,37.348,9.348,19.652,1.391,25.0,204.0,148.458,95.0,216.409
2011-11-03,195.667,6.087,98.0,84.708,64.0,28.375,30.125,41.042,10.917,29.667,1.125,41.458,193.0,161.708,136.0,224.042
2011-11-04,192.87,5.087,98.0,83.042,57.0,21.652,26.0,36.652,10.652,23.083,1.522,33.05,210.0,162.458,118.0,214.522
2011-11-05,196.167,6.333,98.0,89.708,72.0,24.833,32.833,39.792,6.958,46.417,1.391,66.917,219.0,171.833,131.0,221.0
2011-11-06,195.348,4.958,98.0,95.333,90.0,25.0,18.708,20.792,2.083,50.625,0.042,81.333,182.0,171.542,162.0,220.348
2011-11-07,190.167,3.125,98.0,70.667,47.0,18.875,13.87,15.565,1.696,6.917,0.0,14.417,215.0,179.083,146.0,209.042
2011-11-08,190.667,3.0,98.0,66.375,48.0,19.583,17.458,18.458,1.0,8.583,,7.222,170.0,148.542,127.0,210.25
2011-11-09,193.333,4.0,89.0,71.125,51.0,23.75,23.304,34.13,10.826,10.333,,13.429,146.0,120.75,93.0,217.083
2011-11-10,195.583,3.5,90.0,74.333,62.0,23.167,24.5,31.042,6.542,16.083,,16.833,148.0,124.5,100.0,218.75
2011-11-11,194.25,3.125,98.0,93.0,70.0,22.542,21.958,25.667,3.708,15.542,,17.208,126.0,114.417,102.0,216.792
2011-11-12,195.304,3.417,98.0,85.292,63.0,19.87,19.458,22.583,3.125,6.333,,7.083,191.0,153.792,118.0,215.174
2011-11-13,196.583,4.75,98.0,80.708,51.0,25.167,16.652,22.565,5.913,16.958,,21.375,209.0,167.0,134.0,221.75
2011-11-14,194.167,4.292,98.0,79.333,53.0,21.5,21.083,24.333,3.25,21.625,,25.667,191.0,156.792,127.0,215.667
2011-11-15,193.625,3.783,98.0,73.583,54.0,19.208,18.917,23.125,4.208,14.75,,15.458,145.0,121.542,94.0,212.833
2011-11-16,194.435,3.174,81.0,58.208,41.0,19.043,18.652,22.0,3.348,8.87,1.0,5.909,141.0,104.167,77.0,213.478
2011-11-17,196.875,4.208,93.0,61.042,32.0,24.375,23.208,34.0,10.792,11.708,0.696,9.458,180.0,115.125,66.0,221.25
2011-11-18,194.13,4.625,95.0,76.417,68.0,25.565,26.667,37.958,11.292,18.583,1.565,18.458,129.0,112.417,99.0,219.696
2011-11-19,193.25,5.261,98.0,97.5,94.0,27.25,25.348,42.522,17.174,21.762,0.409,29.375,162.0,122.75,104.0,220.5
2011-11-20,191.333,4.5,98.0,75.625,48.0,21.083,12.625,21.125,8.5,4.667,0.0,7.25,213.0,162.917,115.0,212.417
2011-11-21,191.125,2.783,69.0,52.5,39.0,16.333,15.833,18.75,2.917,3.458,0.167,2.083,148.0,106.542,67.0,207.458
2011-11-22,194.667,3.875,94.0,66.208,38.0,22.458,22.625,33.083,10.458,7.542,0.542,5.583,134.0,84.875,35.0,217.125
2011-11-23,195.958,4.917,97.0,76.208,53.0,28.333,28.875,36.625,7.75,20.417,1.417,21.875,149.0,101.333,53.0,224.292
2011-11-24,194.522,4.174,99.0,64.583,34.0,19.826,20.348,28.957,8.609,14.583,0.727,16.217,170.0,107.875,63.0,214.348
2011-11-25,195.625,3.792,90.0,60.542,35.0,19.875,21.174,31.217,10.043,6.5,0.5,4.583,143.0,84.125,33.0,215.5
2011-11-26,198.917,5.167,94.0,71.0,45.0,25.583,28.333,45.458,17.125,12.333,1.091,10.25,129.0,75.792,31.0,224.5
2011-11-27,200.5,5.913,99.0,80.708,55.0,28.083,25.625,38.667,13.042,23.0,0.917,23.75,137.0,85.333,42.0,228.583
2011-11-28,201.125,7.208,99.0,76.5,49.0,34.875,29.542,69.792,40.25,22.042,0.958,25.875,137.0,99.208,62.0,236.0
2011-11-29,200.875,6.667,97.0,72.542,49.0,36.75,35.5,74.375,38.875,25.292,1.292,27.333,162.0,122.0,99.0,237.625
2011-11-30,196.174,5.792,98.0,84.708,59.0,25.217,26.917,48.917,22.0,24.583,1.609,31.375,181.0,128.75,79.0,221.391
2011-12-01,193.125,2.75,99.0,92.042,77.0,14.417,16.783,17.783,1.0,5.042,0.0,5.375,102.0,66.833,43.0,207.542
2011-12-02,192.318,2.478,99.0,88.167,67.0,14.545,14.043,15.174,1.13,6.957,0.043,5.5,66.0,47.625,29.0,206.864
2011-12-03,189.583,3.348,99.0,98.167,97.0,16.792,16.042,21.792,5.75,3.75,0.0,5.875,137.0,105.542,65.0,206.375
2011-12-04,189.5,2.792,98.0,53.458,33.0,16.167,10.75,14.708,3.958,3.292,0.0,4.208,150.0,119.208,65.0,205.667
2011-12-05,194.5,3.042,96.0,65.958,42.0,20.917,15.292,23.625,8.333,4.708,0.083,4.375,140.0,84.833,48.0,215.417
2011-12-06,195.571,3.333,99.0,74.5,54.0,29.714,27.208,30.625,3.417,15.25,0.565,14.458,80.0,62.083,53.0,225.286
2011-12-07,200.958,5.292,99.0,78.833,55.0,33.667,33.478,59.826,26.348,26.833,1.417,27.542,123.0,78.917,44.0,234.625
2011-12-08,195.958,4.435,99.0,94.333,83.0,26.792,25.0,40.0,15.0,30.696,0.783,31.13,75.0,63.583,51.0,222.75
2011-12-09,195.667,4.739,99.0,92.792,70.0,19.917,19.75,31.375,11.625,8.417,0.083,7.667,63.0,35.875,10.0,215.583
2011-12-10,196.125,4.417,96.0,74.0,46.0,20.167,21.125,30.833,9.708,6.375,0.333,5.5,101.0,42.542,-10.0,216.292
2011-12-11,196.583,4.625,98.0,68.417,33.0,22.0,20.125,26.042,5.917,9.583,0.25,8.5,132.0,59.417,3.0,218.583
2011-12-12,196.696,5.208,96.0,77.917,49.0,24.391,26.0,39.25,13.25,12.583,0.217,12.125,139.0,67.042,11.0,221.087
2011-12-13,197.958,4.708,98.0,66.5,45.0,26.042,24.913,41.435,16.522,8.667,0.167,8.167,116.0,75.417,35.0,224.0
2011-12-14,197.708,5.042,99.0,76.583,66.0,27.0,30.292,46.083,15.792,20.917,0.833,20.958,89.0,66.75,47.0,224.708
2011-12-15,195.083,4.636,99.0,69.125,41.0,22.0,23.217,37.217,14.0,13.348,0.522,14.522,152.0,85.083,33.0,217.083
2011-12-16,194.667,3.958,82.0,60.25,41.0,20.25,20.542,27.708,7.167,8.25,0.5,7.625,120.0,78.375,30.0,214.917
2011-12-17,195.958,3.542,85.0,56.083,31.0,18.417,18.5,27.125,8.625,5.792,0.125,3.667,91.0,38.292,-5.0,214.375
2011-12-18,195.609,4.083,89.0,64.542,38.0,20.565,21.042,25.917,4.875,9.75,0.478,8.208,107.0,45.667,-9.0,216.174
2011-12-19,196.667,4.875,98.0,75.625,58.0,23.625,25.652,43.652,18.0,12.542,0.917,10.958,80.0,38.375,6.0,220.292
2011-12-20,194.708,3.542,94.0,63.333,42.0,18.583,21.0,29.833,8.833,6.917,0.75,5.333,92.0,45.917,10.0,213.292
2011-12-21,197.625,5.0,83.0,72.125,56.0,28.167,32.333,51.0,18.667,21.667,1.5,20.042,75.0,38.208,14.0,225.792
2011-12-22,199.625,6.783,99.0,87.292,71.0,35.208,33.609,72.043,38.435,36.217,1.565,34.087,71.0,35.292,5.0,234.833
2011-12-23,192.625,3.292,91.0,55.292,37.0,15.083,15.75,20.75,5.0,5.917,0.5,4.833,77.0,38.292,12.0,207.708
2011-12-24,199.348,5.417,87.0,67.458,43.0,28.652,27.792,49.042,21.25,9.958,,8.083,86.0,26.833,-10.0,228.0
2011-12-25,196.625,4.042,79.0,63.25,47.0,19.833,18.609,21.565,2.957,7.652,,5.292,88.0,33.625,-2.0,216.458
2011-12-26,199.917,4.708,89.0,59.083,33.0,24.792,25.042,38.875,13.833,6.083,,4.25,74.0,21.833,-24.0,224.708
2011-12-27,197.292,3.522,75.0,52.75,31.0,20.667,21.708,31.083,9.375,5.875,,3.875,86.0,27.167,-19.0,217.958
2011-12-28,196.75,3.667,67.0,53.083,38.0,20.875,24.333,30.917,6.583,8.083,,7.208,85.0,42.417,2.0,217.625
2011-12-29,196.917,4.667,91.0,74.208,56.0,25.042,28.542,37.958,9.417,17.125,,17.458,96.0,41.75,-6.0,221.958
2011-12-30,194.739,3.417,99.0,55.583,30.0,14.087,12.0,15.792,3.792,5.458,0.696,5.458,88.0,42.208,-10.0,208.826
2011-12-31,196.458,3.792,71.0,53.708,37.0,15.875,16.304,20.13,3.826,10.167,1.0,9.333,95.0,38.917,-3.0,212.333
2012-01-01,198.957,3.958,85.0,61.875,36.0,25.0,14.875,17.542,2.667,12.625,0.875,11.083,95.0,36.208,-11.0,223.957
2012-01-02,195.833,3.208,80.0,54.833,27.0,19.292,9.208,10.792,1.583,14.625,1.625,13.583,148.0,71.75,5.0,215.125
2012-01-03,196.458,2.833,69.0,54.0,42.0,19.75,9.25,10.875,1.625,7.0,1.042,5.125,71.0,34.208,-10.0,216.208
2012-01-04,195.333,2.435,66.0,46.375,29.0,18.125,8.478,9.522,1.043,1.375,0.958,1.583,60.0,16.75,-10.0,213.458
2012-01-05,199.917,3.875,75.0,60.042,49.0,23.125,20.625,25.5,4.875,7.333,1.0,5.542,58.0,10.292,-26.0,223.042
2012-01-06,196.375,3.708,99.0,64.167,36.0,21.958,17.333,20.833,3.5,9.0,1.0,6.833,89.0,26.625,-32.0,218.333
2012-01-07,202.174,6.217,98.0,71.125,42.0,30.435,33.522,55.522,22.0,15.696,1.696,12.435,87.0,23.208,-25.0,232.609
2012-01-08,200.75,6.125,95.0,70.333,44.0,34.292,32.833,57.833,25.0,16.7,1.167,16.083,105.0,42.708,-7.0,235.042
2012-01-09,197.75,5.167,96.0,82.583,70.0,31.0,31.625,48.042,16.417,,1.458,20.667,81.0,49.25,29.0,228.75
2012-01-10,196.0,3.391,96.0,56.25,41.0,21.458,16.261,19.435,3.174,5.692,1.042,5.792,75.0,38.125,0.0,217.458
2012-01-11,201.375,5.167,86.0,61.375,34.0,29.083,26.292,45.792,19.5,8.25,1.0,6.708,78.0,22.667,-21.0,230.458
2012-01-12,199.958,5.125,79.0,61.708,45.0,27.417,31.75,42.375,10.625,18.708,1.391,19.75,87.0,30.208,-17.0,227.375
2012-01-13,196.13,4.875,85.0,60.583,33.0,26.957,23.583,27.083,3.5,16.042,1.667,15.917,129.0,61.042,-7.0,223.087
2012-01-14,192.375,3.833,99.0,90.625,58.0,22.5,12.542,13.625,1.083,13.75,1.167,14.5,71.0,29.125,5.0,214.875
2012-01-15,193.125,3.13,74.0,54.458,36.0,19.25,12.043,13.261,1.217,5.292,2.0,5.174,68.0,36.875,8.0,212.375
2012-01-16,200.292,5.0,96.0,72.75,50.0,30.792,32.826,49.609,16.783,10.667,1.042,10.875,59.0,18.417,-8.0,231.083
2012-01-17,197.542,4.5,100.0,67.0,40.0,25.458,22.208,39.0,16.792,10.25,1.417,9.875,75.0,24.5,-20.0,223.0
2012-01-18,194.958,3.583,76.0,47.667,27.0,22.458,16.708,23.208,6.5,3.75,1.0,2.667,60.0,17.292,-18.0,217.417
2012-01-19,198.261,4.292,82.0,62.125,36.0,20.478,25.375,31.792,6.417,6.417,1.167,6.042,91.0,25.208,-31.0,218.739
2012-01-20,195.958,3.583,95.0,61.458,30.0,16.667,12.75,14.542,1.792,6.917,1.167,5.208,96.0,37.5,-20.0,212.625
2012-01-21,198.955,5.304,92.0,67.043,46.0,22.727,28.227,41.727,13.5,12.261,1.409,9.957,92.0,36.292,-13.0,221.682
2012-01-22,194.458,3.783,88.0,64.0,50.0,22.583,25.478,34.696,9.217,21.292,1.667,23.167,95.0,59.625,30.0,217.042
2012-01-23,191.875,2.167,88.0,58.375,43.0,14.958,15.667,17.542,1.875,2.875,1.0,3.292,79.0,55.833,30.0,206.833
2012-01-24,192.792,2.875,99.0,82.958,56.0,18.5,20.417,23.958,3.542,12.583,1.043,12.542,96.0,50.417,21.0,211.292
2012-01-25,195.522,3.667,99.0,57.875,28.0,21.652,19.458,28.75,9.292,7.478,1.25,9.875,119.0,50.542,8.0,217.174
2012-01-26,193.958,2.542,55.0,42.75,27.0,16.958,11.167,12.125,0.958,1.667,1.0,2.5,66.0,24.625,-13.0,210.917
2012-01-27,197.958,3.042,74.0,43.667,26.0,18.542,11.667,12.833,1.167,4.375,1.0,2.792,86.0,30.125,-22.0,216.5
2012-01-28,197.0,2.773,100.0,52.917,19.0,18.75,16.19,19.619,3.429,7.13,1.091,5.0,95.0,40.917,0.0,215.75
2012-01-29,198.792,3.292,70.0,50.333,31.0,21.417,20.917,25.25,4.333,6.875,1.042,4.417,119.0,50.167,-7.0,220.208
2012-01-30,199.125,3.208,93.0,56.292,27.0,21.042,17.167,22.458,5.292,9.5,1.478,7.375,133.0,57.875,3.0,220.167
2012-01-31,200.783,4.333,78.0,57.75,35.0,26.565,28.875,36.917,8.042,18.083,1.542,16.375,88.0,36.625,-3.0,227.348
2012-02-01,200.042,4.958,99.0,80.208,58.0,28.958,30.208,49.667,19.458,22.625,1.875,22.208,121.0,55.458,-13.0,229.0
2012-02-02,190.583,3.417,99.0,70.333,51.0,22.0,18.208,23.042,4.833,14.75,1.167,16.792,206.0,138.958,75.0,212.583
2012-02-03,193.917,3.0,69.0,51.292,37.0,18.833,9.435,10.043,0.609,6.083,1.333,5.083,125.0,84.333,45.0,212.75
2012-02-04,195.348,3.652,81.0,54.565,44.0,23.87,22.217,25.652,3.435,16.348,1.217,14.739,156.0,89.542,48.0,219.217
2012-02-05,196.458,3.0,70.0,42.583,31.0,19.708,13.458,14.417,0.958,9.875,1.696,9.083,113.0,82.792,45.0,216.167
2012-02-06,194.348,2.833,100.0,90.542,35.0,22.739,19.583,21.792,2.208,12.583,1.167,9.125,72.0,27.875,6.0,217.087
2012-02-07,196.833,4.292,99.0,81.708,58.0,27.583,27.875,37.042,9.167,24.583,1.375,22.958,106.0,56.375,25.0,224.417
2012-02-08,193.917,2.583,99.0,38.667,19.0,18.042,8.167,10.875,2.708,2.333,1.042,3.208,59.0,35.333,6.0,211.958
2012-02-09,194.542,2.13,45.0,38.792,32.0,16.0,8.696,9.087,0.391,5.458,1.042,2.958,78.0,35.042,3.0,210.542
2012-02-10,197.167,3.167,80.0,53.042,35.0,22.0,16.708,18.042,1.333,13.625,1.292,11.333,97.0,43.708,5.0,219.167
2012-02-11,198.542,3.583,83.0,59.083,40.0,20.833,14.292,16.167,1.875,12.917,1.913,10.458,74.0,29.125,-7.0,219.375
2012-02-12,199.391,4.13,94.0,63.75,45.0,24.217,29.391,33.913,4.522,19.25,2.087,18.565,63.0,22.208,-21.0,223.609
2012-02-13,193.458,3.083,100.0,64.042,21.0,20.542,16.5,20.917,4.417,13.792,1.333,13.042,114.0,53.375,5.0,214.0
2012-02-14,199.5,4.458,90.0,68.125,47.0,29.875,37.208,52.917,15.708,13.75,1.75,11.542,93.0,47.167,2.0,229.375
2012-02-15,195.042,3.957,99.0,87.792,59.0,28.458,27.087,38.522,11.435,21.25,1.167,18.167,74.0,38.125,15.0,223.5
2012-02-16,192.833,2.583,87.0,41.208,26.0,16.833,6.917,7.5,0.583,5.875,1.208,4.042,48.0,23.0,-4.0,209.667
2012-02-17,195.625,2.875,68.0,39.083,25.0,19.208,12.5,13.583,1.083,5.625,1.304,4.25,75.0,28.292,-12.0,214.833
2012-02-18,197.13,4.565,98.0,72.5,48.0,25.87,28.696,41.87,13.174,15.13,1.522,14.913,68.0,38.5,-9.0,223.0
2012-02-19,193.167,2.792,99.0,70.125,46.0,19.25,14.625,15.875,1.25,8.667,1.042,6.5,64.0,33.75,8.0,212.417
2012-02-20,194.042,2.833,66.0,48.042,40.0,17.708,12.958,15.25,2.292,8.25,1.292,4.958,80.0,31.625,2.0,211.75
2012-02-21,196.25,2.739,65.0,47.75,32.0,19.333,17.478,19.304,1.826,7.458,1.417,5.667,79.0,26.542,-17.0,215.583
2012-02-22,198.333,4.333,80.0,64.25,45.0,25.208,28.042,37.625,9.583,13.75,1.625,12.417,92.0,32.875,-22.0,223.542
2012-02-23,193.875,2.792,80.0,52.375,34.0,18.667,14.417,15.5,1.083,11.333,1.783,11.25,99.0,44.833,14.0,212.542
2012-02-24,193.783,2.333,78.0,50.958,32.0,18.478,8.917,9.542,0.625,7.0,1.292,4.875,71.0,24.958,-9.0,212.261
2012-02-25,194.167,2.174,53.0,40.042,25.0,16.333,10.043,10.696,0.652,2.917,1.087,1.435,85.0,21.208,-16.0,210.5
2012-02-26,196.917,3.292,84.0,61.25,39.0,21.333,25.333,29.292,3.958,11.042,1.917,7.792,93.0,32.875,-28.0,218.25
2012-02-27,198.833,4.652,99.0,75.833,60.0,28.583,33.13,42.174,9.043,25.542,2.0,26.583,93.0,50.583,24.0,227.417
2012-02-28,196.792,4.208,99.0,67.833,34.0,25.375,25.458,34.875,9.417,16.917,1.542,19.458,149.0,84.208,21.0,222.167
2012-02-29,,,,,,,,,,,,,,,,
2012-03-01,193.208,3.542,99.0,76.667,41.0,24.5,20.958,27.625,6.667,16.292,1.304,17.417,165.0,115.833,54.0,217.708
2012-03-02,195.696,3.083,61.0,36.792,21.0,15.043,5.083,6.0,0.917,11.583,1.5,10.0,119.0,78.958,39.0,210.739
2012-03-03,196.625,2.542,69.0,44.083,33.0,16.417,8.167,8.958,0.792,9.25,1.25,7.375,94.0,57.458,21.0,213.042
2012-03-04,195.905,2.391,99.0,61.391,48.0,18.19,15.783,17.522,1.739,10.783,1.522,9.435,87.0,55.375,30.0,214.095
2012-03-05,195.625,3.174,99.0,74.0,39.0,22.125,20.13,24.435,4.304,17.167,1.292,15.125,132.0,67.333,13.0,217.75
2012-03-06,197.083,3.792,99.0,61.458,33.0,23.5,23.458,31.917,8.458,22.583,2.125,21.333,165.0,92.917,12.0,220.583
2012-03-07,195.458,3.917,85.0,62.0,39.0,22.417,22.667,27.5,4.833,28.5,2.783,30.125,183.0,117.875,44.0,217.875
2012-03-08,191.87,2.917,83.0,51.333,27.0,17.174,15.75,18.25,2.5,29.958,2.5,30.375,236.0,157.458,80.0,209.043
2012-03-09,194.708,3.625,89.0,51.792,25.0,22.042,20.625,22.625,2.0,30.458,2.25,32.333,235.0,162.083,106.0,216.75
2012-03-10,191.875,2.708,99.0,60.167,27.0,17.917,9.667,10.875,1.208,24.208,1.375,25.333,267.0,131.833,47.0,209.792
2012-03-11,194.792,2.0,54.0,40.167,33.0,14.708,10.227,10.727,0.5,9.458,1.348,6.826,120.0,72.375,32.0,209.5
2012-03-12,195.667,2.542,69.0,50.625,41.0,19.0,20.25,23.292,3.042,13.0,1.458,11.875,162.0,94.5,21.0,214.667
2012-03-13,190.792,2.208,99.0,73.042,51.0,17.625,14.917,18.958,4.042,15.458,1.087,18.833,209.0,145.625,59.0,208.417
2012-03-14,196.304,2.083,96.0,60.333,37.0,17.826,9.292,9.458,0.167,6.792,1.0,5.333,120.0,75.583,56.0,214.13
2012-03-15,200.25,2.958,90.0,62.458,46.0,21.542,19.167,20.875,1.708,17.125,1.625,14.875,142.0,83.042,39.0,221.792
2012-03-16,198.792,3.333,99.0,60.25,30.0,23.333,18.083,22.542,4.458,17.583,1.167,17.083,186.0,112.083,41.0,222.125
2012-03-17,197.625,3.043,72.0,55.042,35.0,17.792,9.391,10.304,0.913,22.917,2.292,22.75,165.0,114.75,54.0,215.417
2012-03-18,190.208,1.652,98.0,74.542,55.0,16.333,5.391,6.522,1.13,29.522,1.261,37.13,209.0,173.042,130.0,206.542
2012-03-19,190.875,2.542,99.0,74.167,38.0,19.625,15.25,18.625,3.375,14.583,1.783,22.917,251.0,189.125,146.0,210.5
2012-03-20,191.043,2.208,99.0,67.958,53.0,21.565,9.792,11.542,1.75,23.667,1.667,31.583,212.0,173.083,140.0,212.609
2012-03-21,193.667,2.125,99.0,42.375,30.0,20.25,9.125,10.167,1.042,5.833,1.167,6.25,144.0,107.875,71.0,213.917
2012-03-22,194.417,2.417,59.0,49.333,34.0,22.417,17.75,19.208,1.458,10.458,1.75,10.417,192.0,132.292,73.0,216.833
2012-03-23,195.458,2.652,85.0,65.292,41.0,24.208,15.739,16.391,0.652,14.042,2.292,14.583,170.0,130.667,108.0,219.667
2012-03-24,195.792,2.583,84.0,76.042,64.0,20.167,8.625,8.958,0.333,19.333,1.542,21.458,144.0,112.208,90.0,215.958
2012-03-25,195.708,2.739,99.0,88.375,64.0,22.292,16.304,17.696,1.391,22.583,1.0,25.0,108.0,89.292,61.0,218.0
2012-03-26,195.087,2.667,68.0,46.208,31.0,21.304,12.833,13.417,0.583,9.125,1.333,8.083,119.0,80.375,36.0,216.391
2012-03-27,196.292,3.042,99.0,89.792,66.0,24.5,20.75,22.208,1.458,19.0,1.125,18.583,85.0,73.125,59.0,220.792
2012-03-28,195.208,3.625,99.0,79.5,49.0,26.5,20.333,26.5,6.167,21.417,1.333,27.042,218.0,140.875,75.0,221.708
2012-03-29,192.333,3.261,97.0,81.583,55.0,25.792,18.652,21.13,2.478,23.333,1.458,30.0,210.0,154.458,111.0,218.125
2012-03-30,194.75,2.708,99.0,90.583,77.0,22.375,12.208,12.542,0.333,20.5,1.0,20.0,106.0,81.167,69.0,217.125
2012-03-31,195.75,2.5,99.0,94.583,85.0,20.917,9.208,9.5,0.292,20.0,1.0,19.792,78.0,69.917,63.0,216.667
2012-04-01,191.5,2.391,60.0,43.833,35.0,11.292,5.708,6.0,0.292,11.5,1.083,10.583,143.0,87.375,30.0,202.792
2012-04-02,194.583,3.083,87.0,63.333,40.0,14.542,13.5,16.25,2.75,10.375,1.458,9.083,143.0,90.667,24.0,209.125
2012-04-03,189.417,3.125,99.0,79.625,46.0,14.833,13.042,16.167,3.125,12.25,1.083,18.042,171.0,118.167,48.0,204.25
2012-04-04,192.739,2.208,42.0,28.917,19.0,8.391,5.333,5.708,0.375,6.917,1.0,4.875,156.0,114.125,79.0,201.13
2012-04-05,192.5,3.13,51.0,35.304,16.0,10.909,9.591,10.318,0.727,17.348,1.739,16.409,211.0,142.958,80.0,203.409
2012-04-06,194.542,2.958,95.0,60.333,30.0,11.792,10.25,11.042,0.792,14.25,1.333,14.542,139.0,90.667,46.0,206.333
2012-04-07,195.625,2.739,77.0,50.5,37.0,11.375,11.667,12.5,0.833,10.458,1.0,9.167,107.0,60.458,20.0,207.0
2012-04-08,196.083,3.0,80.0,58.292,39.0,10.625,8.458,8.833,0.375,12.833,1.375,13.042,139.0,84.042,23.0,206.708
2012-04-09,194.583,3.391,97.0,52.875,22.0,13.708,14.696,17.13,2.435,20.0,1.304,22.818,248.0,150.25,48.0,208.292
2012-04-10,194.0,3.625,97.0,67.875,39.0,17.739,19.75,22.333,2.583,25.667,1.478,32.333,198.0,146.833,81.0,211.739
2012-04-11,189.083,3.083,99.0,81.833,48.0,14.917,15.261,16.087,0.826,22.5,0.875,32.083,178.0,141.333,114.0,204.0
2012-04-12,188.458,3.292,99.0,73.167,45.0,15.042,13.958,15.083,1.125,14.5,0.958,21.833,216.0,156.833,102.0,203.5
2012-04-13,190.292,4.087,98.0,71.167,34.0,17.458,16.875,18.083,1.208,22.0,1.458,27.211,218.0,160.792,113.0,207.75
2012-04-14,191.083,2.917,99.0,99.0,99.0,13.458,10.292,10.458,0.167,8.958,0.375,13.542,108.0,89.542,81.0,204.542
2012-04-15,193.167,3.083,99.0,70.958,44.0,13.375,9.292,9.458,0.167,12.75,1.125,16.042,165.0,115.292,83.0,206.542
2012-04-16,194.318,3.783,97.0,75.5,49.0,16.182,20.0,21.957,1.957,16.087,1.636,19.696,161.0,118.958,66.0,210.5
2012-04-17,192.75,3.917,99.0,81.583,53.0,19.292,20.609,22.609,2.0,20.625,1.458,28.042,188.0,134.75,105.0,212.042
2012-04-18,191.458,3.292,99.0,72.042,49.0,15.875,16.667,18.875,2.208,14.208,1.417,19.042,188.0,137.625,83.0,207.333
2012-04-19,191.333,2.522,87.0,72.292,59.0,12.75,13.792,14.458,0.667,10.417,1.625,15.208,161.0,134.417,105.0,204.083
2012-04-20,192.417,2.833,98.0,77.375,57.0,13.042,16.542,17.333,0.792,9.875,1.875,13.292,157.0,127.792,110.0,205.458
2012-04-21,192.333,2.5,99.0,79.292,70.0,11.75,10.833,11.583,0.75,10.208,1.125,14.333,140.0,113.708,93.0,204.083
2012-04-22,191.261,2.958,99.0,85.542,71.0,13.261,11.5,11.917,0.417,16.917,1.087,19.958,113.0,99.833,89.0,204.522
2012-04-23,191.542,4.0,99.0,98.375,98.0,17.792,23.0,25.455,2.455,9.043,0.174,18.043,141.0,121.958,95.0,209.333
2012-04-24,188.5,3.583,98.0,74.708,44.0,14.5,14.875,16.792,1.917,15.25,1.083,22.833,234.0,177.417,128.0,203.0
2012-04-25,188.292,4.583,98.0,80.458,59.0,14.292,15.75,16.792,1.042,26.667,1.917,42.958,206.0,174.25,140.0,202.583
2012-04-26,184.542,3.167,98.0,95.958,80.0,9.792,9.5,9.792,0.292,17.5,1.292,36.458,182.0,163.875,150.0,194.333
2012-04-27,187.042,3.25,98.0,97.75,94.0,12.375,13.208,14.042,0.833,3.792,0.708,14.417,166.0,157.75,152.0,199.417
2012-04-28,191.478,3.75,98.0,81.167,54.0,16.261,13.667,14.333,0.667,11.625,1.174,24.333,234.0,184.25,147.0,207.739
2012-04-29,191.458,3.792,97.0,78.917,41.0,16.792,10.522,11.087,0.565,20.292,1.375,35.542,257.0,199.25,155.0,208.25
2012-04-30,187.417,3.042,98.0,83.833,64.0,13.0,8.792,8.917,0.125,11.708,1.583,23.708,221.0,198.542,183.0,200.417
2012-05-01,187.333,3.083,98.0,93.25,76.0,15.458,14.792,15.583,0.792,11.625,1.333,24.833,206.0,185.875,173.0,202.792
2012-05-02,186.958,2.5,98.0,97.375,89.0,14.208,12.75,13.125,0.375,6.208,0.458,20.375,179.0,170.333,161.0,201.167
2012-05-03,184.5,2.583,98.0,97.958,97.0,12.833,9.0,9.417,0.417,1.417,0.0,9.75,182.0,166.292,152.0,197.333
2012-05-04,188.174,2.792,98.0,93.625,66.0,15.174,9.0,9.292,0.292,3.333,0.0,13.75,205.0,176.5,159.0,203.348
2012-05-05,189.167,2.792,98.0,66.958,34.0,15.667,9.957,10.304,0.348,8.125,0.708,13.708,250.0,196.583,136.0,204.833
2012-05-06,191.0,3.125,98.0,79.333,49.0,16.708,10.25,10.5,0.25,15.292,1.042,27.0,259.0,179.375,128.0,207.708
2012-05-07,190.409,3.13,96.0,67.391,41.0,15.818,11.13,11.609,0.478,14.783,0.87,25.217,222.0,170.125,117.0,206.227
2012-05-08,191.333,4.167,94.0,72.625,47.0,19.208,16.375,16.917,0.542,25.333,1.792,42.542,234.0,187.542,137.0,210.542
2012-05-09,194.167,4.708,98.0,86.25,65.0,22.375,18.583,19.292,0.708,37.958,1.958,64.875,210.0,178.167,146.0,216.542
2012-05-10,189.652,3.042,98.0,72.667,41.0,12.391,9.5,9.708,0.208,17.417,0.435,30.458,209.0,154.958,120.0,202.043
2012-05-11,189.458,2.375,81.0,53.792,40.0,10.667,9.391,9.652,0.261,5.0,0.833,8.833,201.0,157.083,99.0,200.125
2012-05-12,189.333,2.25,64.0,49.083,38.0,10.625,7.625,7.75,0.125,5.375,0.917,9.25,191.0,147.708,114.0,199.958
2012-05-13,191.375,2.792,88.0,62.792,37.0,13.375,10.083,10.167,0.083,9.583,1.458,12.667,216.0,151.417,81.0,204.75
2012-05-14,190.542,2.696,96.0,74.833,50.0,14.292,12.217,13.043,0.826,13.667,1.391,23.565,233.0,178.625,118.0,204.833
2012-05-15,186.583,2.417,98.0,94.667,75.0,13.583,13.0,13.458,0.458,7.792,0.333,17.25,182.0,172.625,167.0,200.167
2012-05-16,189.391,3.292,98.0,65.25,31.0,18.043,13.792,15.208,1.417,15.417,0.913,26.208,250.0,203.625,156.0,207.435
2012-05-17,190.708,3.5,91.0,69.833,48.0,19.208,14.739,15.522,0.783,30.458,1.333,48.375,249.0,201.333,155.0,209.917
2012-05-18,190.583,3.0,98.0,66.0,36.0,15.167,7.625,7.667,0.042,20.75,1.042,32.5,215.0,174.167,140.0,205.75
2012-05-19,192.958,3.333,83.0,60.5,45.0,16.167,12.125,12.667,0.542,20.583,1.708,33.417,239.0,183.25,110.0,209.125
2012-05-20,193.292,3.25,90.0,66.625,41.0,17.375,10.083,10.292,0.208,18.5,1.75,32.0,237.0,195.917,163.0,210.667
2012-05-21,191.435,3.087,87.0,65.458,44.0,16.348,11.636,12.318,0.682,13.87,1.045,24.913,227.0,189.083,159.0,207.783
2012-05-22,189.333,2.083,98.0,91.792,75.0,13.625,8.042,8.333,0.292,6.667,0.125,15.958,156.0,136.417,117.0,202.958
2012-05-23,187.217,2.174,98.0,76.708,49.0,10.087,8.13,8.304,0.174,3.25,0.565,9.0,242.0,182.542,129.0,197.304
2012-05-24,188.125,2.958,98.0,74.542,45.0,12.167,12.667,13.792,1.125,15.333,1.083,29.792,250.0,204.833,162.0,200.292
2012-05-25,189.792,3.667,96.0,87.458,79.0,16.917,17.708,18.625,0.917,22.875,1.167,45.625,209.0,189.333,168.0,206.708
2012-05-26,189.25,2.958,98.0,65.708,41.0,12.708,11.833,12.5,0.667,17.542,1.292,31.125,239.0,196.583,153.0,201.958
2012-05-27,188.875,2.458,91.0,61.625,32.0,11.25,7.333,7.417,0.083,13.5,1.125,26.75,256.0,209.25,168.0,200.125
2012-05-28,189.304,2.87,98.0,82.167,51.0,14.348,14.261,15.087,0.826,15.304,1.0,28.652,245.0,190.083,165.0,203.652
2012-05-29,189.348,2.739,98.0,83.417,58.0,16.783,10.87,11.87,1.0,18.083,0.478,32.542,243.0,193.625,159.0,206.13
2012-05-30,191.542,3.167,98.0,74.833,52.0,16.125,11.375,11.667,0.292,12.708,1.125,24.708,226.0,188.083,145.0,207.667
2012-05-31,193.167,3.292,94.0,80.167,63.0,17.5,14.708,15.208,0.5,15.875,1.708,32.542,224.0,192.208,171.0,210.667
2012-06-01,191.5,3.25,97.0,80.875,51.0,18.875,15.25,15.875,0.625,16.375,0.875,31.833,240.0,201.75,177.0,210.375
2012-06-02,193.125,4.125,98.0,81.75,58.0,18.583,13.917,14.417,0.5,22.125,1.375,42.25,243.0,203.583,165.0,211.708
2012-06-03,193.0,3.542,98.0,88.375,62.0,17.167,9.75,9.833,0.083,23.375,1.083,44.458,224.0,190.333,166.0,210.167
2012-06-04,190.211,3.273,98.0,74.696,45.0,17.0,10.227,11.273,1.045,14.083,1.182,28.739,253.0,208.875,173.0,207.211
2012-06-05,188.667,2.75,97.0,83.083,67.0,17.583,13.583,15.292,1.708,10.708,1.708,21.125,218.0,200.208,181.0,206.25
2012-06-06,187.583,2.375,98.0,87.125,67.0,15.5,9.75,10.167,0.417,5.625,0.958,11.792,197.0,175.083,158.0,203.083
2012-06-07,188.542,2.625,98.0,80.542,58.0,16.083,14.042,15.542,1.5,8.208,2.083,17.417,231.0,195.833,156.0,204.625
2012-06-08,187.083,2.75,98.0,75.667,54.0,16.625,12.5,13.917,1.417,19.208,1.5,32.583,271.0,223.917,170.0,203.708
2012-06-09,185.417,2.083,98.0,97.958,97.0,13.708,7.417,7.583,0.167,5.0,1.0,13.708,200.0,180.583,175.0,199.125
2012-06-10,187.696,2.652,98.0,80.0,57.0,11.783,5.957,6.0,0.043,5.042,1.478,10.417,257.0,210.75,177.0,199.478
2012-06-11,192.125,2.957,98.0,88.292,72.0,14.333,14.619,15.048,0.429,6.652,2.318,15.435,205.0,188.167,177.0,206.458
2012-06-12,191.917,2.333,98.0,91.792,76.0,15.208,14.625,15.125,0.5,8.792,1.75,14.5,177.0,161.167,146.0,207.125
2012-06-13,191.0,1.792,98.0,81.583,61.0,12.417,8.625,9.042,0.417,5.792,0.917,10.958,195.0,165.25,142.0,203.417
2012-06-14,193.417,2.083,82.0,70.833,56.0,13.417,10.833,11.333,0.5,10.583,1.208,15.625,229.0,182.417,149.0,206.833
2012-06-15,194.167,2.792,88.0,72.417,56.0,14.458,15.375,16.583,1.208,12.042,1.833,21.25,244.0,200.625,161.0,208.625
2012-06-16,189.391,2.783,98.0,96.708,91.0,11.348,15.304,16.609,1.304,6.375,0.696,13.833,204.0,195.292,189.0,200.739
2012-06-17,190.0,3.042,98.0,82.375,49.0,12.708,10.25,10.958,0.708,6.583,1.0,15.958,267.0,224.5,188.0,202.708
2012-06-18,190.25,3.217,92.0,73.875,62.0,13.917,14.217,15.087,0.87,11.5,1.478,17.609,268.0,235.792,207.0,204.167
2012-06-19,187.167,3.208,97.0,94.833,84.0,13.5,15.708,18.208,2.5,13.167,1.333,25.417,240.0,225.125,213.0,200.667
2012-06-20,178.667,1.875,92.0,75.25,64.0,9.375,7.875,9.667,1.792,8.417,1.0,14.042,287.0,253.125,215.0,188.042
2012-06-21,186.708,3.167,97.0,87.5,76.0,13.667,15.5,17.208,1.708,13.125,1.458,24.667,248.0,224.542,211.0,200.375
2012-06-22,194.304,3.435,98.0,94.792,87.0,16.739,20.609,22.043,1.435,7.708,1.261,15.625,218.0,202.0,183.0,211.043
2012-06-23,195.667,4.083,97.0,81.083,63.0,14.833,14.792,16.458,1.667,11.292,2.333,19.458,239.0,214.583,195.0,210.5
2012-06-24,194.125,2.708,98.0,82.583,65.0,13.875,8.625,9.083,0.458,13.0,1.625,21.75,249.0,218.75,183.0,208.0
2012-06-25,189.739,1.826,98.0,83.5,70.0,12.043,10.565,11.174,0.609,6.0,0.87,10.348,183.0,173.0,156.0,201.783
2012-06-26,192.292,2.042,86.0,59.375,43.0,12.958,12.25,13.167,0.917,9.292,1.0,15.0,234.0,192.708,159.0,205.25
2012-06-27,192.792,2.542,92.0,67.458,49.0,14.958,15.042,15.667,0.625,14.455,1.333,23.667,243.0,199.875,156.0,207.75
2012-06-28,192.783,4.304,95.0,79.292,57.0,19.13,21.957,24.391,2.435,15.75,3.174,28.958,237.0,209.292,171.0,211.913
2012-06-29,188.292,2.333,97.0,73.708,52.0,13.708,13.125,14.667,1.542,7.917,1.125,14.25,267.0,228.125,201.0,202.0
2012-06-30,187.542,2.458,95.0,74.958,59.0,13.083,13.167,14.292,1.125,8.0,1.542,15.333,264.0,230.542,198.0,200.625
2012-07-01,187.292,3.167,98.0,84.583,67.0,13.5,11.333,12.0,0.667,10.625,1.625,19.125,228.0,207.542,192.0,200.792
2012-07-02,188.636,3.174,98.0,84.75,62.0,15.091,15.304,16.261,0.957,7.818,1.522,15.696,266.0,224.208,189.0,203.727
2012-07-03,189.708,3.375,97.0,93.542,80.0,15.125,18.375,20.5,2.125,13.833,2.333,25.083,250.0,223.333,204.0,204.833
2012-07-04,189.217,3.043,98.0,83.375,63.0,12.87,10.13,10.652,0.522,13.25,1.0,23.708,284.0,238.292,201.0,202.087
2012-07-05,191.875,4.375,97.0,83.167,68.0,19.125,14.875,15.5,0.625,22.5,1.083,41.083,284.0,256.167,230.0,211.0
2012-07-06,193.625,4.625,97.0,92.083,79.0,19.25,17.167,17.792,0.625,24.625,1.667,49.458,265.0,241.708,222.0,212.875
2012-07-07,190.292,3.167,97.0,96.583,92.0,13.625,11.708,12.542,0.833,8.375,1.0,21.583,244.0,220.708,201.0,203.917
2012-07-08,190.333,3.0,97.0,87.292,71.0,14.167,9.208,9.333,0.125,6.917,1.833,12.875,250.0,218.25,198.0,204.5
2012-07-09,191.087,3.348,97.0,80.565,53.0,16.696,15.522,18.261,2.739,14.042,2.391,22.478,281.0,235.417,200.0,207.783
2012-07-10,186.565,2.609,97.0,79.417,53.0,9.043,10.478,11.87,1.391,14.25,1.696,24.0,296.0,251.042,218.0,195.609
2012-07-11,183.792,2.0,97.0,80.875,55.0,7.458,7.625,9.0,1.375,12.458,1.292,19.458,295.0,258.5,221.0,191.25
2012-07-12,177.208,1.417,97.0,95.167,88.0,4.875,5.292,8.167,2.875,6.5,1.0,14.125,258.0,249.375,241.0,182.083
2012-07-13,180.292,2.167,97.0,90.292,77.0,8.208,9.5,11.458,1.958,11.042,1.0,20.75,288.0,259.75,236.0,188.5
2012-07-14,179.75,2.083,97.0,82.583,65.0,8.583,8.25,9.875,1.625,13.167,1.042,21.792,308.0,269.917,239.0,188.333
2012-07-15,177.458,1.375,92.0,78.792,66.0,7.333,3.917,6.125,2.208,8.958,1.0,13.5,311.0,279.042,261.0,184.792
2012-07-16,178.087,1.304,86.0,72.708,60.0,11.0,4.739,6.957,2.217,6.958,1.0,9.958,318.0,287.083,260.0,189.087
2012-07-17,181.667,1.913,90.0,72.792,53.0,14.125,11.174,13.217,2.043,13.261,1.13,17.435,342.0,297.458,263.0,195.792
2012-07-18,187.708,3.0,97.0,80.292,64.0,18.667,17.167,19.375,2.208,19.875,2.5,31.625,322.0,286.292,260.0,206.375
2012-07-19,192.333,3.5,97.0,79.542,50.0,18.625,17.667,20.0,2.333,22.0,2.5,33.167,336.0,274.75,222.0,210.958
2012-07-20,189.5,2.542,98.0,92.25,84.0,11.417,14.708,16.375,1.667,12.333,1.042,20.625,219.0,198.458,174.0,200.917
2012-07-21,190.208,2.708,98.0,89.542,80.0,12.083,12.417,13.417,1.0,6.583,1.0,12.833,204.0,186.208,168.0,202.292
2012-07-22,190.043,3.391,98.0,94.208,87.0,15.87,11.957,12.87,0.913,16.583,1.957,29.833,219.0,202.542,187.0,205.913
2012-07-23,190.708,3.783,97.0,83.125,67.0,17.792,16.13,17.957,1.826,15.667,1.565,29.043,272.0,238.833,203.0,208.5
2012-07-24,192.375,4.708,97.0,81.25,59.0,22.458,18.5,22.333,3.833,21.5,1.917,35.875,300.0,261.542,225.0,214.833
2012-07-25,189.375,4.292,97.0,81.417,55.0,22.75,16.708,17.833,1.125,26.292,1.667,45.958,318.0,278.042,243.0,212.125
2012-07-26,187.458,3.958,97.0,74.458,50.0,20.25,14.958,16.5,1.542,29.083,1.875,45.75,339.0,290.417,249.0,207.708
2012-07-27,186.292,3.75,92.0,81.083,59.0,20.167,14.625,15.458,0.833,29.708,1.75,52.125,335.0,290.042,263.0,206.458
2012-07-28,185.0,3.304,97.0,80.375,61.0,18.87,13.391,16.043,2.652,22.167,1.478,40.417,331.0,292.125,266.0,203.87
2012-07-29,181.667,2.417,97.0,79.708,64.0,15.0,6.042,6.375,0.333,17.375,1.0,31.083,327.0,292.417,264.0,196.667
2012-07-30,178.083,1.652,97.0,81.042,64.0,14.0,6.739,8.87,2.13,10.609,1.043,19.391,321.0,286.667,263.0,192.083
2012-07-31,179.917,2.0,97.0,75.792,40.0,15.167,9.333,11.167,1.833,10.75,1.917,18.083,328.0,283.667,255.0,195.083
2012-08-01,181.25,2.083,97.0,82.208,64.0,15.833,9.417,12.25,2.833,10.792,1.333,22.417,308.0,275.5,245.0,197.083
2012-08-02,180.375,1.917,97.0,77.917,50.0,14.583,7.958,11.417,3.458,9.458,1.042,15.958,327.0,284.583,246.0,194.958
2012-08-03,185.043,2.087,97.0,75.875,56.0,19.087,13.217,15.913,2.696,10.542,2.043,18.375,321.0,284.167,248.0,204.13
2012-08-04,184.542,2.792,97.0,88.125,67.0,20.917,13.208,17.417,4.208,8.042,1.417,17.958,296.0,267.25,254.0,205.458
2012-08-05,179.75,2.083,97.0,80.875,54.0,17.792,6.708,10.292,3.583,7.667,1.042,17.458,323.0,279.208,242.0,197.542
2012-08-06,179.591,2.261,97.0,94.667,85.0,19.682,12.261,20.13,7.87,7.0,1.348,13.304,273.0,259.083,249.0,199.273
2012-08-07,184.25,2.792,97.0,80.208,60.0,19.542,12.667,16.25,3.583,15.333,1.208,23.125,307.0,269.708,236.0,203.792
2012-08-08,188.917,2.042,95.0,71.167,53.0,15.917,9.25,9.5,0.25,12.333,1.583,16.625,285.0,251.167,235.0,204.833
2012-08-09,189.565,2.304,79.0,67.458,55.0,15.478,12.174,12.696,0.522,12.458,1.652,15.375,288.0,252.25,222.0,205.043
2012-08-10,190.125,2.875,87.0,77.333,66.0,15.792,13.417,14.958,1.542,15.292,1.958,23.208,301.0,262.875,232.0,205.917
2012-08-11,185.292,2.708,97.0,86.5,66.0,16.583,10.583,12.417,1.833,16.542,1.125,26.958,312.0,272.375,248.0,201.875
2012-08-12,183.708,2.167,97.0,86.208,65.0,13.792,5.625,6.75,1.125,10.667,1.042,17.958,305.0,267.958,243.0,197.5
2012-08-13,180.417,2.043,97.0,78.826,54.0,14.5,6.0,8.565,2.565,10.292,1.261,13.957,332.0,285.75,245.0,194.917
2012-08-14,182.958,2.083,97.0,89.75,74.0,15.625,8.25,10.958,2.708,9.125,1.0,15.833,287.0,267.792,252.0,198.583
2012-08-15,184.087,2.478,97.0,84.667,73.0,17.043,9.783,12.957,3.174,10.333,1.304,17.458,296.0,274.208,256.0,201.13
2012-08-16,178.917,1.75,88.0,73.708,57.0,15.333,7.083,8.917,1.833,8.458,1.0,11.708,326.0,289.375,252.0,194.25
2012-08-17,186.333,2.833,97.0,81.25,53.0,19.792,13.125,15.875,2.75,17.208,1.958,25.667,337.0,288.792,258.0,206.125
2012-08-18,182.083,2.458,97.0,89.708,71.0,18.0,11.667,15.292,3.625,11.375,1.292,18.917,287.0,265.792,254.0,200.083
2012-08-19,180.167,1.75,97.0,78.875,50.0,14.25,5.417,7.167,1.75,7.75,1.417,10.875,315.0,274.042,239.0,194.417
2012-08-20,182.833,2.391,97.0,75.625,43.0,16.208,9.522,11.696,2.174,11.696,1.565,13.435,328.0,274.667,230.0,199.042
2012-08-21,182.261,2.348,95.0,74.458,56.0,14.652,12.087,14.565,2.478,12.167,1.348,12.542,328.0,279.625,234.0,196.913
2012-08-22,179.375,1.667,95.0,76.333,61.0,13.333,10.583,14.208,3.625,10.5,1.042,11.833,328.0,285.292,251.0,192.708
2012-08-23,180.208,1.792,96.0,74.667,52.0,13.958,10.375,15.0,4.625,9.25,1.333,10.042,330.0,287.458,257.0,194.167
2012-08-24,181.208,2.042,97.0,76.958,53.0,15.833,11.125,14.458,3.333,11.292,1.958,13.625,325.0,281.375,245.0,197.042
2012-08-25,181.708,2.042,96.0,76.167,51.0,16.958,10.292,12.75,2.458,12.25,1.833,15.167,329.0,280.333,237.0,198.667
2012-08-26,179.833,2.208,92.0,74.5,52.0,12.25,7.0,8.292,1.292,11.333,1.708,10.792,327.0,279.833,236.0,192.083
2012-08-27,182.304,2.182,93.0,76.917,49.0,10.652,9.227,11.227,2.0,11.458,1.409,12.174,326.0,279.417,237.0,192.957
2012-08-28,183.417,2.042,97.0,79.625,54.0,10.083,9.125,11.208,2.083,11.875,2.208,12.458,321.0,277.625,246.0,193.5
2012-08-29,184.458,2.333,94.0,78.958,61.0,12.25,11.875,14.833,2.958,12.625,1.458,15.625,318.0,277.375,239.0,196.708
2012-08-30,184.125,2.75,97.0,81.125,55.0,14.458,15.542,17.292,1.75,15.542,1.292,21.167,335.0,289.458,254.0,198.583
2012-08-31,179.333,2.25,97.0,83.208,63.0,10.583,11.5,14.292,2.792,11.542,1.083,15.625,323.0,281.458,254.0,189.917
2012-09-01,182.583,2.292,97.0,95.667,82.0,9.792,11.167,13.958,2.792,6.708,1.208,11.375,261.0,245.167,226.0,192.375
2012-09-02,183.391,1.913,97.0,96.708,94.0,10.957,7.87,8.304,0.435,3.917,1.043,8.625,253.0,230.75,215.0,194.348
2012-09-03,183.409,2.304,97.0,89.091,70.0,12.955,10.522,12.348,1.826,6.261,1.565,10.435,276.0,243.125,216.0,196.364
2012-09-04,183.25,2.208,97.0,84.708,68.0,13.542,11.542,14.708,3.167,7.917,1.0,13.75,296.0,257.417,231.0,196.792
2012-09-05,186.583,3.167,97.0,82.5,60.0,16.792,14.583,17.125,2.542,15.125,1.208,23.542,305.0,264.458,227.0,203.375
2012-09-06,186.333,3.042,97.0,87.833,62.0,17.375,14.208,15.25,1.042,15.542,1.125,26.25,302.0,252.542,227.0,203.708
2012-09-07,187.708,3.458,97.0,80.667,55.0,16.75,16.5,20.083,3.583,15.0,1.792,20.708,300.0,257.0,216.0,204.458
2012-09-08,186.087,3.174,97.0,83.583,57.0,15.391,11.478,13.0,1.522,16.167,1.304,28.583,303.0,264.833,237.0,201.478
2012-09-09,181.417,2.0,97.0,82.042,56.0,9.917,5.333,6.5,1.167,9.292,2.917,14.458,308.0,265.625,229.0,191.333
2012-09-10,182.043,2.087,97.0,79.375,55.0,12.913,8.391,10.957,2.565,13.217,2.913,15.957,306.0,262.458,219.0,194.957
2012-09-11,182.292,2.292,97.0,73.833,49.0,15.708,11.0,13.333,2.333,19.042,2.458,17.25,314.0,266.583,227.0,198.0
2012-09-12,184.25,2.792,97.0,71.529,48.0,14.0,13.917,14.458,0.542,13.625,1.542,13.583,298.0,253.235,225.0,198.25
2012-09-13,,3.042,90.0,72.583,48.0,,12.875,13.542,0.667,20.083,1.75,25.0,319.0,268.667,227.0,
2012-09-14,,2.913,94.0,77.417,55.0,,12.0,13.261,1.261,18.5,2.478,26.083,305.0,269.208,239.0,
2012-09-15,,2.75,95.0,80.625,64.0,,12.208,14.0,1.792,12.875,1.708,15.458,293.0,259.458,228.0,
2012-09-16,,2.75,97.0,91.583,80.0,,7.917,9.25,1.333,9.917,1.458,15.333,279.0,253.5,228.0,
2012-09-17,,2.0,97.0,91.042,74.0,,4.875,6.458,1.583,5.833,1.0,12.333,279.0,257.083,239.0,
2012-09-18,,2.13,97.0,88.792,69.0,,7.739,10.13,2.391,6.417,1.435,11.957,285.0,256.042,237.0,
2012-09-19,,1.875,97.0,92.708,78.0,,7.625,9.833,2.208,3.708,1.0,8.25,272.0,251.833,239.0,
2012-09-20,,2.652,97.0,78.583,58.0,,11.043,17.043,6.0,13.542,1.13,17.792,296.0,257.833,230.0,
2012-09-21,192.542,3.125,97.0,86.708,76.0,27.083,15.542,16.083,0.542,15.667,1.208,24.708,257.0,235.625,210.0,219.625
2012-09-22,190.917,2.333,97.0,83.667,68.0,21.708,9.417,9.417,0.0,9.042,1.0,12.542,237.0,215.833,197.0,212.625
2012-09-23,189.667,2.0,98.0,96.458,87.0,17.833,7.042,7.042,0.0,4.625,1.0,7.792,206.0,191.042,176.0,207.5
2012-09-24,190.208,2.783,98.0,78.708,49.0,24.25,12.478,13.261,0.783,6.826,1.652,7.174,267.0,217.333,174.0,214.458
2012-09-25,189.391,2.25,98.0,86.75,75.0,21.652,12.958,13.375,0.417,5.125,1.042,4.375,211.0,192.667,176.0,211.043
2012-09-26,191.0,2.435,91.0,70.208,47.0,19.5,12.13,13.13,1.0,7.75,1.0,8.375,242.0,206.542,176.0,210.5
2012-09-27,189.958,1.958,69.0,62.292,55.0,16.875,7.417,7.667,0.25,7.458,1.125,8.958,237.0,206.042,186.0,206.833
2012-09-28,187.833,1.917,85.0,74.542,61.0,15.542,7.875,8.208,0.333,3.417,1.0,5.333,239.0,220.208,197.0,203.375
2012-09-29,185.917,2.375,97.0,80.083,59.0,21.042,9.792,11.208,1.417,9.0,1.208,13.125,279.0,240.167,206.0,206.958
2012-09-30,184.958,2.458,98.0,84.25,61.0,20.5,6.083,6.5,0.417,14.125,1.125,22.208,272.0,240.708,213.0,205.458
2012-10-01,184.952,2.391,89.0,66.652,48.0,23.381,9.435,9.957,0.522,7.182,1.045,9.318,300.0,257.708,232.0,208.333
2012-10-02,188.958,2.348,86.0,77.833,69.0,19.917,10.391,10.783,0.391,10.292,1.13,14.042,251.0,230.583,213.0,208.875
2012-10-03,189.583,2.125,98.0,87.125,77.0,18.625,9.333,9.583,0.25,6.167,1.0,10.042,222.0,203.333,176.0,208.208
2012-10-04,187.792,2.333,98.0,75.833,51.0,18.333,9.292,9.583,0.292,5.333,1.167,7.25,273.0,222.792,174.0,206.125
2012-10-05,193.167,3.542,96.0,73.292,46.0,27.25,19.167,20.167,1.0,11.0,1.875,16.833,273.0,230.167,193.0,220.417
2012-10-06,192.958,4.125,98.0,81.0,55.0,29.167,18.458,19.708,1.25,16.333,2.208,28.375,262.0,230.125,210.0,222.125
2012-10-07,189.565,2.458,98.0,85.042,60.0,21.739,7.542,7.625,0.083,7.75,1.167,14.542,203.0,183.125,167.0,211.304
2012-10-08,193.333,2.304,96.0,71.667,47.0,21.417,7.217,7.783,0.565,7.25,1.0,12.458,219.0,185.625,154.0,214.75
2012-10-09,190.833,2.13,84.0,68.792,51.0,20.25,9.826,10.783,0.957,7.458,1.0,11.174,223.0,184.792,157.0,211.083
2012-10-10,191.0,2.0,83.0,66.792,52.0,19.708,9.25,9.833,0.583,7.25,1.0,10.0,213.0,184.708,153.0,210.708
2012-10-11,190.292,2.125,88.0,74.25,51.0,21.333,12.5,13.125,0.625,6.792,1.5,11.333,242.0,203.917,177.0,211.625
2012-10-12,189.917,2.208,94.0,61.5,43.0,24.958,12.5,13.125,0.625,6.542,1.125,11.708,221.0,194.208,167.0,214.875
2012-10-13,190.826,2.583,94.0,56.25,36.0,22.13,,,,11.833,1.167,14.375,245.0,188.5,134.0,212.957
2012-10-14,193.792,3.391,98.0,81.083,57.0,25.0,,,,17.083,1.174,23.542,194.0,167.25,143.0,218.792
2012-10-15,192.458,3.087,96.0,65.875,30.0,22.625,,,,18.174,1.696,24.043,262.0,197.958,143.0,215.083
2012-10-16,195.0,3.083,91.0,62.5,46.0,24.958,,,,16.875,1.792,21.0,218.0,180.333,134.0,219.958
2012-10-17,193.333,3.333,98.0,85.5,61.0,25.25,17.0,19.417,2.417,17.292,1.208,26.542,221.0,161.083,121.0,218.583
2012-10-18,194.333,4.0,98.0,96.042,89.0,27.208,22.667,34.0,11.333,13.583,1.0,25.375,195.0,169.167,136.0,221.542
2012-10-19,191.391,2.083,98.0,60.292,35.0,16.522,9.792,11.208,1.417,4.708,1.0,4.542,206.0,157.292,116.0,207.913
2012-10-20,194.792,3.261,95.0,71.25,55.0,24.958,18.261,21.957,3.696,9.958,1.783,11.875,212.0,163.375,125.0,219.75
2012-10-21,194.75,3.75,99.0,69.958,31.0,28.208,15.25,17.208,1.958,13.583,1.458,19.042,255.0,173.083,115.0,222.958
2012-10-22,193.0,3.217,95.0,75.042,57.0,24.292,15.348,18.652,3.304,17.917,1.739,18.125,222.0,176.542,120.0,217.292
2012-10-23,187.042,2.167,98.0,89.0,70.0,18.708,9.583,10.958,1.375,6.375,1.0,9.333,233.0,184.542,132.0,205.75
2012-10-24,191.708,2.208,98.0,50.375,34.0,17.542,10.542,11.0,0.458,5.625,1.042,5.625,194.0,152.75,113.0,209.25
2012-10-25,194.0,3.565,89.0,70.333,58.0,25.909,24.348,30.783,6.435,11.0,1.826,15.391,183.0,148.583,129.0,219.909
2012-10-26,192.958,3.522,99.0,70.375,44.0,25.0,19.913,25.087,5.174,12.75,1.261,16.917,218.0,164.625,115.0,217.958
2012-10-27,193.167,3.042,82.0,72.583,51.0,21.292,13.125,13.833,0.708,16.083,1.542,21.417,189.0,164.292,144.0,214.458
2012-10-28,191.792,2.833,99.0,95.417,81.0,20.667,12.417,13.5,1.083,10.25,1.083,14.917,151.0,141.167,134.0,212.458
2012-10-29,190.696,2.826,98.0,66.75,36.0,19.0,13.087,17.696,4.609,7.0,1.043,8.783,216.0,162.625,119.0,209.696
2012-10-30,192.958,3.958,93.0,75.542,55.0,27.375,23.625,35.208,11.583,10.667,1.125,11.208,157.0,123.958,92.0,220.333
2012-10-31,195.348,4.042,99.0,76.458,48.0,27.913,20.333,30.958,10.625,11.792,1.167,12.375,169.0,126.292,93.0,223.261
2012-11-01,196.167,4.739,99.0,81.167,41.0,29.417,22.957,37.13,14.174,17.083,1.348,19.917,204.0,128.25,80.0,225.583
2012-11-02,193.5,3.042,86.0,56.5,37.0,20.167,14.542,17.417,2.875,6.458,1.167,6.125,172.0,124.583,82.0,213.667
2012-11-03,193.5,2.875,77.0,51.042,39.0,19.083,12.75,13.625,0.875,9.042,1.208,8.75,173.0,129.458,103.0,212.583
2012-11-04,196.042,3.792,92.0,64.0,35.0,24.292,15.167,16.792,1.625,9.375,1.5,9.042,183.0,121.375,68.0,220.333
2012-11-05,197.318,4.826,99.0,79.261,56.0,30.182,28.826,35.957,7.13,10.6,1.826,14.6,143.0,117.042,87.0,227.5
2012-11-06,195.087,4.667,99.0,98.333,93.0,24.478,26.792,35.375,8.583,24.182,1.25,41.909,144.0,130.417,116.0,219.565
2012-11-07,191.917,4.043,99.0,79.083,47.0,25.375,19.609,25.913,6.304,10.458,1.043,13.0,189.0,143.708,104.0,217.292
2012-11-08,194.583,4.792,94.0,67.708,38.0,24.125,22.792,28.5,5.708,10.792,1.125,9.667,186.0,130.375,74.0,218.708
2012-11-09,192.708,3.792,97.0,63.333,43.0,21.792,16.917,22.333,5.417,11.125,1.167,11.833,193.0,141.25,102.0,214.5
2012-11-10,191.333,2.708,85.0,55.042,39.0,16.375,10.625,11.125,0.5,10.375,1.0,7.375,194.0,140.625,90.0,207.708
2012-11-11,193.25,3.333,99.0,90.25,74.0,20.792,14.625,15.958,1.333,8.0,1.083,9.167,137.0,115.667,96.0,214.042
2012-11-12,191.522,3.826,99.0,91.042,74.0,23.522,20.087,27.522,7.435,7.542,1.0,11.913,191.0,145.5,119.0,215.043
2012-11-13,191.542,3.87,99.0,74.417,52.0,22.125,17.13,26.217,9.087,12.958,1.087,13.208,164.0,125.25,93.0,213.667
2012-11-14,191.875,3.375,90.0,56.333,26.0,20.208,17.833,21.458,3.625,8.792,1.333,7.917,167.0,113.417,68.0,212.083
2012-11-15,195.708,3.958,92.0,61.25,34.0,21.917,19.75,25.958,6.208,4.625,1.042,3.625,147.0,90.125,36.0,217.625
2012-11-16,195.083,3.292,82.0,59.208,42.0,18.458,16.625,20.458,3.833,6.542,1.167,2.292,159.0,113.5,68.0,213.542
2012-11-17,194.083,3.833,99.0,93.042,85.0,21.5,19.042,25.958,6.917,10.125,1.083,10.208,152.0,106.083,69.0,215.583
2012-11-18,194.391,3.042,91.0,59.125,39.0,15.739,7.708,8.083,0.375,2.708,1.667,1.833,161.0,113.792,83.0,210.13
2012-11-19,199.208,3.773,98.0,65.167,55.0,23.333,21.545,31.864,10.318,17.087,1.727,13.696,95.0,74.167,46.0,222.542
2012-11-20,199.375,4.167,99.0,67.75,40.0,24.25,20.375,33.25,12.875,12.0,1.292,10.583,164.0,94.583,32.0,223.625
2012-11-21,199.333,3.75,75.0,54.875,35.0,21.833,18.375,27.458,9.083,12.667,1.167,11.583,137.0,96.583,71.0,221.167
2012-11-22,204.125,5.5,97.0,71.125,55.0,33.0,30.417,58.0,27.583,23.542,2.125,22.333,134.0,93.167,66.0,237.125
2012-11-23,202.875,6.0,99.0,93.583,82.0,36.458,27.917,52.792,24.875,29.75,1.083,33.375,108.0,86.792,62.0,239.333
2012-11-24,199.87,3.833,87.0,65.458,50.0,19.87,20.25,25.417,5.167,10.958,1.125,7.167,116.0,95.708,67.0,219.739
2012-11-25,197.875,3.913,99.0,72.667,45.0,20.125,18.609,22.522,3.913,8.625,1.478,6.667,111.0,67.208,23.0,218.0
2012-11-26,199.583,5.75,99.0,95.583,78.0,26.583,28.375,49.375,21.0,20.792,1.167,23.792,80.0,66.625,59.0,226.167
2012-11-27,196.652,3.304,99.0,56.083,32.0,19.217,15.0,21.261,6.261,5.667,1.087,3.565,126.0,86.083,50.0,215.87
2012-11-28,199.5,4.792,99.0,74.0,59.0,28.792,27.083,47.5,20.417,14.875,1.458,12.208,82.0,56.625,29.0,228.292
2012-11-29,198.125,5.0,99.0,74.208,35.0,30.125,27.292,49.458,22.167,17.042,1.375,16.25,149.0,81.375,13.0,228.25
2012-11-30,194.652,4.208,99.0,85.917,75.0,25.217,23.542,32.958,9.417,19.917,1.625,20.417,102.0,87.042,75.0,219.87
2012-12-01,195.833,4.087,99.0,78.833,56.0,22.875,16.826,28.87,12.043,13.208,1.217,12.5,91.0,61.417,30.0,218.708
2012-12-02,194.0,2.5,99.0,62.25,41.0,15.958,9.833,10.375,0.542,7.208,1.25,4.542,69.0,42.167,17.0,209.958
2012-12-03,193.381,3.174,99.0,93.042,84.0,20.19,16.136,20.409,4.273,12.217,1.0,8.522,82.0,59.667,28.0,213.571
2012-12-04,193.208,3.917,99.0,82.167,49.0,22.708,21.208,34.125,12.917,9.792,,6.75,126.0,89.0,51.0,215.917
2012-12-05,198.652,5.087,88.0,62.75,35.0,24.783,28.227,44.636,16.409,6.25,2.0,6.792,119.0,72.75,15.0,223.435
2012-12-06,192.167,2.875,93.0,51.375,23.0,15.167,14.042,16.0,1.958,9.542,0.875,3.708,164.0,103.458,48.0,207.333
2012-12-07,198.958,4.833,94.0,62.625,44.0,23.458,28.417,43.0,14.583,11.125,1.522,8.0,110.0,58.583,16.0,222.417
2012-12-08,195.667,3.917,94.0,56.917,27.0,18.5,16.458,26.167,9.708,10.417,1.333,8.833,149.0,65.208,13.0,214.167
2012-12-09,193.167,3.083,61.0,43.875,33.0,13.208,8.583,9.25,0.667,8.333,1.75,3.458,92.0,46.667,8.0,206.375
2012-12-10,196.083,3.739,78.0,44.652,19.0,15.875,15.783,20.826,5.043,4.833,1.043,2.478,84.0,32.875,-18.0,211.958
2012-12-11,201.652,5.0,70.0,46.083,28.0,25.304,31.348,49.696,18.348,8.417,1.125,6.167,102.0,43.125,-18.0,226.957
2012-12-12,200.875,5.083,87.0,57.875,29.0,27.542,28.542,49.5,20.958,9.417,1.292,6.458,100.0,37.458,-18.0,228.417
2012-12-13,201.75,4.5,84.0,59.833,32.0,28.125,24.625,40.917,16.292,11.375,1.217,6.042,108.0,40.875,-19.0,229.875
2012-12-14,,6.5,95.0,74.708,51.0,,34.208,68.583,34.375,20.792,1.545,17.917,107.0,42.333,-17.0,
2012-12-15,,7.292,90.0,73.625,64.0,,40.375,71.167,30.792,44.917,2.125,47.958,90.0,67.958,42.0,
2012-12-16,,3.833,99.0,60.417,37.0,,11.958,18.875,6.917,12.292,1.042,11.042,170.0,113.417,74.0,
2012-12-17,,4.783,99.0,89.5,62.0,,25.304,33.217,7.913,17.75,1.0,13.792,78.0,65.542,55.0,
2012-12-18,,4.087,99.0,66.667,39.0,,15.348,21.696,6.348,9.783,1.0,9.304,141.0,91.958,59.0,
2012-12-19,195.545,2.417,52.0,38.5,27.0,19.818,10.0,10.833,0.833,5.0,1.0,1.625,82.0,49.125,12.0,215.364
2012-12-20,196.957,3.667,66.0,52.417,33.0,22.87,24.042,30.958,6.917,9.0,1.042,5.542,91.0,39.958,-3.0,219.826
2012-12-21,200.25,5.375,90.0,64.208,42.0,30.375,34.13,59.261,25.13,15.75,1.375,14.75,87.0,44.375,-6.0,230.625
2012-12-22,196.5,5.458,99.0,85.875,52.0,31.417,29.0,52.0,23.0,22.167,1.0,23.458,89.0,55.75,29.0,227.917
2012-12-23,195.333,4.87,78.0,58.083,49.0,21.583,18.348,21.826,3.478,15.5,1.625,11.417,86.0,55.75,27.0,216.917
2012-12-24,194.542,3.083,97.0,49.333,33.0,17.792,10.917,12.25,1.333,6.875,1.0,5.542,68.0,38.417,6.0,212.333
2012-12-25,199.75,4.957,83.0,64.667,45.0,27.333,27.435,44.174,16.739,15.13,1.182,12.13,89.0,26.75,-18.0,227.083
2012-12-26,197.043,3.375,83.0,54.708,37.0,20.174,16.25,24.375,8.125,6.208,1.083,4.542,60.0,20.292,-5.0,217.217
2012-12-27,199.667,4.708,91.0,61.875,44.0,23.917,23.875,37.75,13.875,10.75,1.042,7.708,70.0,16.292,-25.0,223.583
2012-12-28,200.375,5.542,99.0,80.792,52.0,29.125,32.375,54.208,21.833,24.458,1.25,22.792,56.0,20.708,-15.0,229.5
2012-12-29,195.917,3.696,99.0,79.333,56.0,20.792,16.522,20.913,4.391,12.167,1.0,10.875,99.0,64.125,26.0,216.708
2012-12-30,195.167,4.208,99.0,97.75,87.0,23.083,19.167,22.417,3.25,18.875,1.0,18.75,70.0,62.167,54.0,218.25
2012-12-31,196.833,4.792,99.0,60.458,37.0,21.708,14.458,17.708,3.25,7.208,1.304,7.167,103.0,74.833,30.0,218.542
2013-01-01,197.75,3.667,91.0,61.625,37.0,18.0,12.958,13.75,0.792,17.375,1.542,17.583,155.0,78.167,17.0,215.75
2013-01-02,198.333,2.833,93.0,64.708,44.0,17.125,11.75,12.625,0.875,8.125,1.042,5.25,107.0,54.917,11.0,215.458
2013-01-03,199.783,3.391,97.0,71.25,50.0,18.826,19.043,23.565,4.522,12.833,1.083,10.583,80.0,38.542,-2.0,218.609
2013-01-04,196.667,3.0,99.0,69.792,45.0,16.0,14.083,17.708,3.625,8.917,1.208,7.458,112.0,50.25,9.0,212.667
2013-01-05,194.417,1.875,63.0,48.583,42.0,12.167,7.417,7.667,0.25,3.833,1.0,2.458,71.0,47.708,21.0,206.583
2013-01-06,196.043,2.217,83.0,51.652,20.0,15.087,13.05,14.65,1.6,5.522,0.955,3.217,93.0,37.292,-9.0,211.13
2013-01-07,201.5,3.792,75.0,61.0,48.0,23.833,29.5,48.292,18.792,12.292,1.583,10.125,92.0,33.917,-24.0,225.333
2013-01-08,205.833,6.042,99.0,82.083,55.0,37.625,44.417,91.833,47.417,37.083,1.542,35.792,117.0,55.125,0.0,243.458
2013-01-09,196.609,2.783,99.0,69.292,39.0,17.13,20.0,25.609,5.609,13.083,1.0,13.958,99.0,61.667,28.0,213.739
2013-01-10,199.708,2.333,91.0,45.375,22.0,16.375,15.0,20.375,5.375,5.125,1.0,2.708,57.0,26.375,-4.0,216.083
2013-01-11,205.125,3.917,92.0,61.625,36.0,23.667,29.542,44.417,14.875,10.667,1.217,8.75,79.0,26.167,-24.0,228.792
2013-01-12,201.375,3.708,91.0,69.125,50.0,20.375,21.458,25.792,4.333,15.292,1.125,13.417,106.0,38.917,-16.0,221.75
2013-01-13,199.542,2.667,91.0,55.0,36.0,15.167,12.667,14.292,1.625,6.083,1.0,4.542,75.0,32.75,5.0,214.708
2013-01-14,198.652,2.435,55.0,41.917,35.0,13.739,14.261,17.478,3.217,7.348,1.087,3.478,69.0,31.042,-1.0,212.391
2013-01-15,197.304,2.783,66.0,57.625,49.0,19.913,28.783,36.174,7.391,14.083,1.042,10.458,38.0,14.125,-4.0,217.217
2013-01-16,197.208,3.083,89.0,67.958,37.0,20.833,27.833,39.292,11.458,12.667,1.0,8.708,85.0,19.583,-36.0,218.042
2013-01-17,196.917,2.792,96.0,63.458,41.0,20.917,22.167,32.0,9.833,10.958,1.0,7.583,89.0,31.917,-9.0,217.833
2013-01-18,199.958,4.0,71.0,57.042,35.0,24.083,29.25,42.167,12.917,17.167,2.208,14.5,77.0,35.042,7.0,224.042
2013-01-19,194.708,2.083,78.0,46.542,25.0,15.625,11.125,12.5,1.375,8.833,1.25,7.083,60.0,30.833,-6.0,210.333
2013-01-20,202.0,4.75,79.0,61.958,51.0,27.25,35.708,59.875,24.167,16.25,1.667,13.917,87.0,20.333,-24.0,229.25
2013-01-21,200.87,3.818,99.0,70.958,46.0,22.609,25.857,44.19,18.333,18.043,1.652,16.739,108.0,44.583,-9.0,223.478
2013-01-22,199.167,3.125,99.0,65.25,35.0,16.417,15.667,19.5,3.833,16.333,1.708,14.333,86.0,38.083,2.0,215.583
2013-01-23,203.208,3.333,88.0,56.0,29.0,21.583,26.958,34.917,7.958,9.958,1.0,7.333,108.0,39.125,-18.0,224.792
2013-01-24,204.333,4.25,89.0,65.958,52.0,28.292,35.792,54.75,18.958,20.042,1.417,18.708,120.0,51.792,5.0,232.625
2013-01-25,207.208,6.125,98.0,69.583,39.0,39.083,44.583,79.042,34.458,36.167,1.583,37.5,124.0,60.625,13.0,246.292
2013-01-26,196.0,2.792,99.0,59.083,36.0,17.958,14.417,19.0,4.583,8.958,1.208,7.958,135.0,70.458,20.0,213.958
2013-01-27,196.957,2.273,65.0,43.708,32.0,17.609,21.5,26.045,4.545,7.208,1.217,5.348,69.0,27.167,-1.0,214.565
2013-01-28,197.5,3.25,90.0,56.0,30.0,23.25,26.292,41.0,14.708,10.958,1.833,9.833,150.0,62.583,-23.0,220.75
2013-01-29,196.25,3.0,92.0,63.417,44.0,17.542,21.958,27.167,5.208,8.958,1.435,7.833,123.0,66.25,26.0,213.792
2013-01-30,197.792,3.875,99.0,86.25,69.0,24.333,29.625,45.292,15.667,19.5,1.083,18.375,140.0,70.25,17.0,222.125
2013-01-31,195.667,2.875,99.0,55.208,30.0,17.458,19.0,25.958,6.958,8.75,1.0,8.542,141.0,79.833,39.0,213.125
2013-02-01,201.875,4.333,82.0,63.417,48.0,26.792,33.417,50.542,17.125,18.5,1.75,18.25,112.0,54.917,6.0,228.667
2013-02-02,201.087,5.435,98.0,86.042,67.0,27.304,28.0,40.0,12.0,30.375,1.292,31.875,134.0,73.667,27.0,228.391
2013-02-03,200.0,5.522,99.0,81.478,55.0,28.652,30.739,50.435,19.696,34.348,1.13,39.739,180.0,101.875,28.0,228.652
2013-02-04,195.0,2.292,99.0,87.417,61.0,16.333,16.625,18.083,1.458,10.542,0.478,10.667,99.0,36.958,-11.0,211.333
2013-02-05,195.833,1.833,58.0,44.167,34.0,11.708,8.208,9.417,1.208,3.083,0.667,1.583,34.0,0.792,-19.0,207.542
2013-02-06,196.875,2.167,49.0,42.167,35.0,12.583,12.958,14.875,1.917,4.875,0.958,3.542,45.0,10.125,-25.0,209.458
2013-02-07,197.417,2.5,49.0,41.292,33.0,15.208,17.5,19.792,2.292,6.708,1.0,5.708,63.0,30.875,2.0,212.625
2013-02-08,193.957,1.261,99.0,94.875,48.0,15.565,10.087,10.783,0.696,6.583,0.708,6.292,23.0,-6.708,-20.0,209.522
2013-02-09,193.0,1.583,99.0,69.542,47.0,13.583,9.792,11.083,1.292,1.792,0.625,1.542,89.0,40.625,11.0,206.583
2013-02-10,195.958,2.304,57.0,47.083,33.0,16.917,18.913,22.391,3.478,8.333,1.091,7.304,80.0,42.292,12.0,212.875
2013-02-11,194.708,1.875,68.0,51.042,41.0,15.208,9.792,10.667,0.875,5.917,1.0,4.458,41.0,27.25,13.0,209.917
2013-02-12,196.042,2.25,81.0,55.0,45.0,18.708,18.625,22.542,3.917,6.583,1.0,4.458,70.0,38.625,15.0,214.75
2013-02-13,201.583,3.75,97.0,65.792,45.0,25.167,33.75,53.583,19.833,11.083,1.417,9.542,69.0,32.917,-6.0,226.75
2013-02-14,194.261,1.565,99.0,88.792,52.0,13.783,13.13,14.522,1.391,7.542,1.0,5.583,33.0,3.792,-7.0,208.043
2013-02-15,189.583,1.125,99.0,77.75,43.0,10.958,6.0,6.667,0.667,,1.0,0.458,71.0,41.125,-3.0,200.542
2013-02-16,191.75,1.458,55.0,40.5,27.0,10.083,6.5,6.792,0.292,6.417,1.435,6.5,96.0,63.833,15.0,201.833
2013-02-17,196.0,2.609,64.0,51.542,41.0,13.792,14.217,16.826,2.609,19.478,2.391,18.696,115.0,43.75,-14.0,209.792
2013-02-18,193.292,2.208,64.0,49.625,38.0,13.0,13.083,15.167,2.083,11.75,1.0,7.792,64.0,26.792,-2.0,206.292
2013-02-19,192.25,2.083,56.0,47.958,40.0,11.417,12.292,13.708,1.417,9.167,1.0,5.417,64.0,29.083,-5.0,203.667
2013-02-20,196.565,3.087,75.0,57.375,45.0,17.304,29.174,36.478,7.304,18.917,1.333,17.083,59.0,24.917,-15.0,213.87
2013-02-21,194.542,2.458,82.0,54.208,37.0,11.625,18.042,22.333,4.292,14.333,1.25,11.708,76.0,31.875,-5.0,206.167
2013-02-22,192.958,2.0,75.0,50.792,38.0,10.458,13.375,16.125,2.75,8.125,0.957,6.042,77.0,33.458,-10.0,203.417
2013-02-23,194.708,2.208,68.0,57.458,50.0,13.792,16.792,17.917,1.125,11.917,1.042,9.708,77.0,44.5,16.0,208.5
2013-02-24,198.083,3.0,74.0,62.125,53.0,15.625,27.261,32.739,5.478,17.792,2.045,15.087,80.0,51.833,29.0,213.708
2013-02-25,198.583,3.833,99.0,65.708,40.0,19.667,29.208,38.875,9.667,29.375,2.042,27.917,131.0,60.375,2.0,218.25
2013-02-26,199.217,4.478,91.0,65.542,36.0,23.696,31.609,36.957,5.348,35.417,2.0,37.333,143.0,69.583,5.0,222.913
2013-02-27,201.333,5.792,99.0,93.333,78.0,30.417,39.0,54.208,15.208,42.875,1.333,46.542,111.0,73.917,45.0,231.75
2013-02-28,193.458,3.5,98.0,66.625,38.0,18.792,19.5,24.458,4.958,22.042,1.304,24.792,170.0,122.292,69.0,212.25
2013-03-01,196.542,4.0,98.0,92.292,66.0,19.75,22.125,23.625,1.5,32.875,1.333,33.25,116.0,80.042,69.0,216.292
2013-03-02,194.25,2.708,98.0,97.542,88.0,15.458,11.625,12.208,0.583,14.625,1.0,14.25,65.0,48.542,41.0,209.708
2013-03-03,193.818,2.0,98.0,66.609,38.0,14.273,9.696,10.565,0.87,6.696,1.0,4.783,90.0,51.25,30.0,208.091
2013-03-04,197.652,2.478,87.0,53.417,38.0,13.739,20.087,22.609,2.522,14.083,2.167,13.667,98.0,55.667,13.0,211.391
2013-03-05,194.667,2.833,99.0,92.25,45.0,15.75,23.0,25.625,2.625,20.75,1.0,21.875,83.0,52.5,35.0,210.417
2013-03-06,193.125,1.708,51.0,35.5,24.0,9.792,9.292,10.375,1.083,7.292,1.0,4.333,69.0,43.708,14.0,202.917
2013-03-07,195.417,2.5,92.0,54.417,30.0,13.375,18.208,21.667,3.458,10.958,1.0,8.042,74.0,27.583,-2.0,208.792
2013-03-08,195.292,2.792,96.0,57.458,34.0,14.042,17.75,21.417,3.667,11.583,1.167,10.083,98.0,40.083,-13.0,209.333
2013-03-09,192.167,2.25,79.0,52.042,39.0,12.083,10.333,11.0,0.667,10.25,1.417,8.708,98.0,52.083,21.0,204.25
2013-03-10,196.091,1.773,81.0,45.125,25.0,11.182,8.591,9.318,0.727,6.417,1.13,4.609,68.0,38.042,6.0,207.273
2013-03-11,198.958,2.333,78.0,51.917,25.0,13.5,16.708,20.375,3.667,7.208,1.167,4.0,105.0,42.167,-25.0,212.458
2013-03-12,201.375,3.5,87.0,60.083,35.0,19.333,27.708,33.25,5.542,27.625,2.609,28.708,171.0,91.0,6.0,220.708
2013-03-13,198.542,3.625,98.0,92.125,78.0,19.458,26.625,30.417,3.792,38.292,1.833,45.125,150.0,94.917,57.0,218.0
2013-03-14,193.167,1.875,98.0,51.833,38.0,10.125,9.792,10.417,0.625,2.25,1.0,3.833,109.0,83.875,51.0,203.292
2013-03-15,195.5,2.0,78.0,47.167,29.0,11.083,11.0,11.917,0.917,6.042,1.0,4.208,122.0,70.083,30.0,206.583
2013-03-16,194.043,2.522,86.0,56.667,31.0,13.565,11.348,12.174,0.826,17.458,1.625,15.667,179.0,95.625,27.0,207.609
2013-03-17,197.125,3.478,95.0,70.375,40.0,16.292,17.739,20.957,3.217,23.304,1.826,25.478,161.0,97.917,30.0,213.417
2013-03-18,192.292,2.75,99.0,72.208,49.0,15.917,17.75,21.75,4.0,19.542,0.957,22.708,205.0,134.875,48.0,208.208
2013-03-19,194.042,2.167,66.0,54.667,42.0,13.417,11.625,12.125,0.5,13.458,1.417,13.5,122.0,98.292,78.0,207.458
2013-03-20,192.583,2.292,98.0,92.792,67.0,15.958,18.958,20.375,1.417,10.75,1.0,10.75,87.0,72.042,56.0,208.542
2013-03-21,190.083,1.792,98.0,47.208,21.0,11.292,8.625,9.208,0.583,3.083,0.417,2.625,127.0,89.667,60.0,201.375
2013-03-22,193.435,1.13,63.0,39.542,27.0,10.261,7.565,8.261,0.696,4.292,0.958,2.958,139.0,84.917,35.0,203.696
2013-03-23,194.833,1.583,77.0,50.917,28.0,12.292,10.375,11.125,0.75,8.792,1.042,7.458,161.0,99.208,39.0,207.125
2013-03-24,194.875,2.083,90.0,54.917,25.0,13.333,15.125,16.667,1.542,13.75,1.304,13.417,185.0,115.917,42.0,208.208
2013-03-25,193.75,2.522,79.0,52.542,30.0,16.917,22.348,25.391,3.043,22.435,1.652,21.217,223.0,151.292,84.0,210.667
2013-03-26,191.875,2.333,98.0,69.708,53.0,17.042,20.625,23.708,3.083,17.583,1.125,19.042,191.0,152.125,119.0,208.917
2013-03-27,193.833,2.708,98.0,89.667,71.0,18.417,23.042,24.792,1.75,29.208,1.0,32.25,140.0,111.708,80.0,212.25
2013-03-28,193.261,2.652,98.0,58.875,28.0,14.435,18.478,20.739,2.261,19.625,1.125,20.083,200.0,131.333,59.0,207.696
2013-03-29,191.5,2.458,83.0,62.125,38.0,15.333,16.958,18.625,1.667,20.583,1.083,22.333,225.0,158.125,95.0,206.833
2013-03-30,185.667,1.583,98.0,86.375,39.0,10.083,6.583,7.208,0.625,5.792,0.0,8.667,174.0,155.125,144.0,195.75
2013-03-31,189.5,1.667,54.0,32.833,17.0,9.125,5.5,5.833,0.333,7.917,0.875,5.75,195.0,153.375,113.0,198.625
2013-04-01,195.524,3.13,99.0,65.043,38.0,21.143,14.609,15.565,0.957,17.087,1.87,20.13,149.0,107.5,54.0,216.667
2013-04-02,193.708,3.042,99.0,98.292,83.0,22.875,17.958,19.292,1.333,15.375,1.208,17.542,113.0,93.083,74.0,216.583
2013-04-03,186.833,2.042,99.0,77.542,53.0,16.792,7.375,7.917,0.542,0.708,1.0,1.375,159.0,129.625,113.0,203.625
2013-04-04,188.833,,92.0,70.625,47.0,19.625,15.174,18.739,3.565,7.167,1.458,8.727,214.0,154.875,86.0,208.458
2013-04-05,189.875,2.429,95.0,74.208,48.0,21.917,14.917,16.75,1.833,17.917,1.25,24.556,227.0,171.417,129.0,211.792
2013-04-06,188.458,2.833,99.0,88.5,54.0,22.417,14.333,17.417,3.083,19.208,1.087,28.957,198.0,154.417,123.0,210.875
2013-04-07,189.304,2.0,98.0,56.417,28.0,19.087,4.917,6.208,1.292,1.696,1.0,3.5,232.0,173.417,110.0,208.391
2013-04-08,195.208,2.217,57.0,35.333,22.0,23.25,10.696,11.652,0.957,6.565,1.13,2.091,196.0,137.417,83.0,218.458
2013-04-09,196.5,2.583,83.0,55.167,33.0,26.542,17.5,22.417,4.917,15.625,1.667,12.333,223.0,154.167,78.0,223.042
2013-04-10,197.583,2.375,92.0,59.417,43.0,24.583,11.217,11.696,0.478,14.375,1.958,12.867,159.0,127.333,76.0,222.167
2013-04-11,200.958,2.833,96.0,78.792,46.0,24.292,15.125,15.875,0.75,11.833,1.667,10.042,124.0,88.792,55.0,225.25
2013-04-12,199.958,2.833,99.0,59.208,36.0,23.417,13.667,15.667,2.0,16.25,1.609,15.417,170.0,103.458,39.0,223.375
2013-04-13,193.652,2.458,86.0,57.083,40.0,19.696,9.667,10.042,0.375,8.75,1.292,5.792,161.0,110.125,54.0,213.348
2013-04-14,191.667,2.417,99.0,65.042,40.0,20.542,8.833,9.542,0.708,17.833,1.208,15.333,207.0,146.5,63.0,212.208
2013-04-15,192.435,2.174,74.0,60.167,44.0,19.522,10.783,11.609,0.826,19.696,2.348,21.087,220.0,168.542,115.0,211.957
2013-04-16,192.167,2.955,93.0,72.375,50.0,20.208,16.304,18.0,1.696,13.625,1.833,15.333,204.0,148.875,92.0,212.375
2013-04-17,188.458,2.174,99.0,67.083,43.0,18.708,13.167,14.292,1.125,23.125,1.292,25.208,232.0,191.792,126.0,207.167
2013-04-18,184.542,1.292,93.0,75.167,58.0,16.083,9.875,11.667,1.792,15.542,1.0,14.75,231.0,189.208,132.0,200.625
2013-04-19,193.043,1.833,94.0,46.042,32.0,14.261,6.75,6.917,0.167,14.0,1.042,12.458,177.0,129.333,89.0,207.304
2013-04-20,198.083,2.542,99.0,70.208,42.0,15.833,13.208,13.542,0.333,18.667,1.208,17.0,101.0,79.167,49.0,213.917
2013-04-21,195.875,2.0,99.0,78.417,48.0,12.75,5.458,5.5,0.042,4.292,1.0,3.375,110.0,72.5,49.0,208.625
2013-04-22,197.304,2.0,51.0,35.25,29.0,13.217,8.591,8.636,0.045,14.0,1.0,10.13,151.0,106.375,60.0,210.522
2013-04-23,198.958,2.826,79.0,57.167,46.0,17.833,16.917,18.667,1.75,18.083,1.708,17.417,186.0,125.625,49.0,216.792
2013-04-24,192.792,2.042,99.0,77.625,57.0,14.042,9.792,10.875,1.083,12.125,1.0,13.583,177.0,158.958,132.0,206.833
2013-04-25,191.13,2.208,99.0,55.75,21.0,14.783,9.667,10.708,1.042,12.5,1.042,13.375,224.0,170.292,131.0,205.913
2013-04-26,191.136,2.667,97.0,65.167,34.0,16.818,12.304,13.957,1.652,14.708,1.333,15.833,234.0,161.625,118.0,207.955
2013-04-27,192.833,2.375,88.0,48.917,29.0,15.792,9.375,10.542,1.167,9.167,1.0,6.875,197.0,141.333,84.0,208.625
2013-04-28,193.5,2.167,64.0,42.667,31.0,15.292,6.435,6.565,0.13,11.792,1.042,8.833,206.0,149.667,84.0,208.792
2013-04-29,194.708,3.0,79.0,60.875,39.0,20.167,12.958,13.542,0.583,14.5,1.583,13.75,214.0,161.083,88.0,214.875
2013-04-30,190.0,2.292,82.0,70.0,61.0,16.333,9.5,10.417,0.917,19.417,1.0,20.625,214.0,188.375,160.0,206.333
2013-05-01,191.783,2.417,99.0,78.542,51.0,15.304,11.75,12.583,0.833,16.583,1.25,18.167,184.0,143.0,113.0,207.087
2013-05-02,191.708,2.042,87.0,50.875,29.0,12.5,6.708,7.042,0.333,3.5,1.0,2.5,179.0,131.375,92.0,204.208
2013-05-03,193.583,2.292,78.0,55.667,41.0,13.667,7.75,7.917,0.167,6.167,1.25,3.5,183.0,136.458,91.0,207.25
2013-05-04,194.333,2.542,84.0,66.458,49.0,15.0,8.478,9.174,0.696,10.208,1.5,9.75,203.0,149.958,98.0,209.333
2013-05-05,193.667,2.217,86.0,62.292,35.0,14.292,7.0,7.5,0.5,11.667,1.292,12.083,221.0,166.083,101.0,207.958
2013-05-06,192.125,2.5,92.0,58.25,37.0,16.125,8.417,9.542,1.125,18.375,1.13,19.458,259.0,191.25,119.0,208.25
2013-05-07,190.19,1.391,53.0,38.739,25.0,12.571,4.565,5.217,0.652,6.409,1.043,5.909,186.0,143.542,96.0,202.762
2013-05-08,191.583,1.708,74.0,37.75,19.0,14.792,10.375,11.5,1.125,6.292,1.25,3.583,231.0,154.625,62.0,206.375
2013-05-09,191.417,2.5,94.0,62.667,39.0,20.75,18.5,20.625,2.125,11.5,1.667,11.333,242.0,178.708,106.0,212.167
2013-05-10,190.333,3.0,93.0,59.917,33.0,23.125,18.957,21.522,2.565,21.875,1.708,24.75,277.0,211.167,143.0,213.458
2013-05-11,189.625,2.826,98.0,93.458,73.0,20.292,15.292,17.375,2.083,30.292,1.333,39.792,191.0,173.333,162.0,209.917
2013-05-12,188.25,2.125,98.0,77.375,42.0,15.542,6.0,7.417,1.417,9.375,1.087,12.125,255.0,195.375,161.0,203.792
2013-05-13,193.217,2.174,98.0,85.5,68.0,17.913,13.043,15.522,2.478,21.455,1.348,26.727,220.0,187.292,157.0,211.13
2013-05-14,191.417,2.455,98.0,73.542,45.0,20.167,16.208,19.917,3.708,20.818,1.583,24.0,281.0,215.417,165.0,211.583
2013-05-15,187.625,2.0,97.0,75.458,54.0,14.667,8.25,10.542,2.292,17.875,1.667,20.167,239.0,206.5,183.0,202.292
2013-05-16,189.958,2.042,98.0,79.292,50.0,16.417,12.174,13.565,1.391,20.292,1.5,22.333,245.0,192.208,147.0,206.375
2013-05-17,193.25,2.333,98.0,72.292,38.0,17.292,12.792,14.125,1.333,17.958,1.25,20.792,228.0,175.5,134.0,210.542
2013-05-18,191.167,2.208,98.0,71.0,49.0,16.583,11.583,13.375,1.792,16.917,1.13,18.125,239.0,188.792,136.0,207.75
2013-05-19,187.261,1.333,98.0,71.375,52.0,12.957,5.042,5.917,0.875,10.167,1.292,11.458,225.0,191.625,165.0,200.217
2013-05-20,188.917,2.391,98.0,97.208,90.0,18.0,15.174,16.609,1.435,8.522,1.0,14.696,201.0,182.917,162.0,206.917
2013-05-21,189.958,2.739,98.0,77.875,58.0,17.583,14.0,16.083,2.083,18.125,1.583,27.833,258.0,221.875,192.0,207.542
2013-05-22,190.917,3.208,97.0,77.167,50.0,18.125,14.304,16.696,2.391,27.708,1.958,31.042,261.0,220.792,186.0,209.042
2013-05-23,192.458,2.833,98.0,63.083,39.0,19.125,16.792,18.625,1.833,25.042,2.583,30.208,251.0,217.542,188.0,211.583
2013-05-24,190.708,1.875,87.0,59.208,32.0,17.667,12.375,14.083,1.708,16.167,1.652,17.125,274.0,214.75,159.0,208.375
2013-05-25,190.381,1.583,93.0,78.75,54.0,12.429,7.292,8.625,1.333,12.542,1.083,15.042,227.0,184.167,144.0,202.81
2013-05-26,189.167,1.333,95.0,78.792,49.0,11.917,5.458,6.875,1.417,15.5,1.208,17.458,261.0,214.167,189.0,201.083
2013-05-27,187.478,1.682,98.0,78.792,55.0,12.87,7.0,8.652,1.652,12.917,1.0,14.087,249.0,212.667,191.0,200.348
2013-05-28,186.333,1.167,96.0,80.0,60.0,11.708,6.565,8.304,1.739,7.917,1.208,9.083,240.0,210.917,194.0,198.042
2013-05-29,184.958,1.0,98.0,85.958,67.0,10.417,5.417,6.875,1.458,8.542,1.208,9.792,228.0,207.75,195.0,195.375
2013-05-30,183.792,1.292,98.0,97.958,97.0,10.917,8.292,10.375,2.083,6.625,1.0,14.125,213.0,205.583,195.0,194.708
2013-05-31,192.739,2.208,98.0,59.083,34.0,16.609,11.542,12.917,1.375,12.125,1.25,14.625,260.0,221.667,188.0,209.348
2013-06-01,193.208,2.042,87.0,61.917,32.0,18.25,13.542,15.042,1.5,14.083,1.292,15.375,250.0,202.458,164.0,211.458
2013-06-02,189.208,1.217,87.0,69.0,53.0,13.0,4.5,5.333,0.833,10.458,1.0,10.667,228.0,188.792,156.0,202.208
2013-06-03,188.818,2.13,91.0,68.522,43.0,17.409,11.75,13.45,1.7,12.391,1.524,15.739,260.0,195.667,148.0,206.227
2013-06-04,187.917,2.458,91.0,70.167,42.0,19.292,14.375,16.833,2.458,20.083,1.875,24.958,278.0,219.5,168.0,207.208
2013-06-05,185.25,1.708,98.0,76.875,52.0,16.625,11.304,13.652,2.348,17.042,1.304,22.292,263.0,223.5,188.0,201.875
2013-06-06,184.857,1.292,98.0,78.5,60.0,18.0,9.75,11.458,1.708,13.417,1.0,15.375,241.0,215.875,198.0,202.857
2013-06-07,189.208,1.458,83.0,68.792,57.0,19.958,14.625,16.542,1.917,9.042,1.083,10.042,237.0,212.208,193.0,209.167
2013-06-08,187.708,1.696,96.0,74.792,51.0,19.542,9.833,11.333,1.5,11.833,1.0,13.125,250.0,215.125,186.0,207.25
2013-06-09,189.75,2.25,97.0,74.417,50.0,20.625,9.375,10.917,1.542,20.917,1.25,24.333,281.0,229.292,177.0,210.375
2013-06-10,190.583,2.208,98.0,85.333,65.0,19.75,11.542,13.333,1.792,20.542,1.333,29.125,246.0,218.5,204.0,210.333
2013-06-11,189.696,2.304,98.0,88.833,74.0,22.478,15.909,17.318,1.409,12.625,1.364,17.913,217.0,204.292,195.0,212.174
2013-06-12,191.0,1.75,98.0,98.0,98.0,17.565,12.708,14.125,1.417,12.625,1.083,25.458,218.0,200.0,184.0,208.565
2013-06-13,184.625,1.0,98.0,98.0,98.0,15.875,8.958,11.042,2.083,0.625,1.0,4.208,217.0,209.167,204.0,200.5
2013-06-14,187.0,1.478,98.0,91.875,76.0,17.458,12.917,15.667,2.75,6.917,1.208,12.542,264.0,231.25,201.0,204.458
2013-06-15,184.0,2.0,98.0,83.708,61.0,17.75,9.708,13.833,4.125,10.792,1.75,13.875,297.0,254.625,224.0,201.75
2013-06-16,184.667,1.208,98.0,89.292,72.0,14.792,6.125,7.5,1.375,4.667,1.0,6.917,260.0,228.167,209.0,199.458
2013-06-17,183.75,1.739,96.0,83.208,63.0,19.167,10.286,12.619,2.333,12.0,1.143,13.913,286.0,244.083,215.0,202.917
2013-06-18,189.087,2.625,98.0,80.5,61.0,24.87,13.875,16.0,2.125,28.083,1.042,37.75,295.0,260.5,228.0,213.957
2013-06-19,186.667,1.75,97.0,79.333,58.0,18.583,11.083,14.083,3.0,19.042,1.0,26.917,279.0,258.5,232.0,205.25
2013-06-20,189.792,2.217,98.0,97.833,97.0,17.708,13.875,15.583,1.708,5.5,0.958,12.0,230.0,215.125,200.0,207.5
2013-06-21,192.833,2.542,98.0,97.5,95.0,18.833,15.542,19.583,4.042,7.958,1.0,15.5,224.0,207.083,184.0,211.667
2013-06-22,191.458,2.125,98.0,84.875,60.0,17.5,10.583,11.833,1.25,6.125,1.0,8.208,254.0,209.333,167.0,208.958
2013-06-23,199.708,3.0,98.0,78.792,56.0,18.667,7.13,8.783,1.652,23.292,1.609,29.667,266.0,227.208,197.0,218.375
2013-06-24,195.091,2.522,93.0,79.583,57.0,21.091,10.0,11.778,1.778,20.333,1.304,26.652,267.0,228.292,197.0,216.182
2013-06-25,194.292,2.875,98.0,86.917,69.0,20.375,14.143,16.286,2.143,21.542,1.333,31.167,250.0,227.708,215.0,214.667
2013-06-26,190.917,2.522,98.0,97.375,94.0,18.125,13.167,14.958,1.792,14.583,1.292,22.25,219.0,207.25,189.0,209.042
2013-06-27,188.708,1.167,98.0,71.708,44.0,15.625,6.917,7.625,0.708,6.083,1.167,6.25,266.0,218.875,178.0,204.333
2013-06-28,192.083,2.125,92.0,72.75,52.0,19.667,14.292,15.667,1.375,14.417,2.125,17.125,258.0,221.708,194.0,211.75
2013-06-29,190.667,1.792,96.0,74.25,50.0,19.417,11.083,12.125,1.042,13.292,1.13,15.5,288.0,233.167,198.0,210.083
2013-06-30,187.261,1.0,96.0,79.125,57.0,12.957,4.25,4.292,0.042,10.208,1.458,11.833,272.0,236.75,218.0,200.217
2013-07-01,186.545,1.13,95.0,75.565,59.0,13.773,6.909,7.273,0.364,7.609,1.087,9.217,260.0,231.125,212.0,200.318
2013-07-02,186.375,1.522,95.0,72.917,49.0,13.75,10.375,11.0,0.625,9.25,1.167,11.292,279.0,235.833,206.0,200.125
2013-07-03,183.708,1.167,98.0,81.917,63.0,12.458,7.417,8.333,0.917,8.833,1.083,10.083,259.0,233.042,216.0,196.167
2013-07-04,181.25,1.5,98.0,91.208,84.0,13.583,11.292,12.542,1.25,8.042,1.0,13.458,265.0,244.625,223.0,194.833
2013-07-05,175.667,1.042,98.0,85.583,75.0,10.458,6.208,8.583,2.375,11.75,0.348,18.542,281.0,262.458,233.0,186.125
2013-07-06,178.13,0.792,84.0,70.833,53.0,14.304,4.708,6.25,1.542,11.917,0.125,13.25,335.0,290.792,266.0,192.435
2013-07-07,181.083,1.125,88.0,71.125,53.0,17.708,6.348,6.696,0.348,16.375,0.25,20.458,348.0,299.625,260.0,198.792
2013-07-08,188.5,2.364,97.0,78.708,54.0,22.333,14.522,14.87,0.348,21.25,1.261,31.696,349.0,289.167,256.0,210.833
2013-07-09,186.042,2.583,97.0,77.708,54.0,22.625,13.292,13.625,0.333,28.292,1.0,40.083,342.0,289.292,248.0,208.667
2013-07-10,186.792,2.458,97.0,73.792,48.0,22.917,14.542,14.958,0.417,36.875,1.25,54.25,350.0,300.0,260.0,209.708
2013-07-11,187.75,2.208,96.0,73.208,52.0,21.917,13.75,13.833,0.083,35.875,1.348,53.333,353.0,305.167,266.0,209.667
2013-07-12,190.478,3.042,88.0,70.417,56.0,23.261,17.083,17.125,0.042,39.375,2.875,57.167,344.0,308.375,274.0,213.739
2013-07-13,191.125,3.0,90.0,73.75,62.0,24.625,14.913,15.0,0.087,34.87,1.875,52.333,323.0,297.042,266.0,215.75
2013-07-14,193.958,2.609,94.0,79.083,49.0,20.042,7.75,8.0,0.25,36.417,1.625,54.208,331.0,286.625,264.0,214.0
2013-07-15,187.542,2.083,97.0,70.75,41.0,17.125,7.375,7.542,0.167,21.917,2.208,33.625,338.0,283.292,242.0,204.667
2013-07-16,191.333,2.043,89.0,76.458,63.0,17.125,12.174,12.435,0.261,10.652,1.783,15.087,289.0,252.042,228.0,208.458
2013-07-17,189.917,1.5,98.0,88.792,70.0,16.042,11.75,12.792,1.042,11.958,0.913,20.083,279.0,243.625,230.0,205.958
2013-07-18,184.522,1.833,98.0,82.083,54.0,17.913,9.667,10.167,0.5,16.167,0.5,23.542,330.0,270.833,231.0,202.435
2013-07-19,190.417,1.458,92.0,69.5,44.0,19.292,11.348,11.826,0.478,11.542,1.292,17.958,305.0,262.708,223.0,209.708
2013-07-20,193.0,2.174,88.0,72.75,59.0,19.875,13.375,13.708,0.333,11.25,1.833,16.75,278.0,244.458,222.0,212.875
2013-07-21,191.958,2.75,90.0,69.708,55.0,19.708,9.5,9.625,0.125,17.478,2.375,24.292,288.0,248.375,212.0,211.667
2013-07-22,187.087,2.0,97.0,88.958,73.0,19.522,9.696,9.957,0.261,22.091,1.0,34.435,289.0,257.958,234.0,206.609
2013-07-23,191.333,3.125,97.0,86.542,56.0,23.958,16.458,18.125,1.667,20.583,1.043,37.458,314.0,266.417,242.0,215.292
2013-07-24,185.727,2.625,97.0,95.708,85.0,11.273,16.458,17.208,0.75,17.25,1.417,33.0,259.0,246.833,241.0,197.0
2013-07-25,193.0,2.792,97.0,91.083,77.0,21.304,21.13,25.783,4.652,16.083,1.25,28.667,278.0,250.583,230.0,214.304
2013-07-26,182.333,1.565,97.0,84.583,59.0,16.583,10.625,11.167,0.542,22.25,0.958,34.708,319.0,273.833,245.0,198.917
2013-07-27,186.208,1.875,98.0,82.417,65.0,16.167,8.417,8.458,0.042,18.917,0.958,29.792,311.0,264.958,216.0,202.375
2013-07-28,190.208,2.458,98.0,78.333,58.0,17.167,7.667,7.708,0.042,13.542,1.042,20.25,306.0,258.542,217.0,207.375
2013-07-29,195.667,2.739,97.0,94.333,89.0,20.333,15.783,16.826,1.043,19.609,1.182,34.0,261.0,251.0,244.0,216.0
2013-07-30,199.833,3.375,97.0,85.708,65.0,22.333,12.833,13.042,0.208,30.792,1.375,52.042,303.0,267.542,244.0,222.167
2013-07-31,195.826,3.958,97.0,87.667,68.0,19.783,17.304,20.261,2.957,33.458,3.167,52.625,299.0,264.125,249.0,215.609
2013-08-01,191.75,2.261,97.0,85.5,59.0,16.75,10.667,11.792,1.125,25.208,1.042,40.208,315.0,272.333,247.0,208.5
2013-08-02,188.417,2.042,94.0,84.917,71.0,15.167,13.458,14.542,1.083,15.583,1.792,24.208,279.0,254.083,234.0,203.583
2013-08-03,189.917,2.208,95.0,79.083,59.0,18.0,13.583,16.125,2.542,15.458,3.208,24.833,292.0,258.917,232.0,207.917
2013-08-04,187.417,1.333,96.0,84.792,69.0,14.0,5.958,6.375,0.417,15.167,1.478,23.042,293.0,267.708,242.0,201.417
2013-08-05,187.13,1.391,97.0,78.217,53.0,16.609,7.87,8.739,0.87,16.304,1.043,23.304,320.0,281.042,248.0,203.739
2013-08-06,181.478,1.333,97.0,86.458,68.0,14.304,11.609,12.783,1.174,13.708,1.0,21.917,306.0,277.292,250.0,195.783
2013-08-07,187.208,2.304,97.0,73.833,45.0,17.292,12.458,14.333,1.875,18.917,1.417,25.833,340.0,286.833,244.0,204.5
2013-08-08,192.417,2.667,95.0,77.333,55.0,18.292,13.125,13.417,0.292,29.458,1.667,43.5,338.0,291.542,256.0,210.708
2013-08-09,191.167,2.917,96.0,77.167,60.0,17.542,12.25,12.417,0.167,37.917,1.25,60.875,344.0,306.292,266.0,208.708
2013-08-10,196.5,4.083,96.0,73.167,48.0,20.583,15.375,15.5,0.125,46.833,2.087,76.292,364.0,322.125,283.0,217.083
2013-08-11,193.708,2.708,86.0,70.708,50.0,18.208,9.833,9.875,0.042,37.917,1.125,56.375,369.0,314.5,291.0,211.917
2013-08-12,193.783,2.826,98.0,78.458,53.0,22.696,10.227,10.5,0.273,36.875,2.0,54.826,352.0,296.75,248.0,216.478
2013-08-13,192.583,2.609,97.0,75.5,45.0,20.042,7.583,7.833,0.25,34.042,1.75,52.0,331.0,287.042,251.0,212.625
2013-08-14,195.667,2.667,95.0,73.75,48.0,20.5,7.25,7.458,0.208,30.292,1.958,43.875,335.0,289.167,258.0,216.167
2013-08-15,193.042,2.375,95.0,78.167,53.0,18.333,6.167,6.417,0.25,28.208,2.375,40.083,329.0,284.833,246.0,211.375
2013-08-16,191.083,2.125,95.0,77.5,58.0,17.625,5.542,5.875,0.333,27.458,1.043,40.417,332.0,289.208,258.0,208.708
2013-08-17,189.5,1.667,97.0,75.167,57.0,17.375,5.333,5.958,0.625,17.958,1.0,25.667,328.0,287.0,254.0,206.875
2013-08-18,189.0,1.167,93.0,73.167,57.0,12.913,5.217,5.435,0.217,12.917,1.0,17.125,331.0,292.417,253.0,201.913
2013-08-19,186.87,1.318,95.0,74.083,59.0,16.0,7.826,8.652,0.826,12.696,1.0,17.391,338.0,298.25,266.0,202.87
2013-08-20,182.583,1.083,95.0,74.375,57.0,14.25,8.583,9.542,0.958,11.208,1.0,14.417,333.0,299.375,270.0,196.833
2013-08-21,190.125,2.167,97.0,89.042,59.0,17.792,16.167,16.792,0.625,14.958,1.667,25.833,328.0,281.167,259.0,207.917
2013-08-22,188.167,2.125,97.0,83.875,61.0,16.375,11.792,12.208,0.417,22.708,2.087,37.75,318.0,280.833,251.0,204.542
2013-08-23,189.292,2.417,97.0,90.917,78.0,17.958,16.208,16.708,0.5,24.583,1.75,46.708,296.0,271.75,246.0,207.25
2013-08-24,187.0,2.042,97.0,76.542,52.0,14.522,12.957,14.304,1.348,10.958,1.333,20.25,304.0,274.583,246.0,201.522
2013-08-25,192.958,3.826,97.0,89.542,73.0,16.25,12.083,12.083,0.0,14.375,1.792,24.583,263.0,244.542,228.0,209.208
2013-08-26,193.458,2.957,98.0,75.708,52.0,17.25,13.174,14.348,1.174,12.783,1.783,18.545,281.0,246.625,210.0,210.708
2013-08-27,192.583,2.25,98.0,76.917,51.0,12.333,8.583,8.708,0.125,9.583,1.167,12.75,288.0,240.333,197.0,204.917
2013-08-28,193.208,2.208,93.0,67.083,42.0,14.208,13.125,13.708,0.583,12.083,1.391,14.5,315.0,262.208,212.0,207.417
2013-08-29,196.667,2.708,92.0,71.5,49.0,16.667,13.5,13.833,0.333,22.792,1.583,29.917,315.0,270.167,229.0,213.333
2013-08-30,186.435,1.792,82.0,66.208,51.0,19.13,11.565,11.87,0.304,21.25,1.5,25.708,354.0,299.208,252.0,205.565
2013-08-31,184.292,1.478,92.0,72.292,57.0,18.958,9.917,11.292,1.375,13.667,1.167,17.792,344.0,300.792,261.0,203.25
2013-09-01,182.667,1.125,97.0,79.417,54.0,16.083,5.042,5.208,0.167,11.958,1.0,16.167,353.0,293.875,250.0,198.75
2013-09-02,190.045,2.13,96.0,79.435,53.0,21.409,13.0,13.591,0.591,13.13,1.478,18.0,330.0,280.25,249.0,211.455
2013-09-03,182.0,1.333,96.0,75.417,53.0,18.0,7.708,11.292,3.583,8.0,1.174,11.292,327.0,285.667,250.0,200.0
2013-09-04,183.083,1.0,98.0,92.0,80.0,14.833,6.417,7.417,1.0,6.583,1.0,11.333,286.0,262.167,233.0,197.917
2013-09-05,183.826,1.125,97.0,93.583,80.0,8.087,10.087,11.87,1.783,4.917,1.0,9.625,285.0,257.208,242.0,191.913
2013-09-06,191.792,2.0,97.0,84.083,70.0,9.75,14.542,15.792,1.25,9.042,1.792,12.458,268.0,248.083,235.0,201.542
2013-09-07,194.833,2.125,98.0,84.583,70.0,11.042,12.333,12.792,0.458,15.208,1.25,23.583,273.0,243.333,216.0,205.875
2013-09-08,192.417,2.0,98.0,95.125,88.0,8.5,8.667,8.792,0.125,11.375,1.5,20.25,258.0,236.625,210.0,200.917
2013-09-09,192.478,2.0,98.0,77.958,53.0,12.522,13.174,14.0,0.826,7.292,1.727,10.087,267.0,236.708,211.0,205.0
2013-09-10,193.25,2.458,98.0,77.417,54.0,14.833,15.042,15.292,0.25,12.458,2.208,16.25,268.0,238.417,206.0,208.083
2013-09-11,192.565,2.125,98.0,87.833,69.0,16.348,13.826,14.304,0.478,10.5,1.083,17.667,255.0,232.625,213.0,208.913
2013-09-12,193.792,2.478,98.0,77.083,52.0,18.458,14.583,15.875,1.292,15.958,1.667,22.75,302.0,255.042,212.0,212.25
2013-09-13,193.208,2.417,97.0,78.875,53.0,17.667,13.875,14.708,0.833,21.125,2.167,31.417,313.0,270.0,231.0,210.875
2013-09-14,193.083,2.5,97.0,85.75,69.0,18.042,13.625,14.958,1.333,15.958,1.583,25.542,297.0,269.125,246.0,211.125
2013-09-15,181.583,0.833,98.0,95.5,88.0,12.083,6.042,6.958,0.917,5.917,1.0,13.833,275.0,252.25,222.0,193.667
2013-09-16,179.0,0.417,97.0,79.625,44.0,9.292,2.917,3.125,0.208,6.875,1.0,15.417,271.0,250.333,212.0,188.292
2013-09-17,193.273,1.652,90.0,58.917,32.0,19.455,16.955,18.227,1.273,8.435,1.652,11.348,272.0,212.458,150.0,212.727
2013-09-18,195.583,2.391,95.0,66.0,36.0,21.083,19.0,20.25,1.25,12.043,1.292,16.0,272.0,216.75,167.0,216.667
2013-09-19,196.125,2.708,87.0,65.917,38.0,21.458,21.042,22.292,1.25,15.375,1.792,18.5,274.0,219.25,166.0,217.583
2013-09-20,193.292,2.292,97.0,76.417,51.0,18.083,15.375,16.542,1.167,14.292,1.083,20.083,281.0,229.792,176.0,211.375
2013-09-21,190.5,2.0,98.0,78.583,44.0,16.292,12.333,13.083,0.75,15.042,1.522,20.5,293.0,237.667,191.0,206.792
2013-09-22,192.542,2.292,94.0,72.417,41.0,16.583,8.625,8.667,0.042,21.333,1.417,28.417,296.0,241.042,198.0,209.125
2013-09-23,190.217,1.167,98.0,78.842,68.0,11.696,5.826,6.174,0.348,9.792,1.042,14.375,220.0,206.105,173.0,201.913
2013-09-24,190.25,1.773,98.0,84.333,66.0,13.792,13.087,13.696,0.609,9.583,1.0,15.174,258.0,215.833,169.0,204.042
2013-09-25,186.583,1.667,98.0,97.167,95.0,13.042,14.833,15.667,0.833,5.375,1.0,15.75,242.0,224.333,212.0,199.625
2013-09-26,188.125,1.083,97.0,65.542,46.0,11.583,7.583,7.917,0.333,3.208,1.0,6.958,242.0,218.208,176.0,199.708
2013-09-27,194.583,1.625,80.0,52.125,37.0,13.542,12.292,12.833,0.542,3.833,1.478,6.292,226.0,185.125,144.0,208.125
2013-09-28,196.083,2.375,91.0,69.375,49.0,16.625,17.167,18.25,1.083,6.667,2.083,10.292,240.0,187.75,133.0,212.708
2013-09-29,193.174,2.375,84.0,69.375,48.0,16.087,11.696,12.0,0.304,9.625,1.833,13.958,246.0,208.792,180.0,209.261
2013-09-30,191.083,1.826,90.0,71.208,55.0,17.25,13.792,14.292,0.5,11.708,1.542,16.833,248.0,211.583,167.0,208.333
2013-10-01,190.182,2.348,98.0,89.375,76.0,20.682,19.739,23.043,3.304,9.565,1.217,18.591,239.0,218.208,194.0,210.864
2013-10-02,186.417,1.75,98.0,89.625,68.0,15.833,12.708,14.542,1.833,8.667,1.25,14.792,270.0,234.5,211.0,202.25
2013-10-03,190.083,1.917,98.0,76.0,52.0,18.417,13.167,17.917,4.75,10.917,1.13,15.167,270.0,235.125,201.0,208.5
2013-10-04,194.167,1.583,98.0,84.75,74.0,17.458,12.5,12.875,0.375,10.167,1.0,14.167,198.0,178.75,163.0,211.625
2013-10-05,190.0,1.292,98.0,98.0,98.0,12.217,8.957,9.348,0.391,4.167,1.0,8.375,194.0,178.917,158.0,202.217
2013-10-06,189.125,1.478,98.0,92.833,76.0,13.083,7.042,7.583,0.542,4.875,1.083,10.75,249.0,214.833,193.0,202.208
2013-10-07,187.083,1.739,98.0,86.917,65.0,15.292,13.565,15.174,1.609,8.458,1.13,13.13,260.0,227.458,206.0,202.375
2013-10-08,184.958,1.417,98.0,82.667,54.0,14.667,9.583,14.417,4.833,8.75,1.708,11.5,275.0,237.083,200.0,199.625
2013-10-09,182.792,1.083,96.0,79.625,64.0,12.125,7.333,8.583,1.25,7.583,1.043,9.292,274.0,248.042,225.0,194.917
2013-10-10,188.208,2.042,97.0,82.958,68.0,17.75,17.5,21.333,3.833,8.25,1.958,11.083,260.0,238.792,213.0,205.958
2013-10-11,186.957,1.5,97.0,74.167,47.0,15.478,9.087,11.0,1.913,9.0,1.042,14.042,293.0,250.292,219.0,202.435
2013-10-12,186.125,,90.0,61.75,41.0,14.375,6.375,7.5,1.125,9.542,1.167,12.208,300.0,242.75,184.0,200.5
2013-10-13,191.0,,76.0,46.333,32.0,14.333,5.083,5.25,0.167,6.542,1.0,6.625,255.0,200.5,155.0,205.333
2013-10-14,194.458,,84.0,68.292,54.0,19.458,13.208,13.333,0.125,10.5,1.958,12.292,232.0,188.667,141.0,213.917
2013-10-15,192.583,1.846,98.0,93.227,81.0,20.708,16.87,18.043,1.174,15.913,1.5,25.087,189.0,174.458,168.0,213.292
2013-10-16,186.792,1.217,98.0,62.333,36.0,13.375,4.708,4.708,0.0,0.792,1.0,2.042,247.0,196.083,160.0,200.167
2013-10-17,193.652,1.458,60.0,50.292,38.0,13.348,10.304,10.435,0.13,4.417,1.333,3.708,198.0,170.5,147.0,207.0
2013-10-18,194.833,1.792,74.0,62.292,53.0,14.25,12.5,13.042,0.542,5.667,1.167,7.375,190.0,165.625,147.0,209.083
2013-10-19,195.083,1.792,98.0,79.333,60.0,13.458,10.542,10.792,0.25,10.042,1.083,14.25,170.0,151.5,139.0,208.542
2013-10-20,191.5,1.458,98.0,97.875,95.0,11.292,6.75,6.75,0.0,1.542,1.0,5.083,158.0,146.833,131.0,202.792
2013-10-21,192.304,2.087,98.0,86.083,73.0,14.957,14.522,17.565,3.043,3.25,1.227,6.217,203.0,176.583,141.0,207.261
2013-10-22,190.708,1.565,98.0,86.25,72.0,13.917,12.792,13.625,0.833,4.042,1.0,9.125,186.0,172.708,162.0,204.625
2013-10-23,190.348,1.625,90.0,81.375,74.0,15.478,13.957,14.609,0.652,3.833,1.0,4.6,176.0,163.5,155.0,205.826
2013-10-24,190.333,1.708,98.0,87.333,67.0,14.667,14.042,14.833,0.792,4.583,1.292,6.667,171.0,154.417,148.0,205.0
2013-10-25,188.958,2.167,98.0,97.833,95.0,16.0,18.208,21.708,3.5,1.208,1.208,5.917,186.0,173.375,154.0,204.958
2013-10-26,188.458,2.458,98.0,95.417,87.0,14.917,11.833,11.958,0.125,2.625,1.458,5.5,168.0,148.125,139.0,203.375
2013-10-27,192.167,2.583,98.0,64.5,32.0,15.5,8.292,9.25,0.958,6.125,0.652,7.667,197.0,150.5,107.0,207.667
2013-10-28,194.75,2.783,91.0,67.458,44.0,19.917,22.125,25.25,3.125,10.708,1.125,12.792,190.0,144.458,101.0,214.667
2013-10-29,195.652,4.304,98.0,93.25,81.0,29.348,29.591,45.455,15.864,18.565,1.087,30.174,153.0,141.583,121.0,225.0
2013-10-30,191.208,2.708,98.0,82.042,64.0,20.542,18.958,24.542,5.583,7.833,0.958,13.708,204.0,164.292,135.0,211.75
2013-10-31,197.542,4.5,95.0,70.708,45.0,27.375,27.5,31.167,3.667,19.333,1.208,24.542,198.0,151.375,102.0,224.917
2013-11-01,195.458,3.667,97.0,68.5,39.0,23.75,22.333,25.917,3.583,18.292,1.042,23.25,193.0,151.917,107.0,219.208
2013-11-02,197.333,4.208,95.0,84.125,72.0,28.208,30.25,37.708,7.458,20.25,1.783,29.417,158.0,145.083,122.0,225.542
2013-11-03,195.833,4.217,98.0,85.958,64.0,26.167,18.25,20.167,1.917,25.708,1.375,38.417,192.0,159.667,128.0,222.0
2013-11-04,196.739,3.875,98.0,90.292,73.0,21.913,14.739,16.522,1.783,16.708,1.0,28.542,177.0,153.5,114.0,218.652
2013-11-05,200.909,4.0,95.0,70.739,36.0,26.727,23.391,28.087,4.696,16.364,1.0,18.476,182.0,132.583,93.0,227.636
2013-11-06,195.375,3.375,99.0,77.5,49.0,22.917,20.167,28.167,8.0,16.708,1.13,18.167,191.0,133.833,83.0,218.292
2013-11-07,199.375,5.333,98.0,96.208,91.0,35.583,30.833,56.167,25.333,29.292,1.0,40.667,151.0,133.042,122.0,234.958
2013-11-08,193.167,2.75,98.0,67.458,44.0,19.708,15.625,20.667,5.042,10.833,1.125,10.875,197.0,137.625,83.0,212.875
2013-11-09,195.625,2.478,98.0,80.0,64.0,21.5,19.792,23.667,3.875,11.458,1.0,11.833,129.0,113.708,91.0,217.125
2013-11-10,191.174,2.25,98.0,79.083,60.0,15.13,9.957,10.739,0.783,13.708,1.0,19.167,209.0,156.167,111.0,206.304
2013-11-11,190.542,2.087,84.0,65.0,52.0,13.958,10.957,12.043,1.087,5.167,1.217,3.652,158.0,113.0,63.0,204.5
2013-11-12,194.375,2.708,89.0,67.208,55.0,17.917,19.5,25.25,5.75,5.958,1.174,4.208,111.0,80.125,62.0,212.292
2013-11-13,195.083,2.542,87.0,61.667,41.0,16.375,16.125,19.333,3.208,5.957,1.25,5.208,122.0,80.167,44.0,211.458
2013-11-14,199.625,3.75,99.0,73.875,48.0,23.833,26.333,39.458,13.125,11.875,1.625,12.708,125.0,80.208,26.0,223.458
2013-11-15,198.75,4.174,99.0,89.5,68.0,27.083,27.5,47.792,20.292,19.792,1.5,23.708,111.0,94.542,78.0,225.833
2013-11-16,196.435,3.625,99.0,75.75,41.0,23.261,21.435,30.391,8.957,12.875,1.667,13.333,159.0,106.542,63.0,219.696
2013-11-17,197.458,3.917,99.0,80.875,48.0,22.792,19.208,22.5,3.292,20.167,1.625,22.25,182.0,113.958,60.0,220.25
2013-11-18,193.478,3.478,99.0,69.333,37.0,19.783,17.304,24.652,7.348,18.087,1.091,20.696,188.0,123.583,72.0,213.261
2013-11-19,192.667,2.583,73.0,49.042,24.0,16.542,15.833,18.375,2.542,7.667,1.042,5.0,161.0,103.083,59.0,209.208
2013-11-20,192.917,2.727,62.0,47.833,41.0,14.5,16.042,19.0,2.958,8.875,1.333,6.458,155.0,102.375,51.0,207.417
2013-11-21,196.5,,95.0,64.167,38.0,22.25,25.542,34.083,8.542,10.292,,8.458,160.0,94.917,40.0,218.75
2013-11-22,195.826,3.0,97.0,71.917,46.0,21.217,23.913,31.522,7.609,7.75,,6.0,162.0,97.75,41.0,217.043
2013-11-23,195.125,2.375,97.0,69.917,43.0,18.417,17.583,20.75,3.167,6.792,,5.667,156.0,103.542,52.0,213.542
2013-11-24,197.25,3.042,99.0,74.375,40.0,20.167,18.0,19.75,1.75,13.75,,15.167,168.0,99.75,45.0,217.417
2013-11-25,194.958,3.043,98.0,87.333,69.0,21.167,20.87,28.522,7.652,16.333,,22.348,176.0,124.75,78.0,216.125
2013-11-26,192.75,3.174,98.0,67.583,39.0,20.042,22.375,30.667,8.292,12.667,,13.875,179.0,131.333,84.0,212.792
2013-11-27,192.833,2.583,75.0,55.958,38.0,18.542,16.458,23.083,6.625,7.0,,6.0,148.0,110.958,70.0,211.375
2013-11-28,195.478,2.958,85.0,53.875,33.0,16.348,21.696,31.13,9.435,10.792,,10.667,165.0,113.5,63.0,211.826
2013-11-29,197.708,3.125,75.0,50.417,34.0,15.708,20.458,24.208,3.75,6.25,,4.667,131.0,74.958,29.0,213.417
2013-11-30,199.625,3.75,95.0,68.417,45.0,19.042,24.208,34.542,10.333,7.125,,6.458,131.0,69.917,17.0,218.667
2013-12-01,198.667,3.583,96.0,71.042,38.0,17.833,20.292,23.958,3.667,10.333,,9.375,143.0,76.792,24.0,216.5
2013-12-02,199.864,4.182,97.0,73.783,46.0,21.5,30.455,40.0,9.545,17.348,,18.696,149.0,84.125,32.0,221.364
2013-12-03,201.625,4.917,97.0,71.583,38.0,25.333,34.875,51.667,16.792,16.1,,21.333,148.0,85.583,36.0,226.958
2013-12-04,195.696,3.391,95.0,79.833,60.0,21.609,25.913,32.478,6.565,,,21.25,134.0,95.167,57.0,217.304
2013-12-05,197.75,3.958,99.0,75.958,42.0,23.417,28.125,37.083,8.958,17.692,,18.625,149.0,91.583,42.0,221.167
2013-12-06,196.25,3.958,98.0,68.833,38.0,23.75,30.958,41.208,10.25,17.125,,17.833,165.0,99.125,44.0,220.0
2013-12-07,196.417,3.125,98.0,62.958,45.0,18.667,19.25,25.292,6.042,9.292,,9.333,132.0,87.583,39.0,215.083
2013-12-08,194.708,1.958,79.0,56.167,43.0,13.667,8.958,9.292,0.333,2.792,,3.333,109.0,81.167,54.0,208.375
2013-12-09,200.708,4.458,94.0,70.167,49.0,27.0,30.667,51.292,20.625,15.917,,16.0,102.0,61.875,23.0,227.708
2013-12-10,204.286,4.0,99.0,75.542,42.0,38.571,24.955,43.955,19.0,17.913,,19.522,133.0,77.542,42.0,242.857
2013-12-11,,4.375,99.0,74.083,44.0,,25.042,42.417,17.375,9.458,,7.708,122.0,67.125,17.0,
2013-12-12,204.6,3.25,75.0,51.708,35.0,36.2,19.583,27.375,7.792,8.75,1.0,7.5,120.0,75.75,32.0,240.8
2013-12-13,196.917,2.958,86.0,58.583,38.0,19.0,17.625,25.375,7.75,6.833,1.292,5.167,138.0,72.75,8.0,215.917
2013-12-14,202.167,3.75,85.0,61.708,41.0,22.333,22.458,31.417,8.958,8.25,1.0,5.583,104.0,53.042,3.0,224.5
2013-12-15,201.125,3.417,84.0,60.0,42.0,21.167,16.583,22.708,6.125,8.083,1.167,6.833,101.0,51.792,-1.0,222.292
2013-12-16,195.261,1.909,52.0,43.417,30.0,13.826,13.091,15.0,1.909,4.217,1.0,2.304,114.0,70.833,29.0,209.087
2013-12-17,197.0,2.75,77.0,52.583,42.0,18.708,21.667,29.917,8.25,5.917,1.042,3.792,117.0,78.917,45.0,215.708
2013-12-18,197.125,2.708,99.0,83.5,66.0,20.083,22.458,30.75,8.292,12.833,1.0,11.042,77.0,51.5,26.0,217.208
2013-12-19,191.958,1.833,99.0,99.0,99.0,13.625,14.625,16.083,1.458,2.375,0.125,2.875,73.0,60.417,33.0,205.583
2013-12-20,192.75,3.0,99.0,94.458,80.0,17.292,21.542,28.292,6.75,3.875,0.667,3.75,81.0,51.875,11.0,210.042
2013-12-21,197.292,3.958,97.0,76.042,48.0,22.208,24.5,37.417,12.917,8.0,0.875,6.083,101.0,46.0,3.0,219.5
2013-12-22,195.174,1.652,85.0,52.167,28.0,14.913,9.391,9.826,0.435,3.25,1.0,2.333,107.0,61.375,32.0,210.087
2013-12-23,199.042,3.375,87.0,64.5,50.0,23.042,23.875,32.208,8.333,11.0,1.042,8.75,79.0,44.958,-1.0,222.083
2013-12-24,195.875,2.348,88.0,55.5,30.0,17.375,16.783,19.652,2.87,6.917,1.045,5.739,125.0,61.708,12.0,213.25
2013-12-25,201.667,3.25,91.0,62.042,41.0,22.0,24.667,32.083,7.417,10.583,1.125,8.458,97.0,45.458,8.0,223.667
2013-12-26,203.75,4.958,99.0,78.25,62.0,34.917,39.125,70.083,30.958,31.917,1.647,31.083,85.0,45.75,13.0,238.667
2013-12-27,196.75,4.0,99.0,75.917,50.0,23.667,23.0,30.708,7.708,16.833,1.875,16.458,90.0,57.667,15.0,220.417
2013-12-28,198.043,3.261,92.0,46.375,27.0,18.304,16.435,19.913,3.478,6.917,1.042,4.5,84.0,35.917,-9.0,216.348
2013-12-29,198.458,3.042,80.0,56.917,31.0,19.25,16.875,19.625,2.75,5.792,1.0,3.375,88.0,26.042,-24.0,217.708
2013-12-30,198.292,3.125,83.0,62.167,37.0,21.0,18.167,21.167,3.0,7.0,0.652,5.875,102.0,35.542,-17.0,219.292
2013-12-31,203.917,4.167,85.0,63.875,37.0,23.958,24.292,27.75,3.458,15.652,1.625,14.875,122.0,54.917,-4.0,227.875
2014-01-01,192.042,2.0,,,,4.667,5.5,5.958,0.458,3.583,1.0,3.5,63.0,32.542,-9.0,196.708
2014-01-02,194.5,2.458,,,,7.792,13.375,14.958,1.583,5.792,0.792,4.833,74.0,12.875,-40.0,202.292
2014-01-03,193.708,2.5,,,,9.125,14.292,16.375,2.083,4.417,1.0,3.875,92.0,26.583,-22.0,202.833
2014-01-04,196.125,3.208,,,,12.917,19.917,25.167,5.25,8.167,0.792,7.875,102.0,31.708,-13.0,209.042
2014-01-05,198.0,3.261,,,,17.364,24.304,31.739,7.435,14.75,1.958,14.958,127.0,62.083,-4.0,215.364
2014-01-06,194.75,2.625,,,,14.417,17.75,22.625,4.875,11.833,1.083,12.875,150.0,88.042,42.0,209.167
2014-01-07,192.783,1.826,,,,9.217,12.227,13.818,1.591,3.522,1.0,2.478,96.0,50.667,20.0,202.0
2014-01-08,193.333,2.5,,,,9.75,12.875,14.625,1.75,7.5,1.042,4.542,111.0,52.958,16.0,203.083
2014-01-09,194.083,3.0,,,,12.792,18.958,24.25,5.292,7.625,1.0,5.875,115.0,45.917,-1.0,206.875
2014-01-10,196.458,3.417,,,,18.917,23.417,33.042,9.625,7.333,1.0,6.25,110.0,41.917,-15.0,215.375
2014-01-11,194.913,2.391,,,,13.87,15.652,19.391,3.739,8.792,1.083,6.625,118.0,49.125,-12.0,208.783
2014-01-12,192.167,1.5,,,,8.208,7.833,8.667,0.833,2.375,1.0,1.583,87.0,48.875,21.0,200.375
2014-01-13,194.042,2.542,,,,14.875,21.667,29.833,8.167,5.625,0.958,4.0,130.0,50.333,-7.0,208.917
2014-01-14,201.792,4.833,,,,30.208,41.042,73.0,31.958,24.375,2.125,21.542,103.0,51.958,-11.0,232.0
2014-01-15,196.625,3.417,,,,23.292,29.833,46.167,16.333,21.542,1.391,20.167,66.0,52.458,37.0,219.917
2014-01-16,196.783,3.087,,,,16.087,28.696,36.217,7.522,12.083,2.391,10.783,128.0,81.333,40.0,212.87
2014-01-17,193.957,2.739,,,,12.217,12.304,16.304,4.0,8.333,1.25,7.667,95.0,55.708,23.0,206.174
2014-01-18,191.208,1.958,,,,9.542,11.167,12.625,1.458,4.458,1.0,3.208,104.0,37.5,-15.0,200.75
2014-01-19,196.5,3.542,,,,17.208,27.25,37.708,10.458,11.375,1.208,8.792,113.0,46.208,-12.0,213.708
2014-01-20,193.0,3.25,,,,11.333,17.958,20.0,2.042,13.333,1.792,9.708,103.0,52.292,12.0,204.333
2014-01-21,192.167,2.875,,,,13.083,26.292,30.375,4.083,22.125,1.261,19.125,34.0,24.125,14.0,205.25
2014-01-22,194.348,3.043,,,,14.696,26.429,32.048,5.619,16.913,0.957,14.174,55.0,46.958,35.0,209.043
2014-01-23,193.0,2.304,,,,13.217,14.087,18.696,4.609,5.458,1.0,4.708,119.0,68.042,35.0,206.217
2014-01-24,196.375,3.333,,,,18.042,24.5,35.792,11.292,10.25,1.0,8.5,78.0,40.125,2.0,214.417
2014-01-25,195.75,3.875,,,,20.208,24.375,29.583,5.208,17.583,1.5,17.167,110.0,56.0,-1.0,215.958
2014-01-26,194.917,3.792,,,,19.25,29.083,35.208,6.125,26.75,1.917,24.792,135.0,92.958,62.0,214.167
2014-01-27,194.042,3.25,,,,16.333,20.292,25.042,4.75,19.208,1.043,21.292,158.0,95.667,56.0,210.375
2014-01-28,191.083,1.958,,,,8.833,8.458,9.375,0.917,2.708,1.0,1.708,82.0,44.792,10.0,199.917
2014-01-29,196.818,2.409,,,,14.045,23.182,32.5,9.318,8.043,1.174,5.522,66.0,33.167,-6.0,210.864
2014-01-30,196.125,2.625,,,,15.333,25.583,31.792,6.208,14.667,1.167,11.542,33.0,19.792,7.0,211.458
2014-01-31,195.75,2.167,,,,12.042,13.458,21.0,7.542,3.208,0.833,2.25,89.0,40.625,-1.0,207.792
2014-02-01,192.0,1.0,,,,6.167,3.75,4.208,0.458,3.917,1.0,1.125,80.0,42.917,22.0,198.167
2014-02-02,191.792,1.458,,,,7.333,9.125,10.5,1.375,4.5,1.0,2.25,86.0,40.292,3.0,199.125
2014-02-03,192.458,1.833,,,,8.792,12.917,15.875,2.958,6.333,1.0,3.5,92.0,45.667,5.0,201.25
2014-02-04,195.714,2.636,,,,13.381,25.545,33.409,7.864,12.522,2.0,9.522,90.0,46.958,-4.0,209.095
2014-02-05,193.417,2.167,,,,12.75,21.833,24.458,2.625,15.917,1.083,11.292,51.0,24.917,12.0,206.167
2014-02-06,192.5,2.083,,,,10.167,16.625,21.917,5.292,8.0,1.0,6.583,110.0,45.417,-6.0,202.667
2014-02-07,196.458,3.375,,,,15.0,24.458,37.542,13.083,11.583,1.875,8.875,96.0,46.583,-10.0,211.458
2014-02-08,195.708,3.5,,,,15.042,19.792,23.292,3.5,25.333,1.174,22.583,50.0,38.7,29.0,210.75
2014-02-09,197.167,3.042,74.0,59.889,47.0,11.917,20.0,28.375,8.375,8.652,1.417,6.083,38.0,8.889,-21.0,209.083
2014-02-10,198.043,2.913,61.0,45.833,25.0,15.435,25.739,36.957,11.217,7.833,1.125,4.0,68.0,18.75,-29.0,213.478
2014-02-11,195.375,3.208,71.0,55.875,39.0,15.75,22.458,26.792,4.333,16.042,1.5,14.833,100.0,40.958,-17.0,211.125
2014-02-12,200.333,4.583,79.0,57.167,36.0,22.0,35.833,46.708,10.875,28.375,1.542,26.458,114.0,54.583,-3.0,222.333
2014-02-13,194.409,2.783,86.0,46.333,15.0,13.045,16.739,19.739,3.0,14.25,1.087,12.478,95.0,35.125,-15.0,207.455
2014-02-14,193.375,2.667,58.0,32.583,16.0,12.917,17.792,21.5,3.708,8.292,1.13,3.875,90.0,30.625,-30.0,206.292
2014-02-15,191.667,2.458,65.0,41.75,23.0,12.25,12.417,14.25,1.833,9.792,1.375,7.375,101.0,40.875,-16.0,203.917
2014-02-16,195.174,2.609,45.0,32.083,16.0,11.261,27.174,35.043,7.87,10.542,1.5,6.75,117.0,53.625,-16.0,206.435
2014-02-17,193.333,2.292,90.0,72.333,41.0,11.417,24.5,26.417,1.917,19.083,1.0,15.042,44.0,29.333,12.0,204.75
2014-02-18,191.75,1.875,90.0,87.167,83.0,8.417,16.75,17.958,1.208,13.25,1.0,10.625,36.0,26.333,15.0,200.167
2014-02-19,192.087,1.957,87.0,65.583,31.0,9.348,18.087,22.217,4.13,6.913,1.043,4.565,118.0,54.0,2.0,201.435
2014-02-20,192.667,2.042,86.0,60.042,31.0,10.583,17.5,25.958,8.458,7.125,1.0,5.417,98.0,50.708,5.0,203.25
2014-02-21,192.75,2.75,80.0,60.625,43.0,10.958,21.667,26.292,4.625,13.292,1.667,9.792,92.0,45.417,-10.0,203.708
2014-02-22,196.957,2.957,92.0,72.5,62.0,15.348,21.522,23.87,2.348,38.208,1.625,31.833,59.0,49.75,36.0,212.304
2014-02-23,199.5,3.542,92.0,81.208,59.0,17.042,24.458,30.292,5.833,37.083,1.0,41.0,170.0,101.125,50.0,216.542
2014-02-24,199.833,3.75,84.0,71.458,59.0,15.75,26.25,28.958,2.708,30.458,1.75,30.958,120.0,94.833,78.0,215.583
2014-02-25,197.25,2.5,69.0,55.792,47.0,11.708,19.333,21.375,2.042,29.167,2.042,30.625,117.0,88.583,71.0,208.958
2014-02-26,195.583,2.583,91.0,80.625,62.0,11.25,18.667,20.0,1.333,22.792,1.13,24.542,74.0,57.458,51.0,206.833
2014-02-27,197.913,2.478,92.0,55.375,22.0,10.652,12.957,16.261,3.304,6.833,0.826,5.261,125.0,69.75,36.0,208.565
2014-02-28,191.913,1.826,56.0,35.042,21.0,6.739,11.435,12.435,1.0,11.583,1.167,8.458,104.0,65.667,24.0,198.652
2014-03-01,195.042,2.208,93.0,79.083,59.0,10.792,15.333,16.5,1.167,14.083,1.083,11.583,75.0,51.583,39.0,205.833
2014-03-02,192.5,1.625,71.0,39.208,18.0,5.917,8.5,9.417,0.917,7.083,1.0,4.542,119.0,80.167,42.0,198.417
2014-03-03,193.833,2.458,88.0,60.375,49.0,11.042,21.625,23.875,2.25,19.167,1.0,14.333,62.0,43.75,26.0,204.875
2014-03-04,196.636,3.13,91.0,73.5,40.0,15.091,26.391,30.957,4.565,12.304,1.5,12.565,156.0,87.75,23.0,211.727
2014-03-05,190.708,1.75,44.0,34.708,25.0,6.375,8.167,8.917,0.75,8.75,1.0,5.375,116.0,78.708,48.0,197.083
2014-03-06,194.043,2.13,80.0,47.208,33.0,5.913,12.391,13.609,1.217,7.542,1.042,4.25,92.0,64.958,46.0,199.957
2014-03-07,192.875,1.958,89.0,79.958,69.0,6.0,11.542,12.458,0.917,15.833,1.0,12.333,65.0,48.792,32.0,198.875
2014-03-08,191.458,1.417,91.0,77.625,65.0,4.333,6.958,7.333,0.375,8.208,1.0,5.708,106.0,78.458,51.0,195.792
2014-03-09,191.667,1.625,92.0,83.417,70.0,5.167,11.25,12.167,0.917,3.708,1.0,2.958,101.0,84.917,77.0,196.833
2014-03-10,194.958,1.875,93.0,53.167,28.0,4.125,8.542,9.417,0.875,1.042,1.0,0.833,115.0,71.792,3.0,199.083
2014-03-11,194.75,1.75,52.0,32.958,14.0,3.375,9.833,12.0,2.167,5.25,1.042,2.167,107.0,51.708,-4.0,198.125
2014-03-12,191.739,1.783,46.0,33.25,15.0,7.217,10.652,12.217,1.565,10.667,1.042,7.375,121.0,73.042,23.0,198.957
2014-03-13,193.304,2.348,54.0,34.542,22.0,11.217,17.652,20.957,3.304,17.042,1.565,13.87,129.0,75.958,0.0,204.522
2014-03-14,193.25,2.417,69.0,45.958,26.0,10.5,16.333,17.5,1.167,18.792,1.583,16.042,111.0,75.5,46.0,203.75
2014-03-15,194.875,3.25,74.0,62.292,50.0,13.833,19.125,20.542,1.417,27.958,1.583,24.667,128.0,74.708,32.0,208.708
2014-03-16,197.083,3.875,93.0,73.25,49.0,17.75,29.292,33.042,3.75,40.667,1.304,42.375,142.0,93.083,51.0,214.833
2014-03-17,191.833,2.792,90.0,74.542,48.0,13.792,19.167,22.25,3.083,23.25,1.167,27.833,198.0,132.917,84.0,205.625
2014-03-18,191.304,3.087,90.0,69.625,39.0,14.609,21.435,25.609,4.174,24.708,2.375,28.542,191.0,139.958,93.0,205.913
2014-03-19,193.522,3.217,94.0,85.875,74.0,14.304,20.522,21.739,1.217,39.0,1.261,43.913,136.0,112.042,90.0,207.826
2014-03-20,194.0,3.125,93.0,76.875,67.0,12.542,23.25,25.208,1.958,19.958,1.458,21.542,135.0,115.625,100.0,206.542
2014-03-21,193.167,3.542,82.0,58.833,36.0,11.917,19.542,20.625,1.083,21.583,2.667,21.75,134.0,102.875,80.0,205.083
2014-03-22,191.833,3.0,79.0,60.708,49.0,11.083,13.458,14.792,1.333,21.167,1.565,22.5,178.0,114.083,51.0,202.917
2014-03-23,190.417,2.083,56.0,36.042,23.0,7.708,12.042,13.042,1.0,18.333,1.375,16.542,149.0,95.292,38.0,198.125
2014-03-24,191.783,1.478,54.0,35.292,18.0,8.304,11.87,13.565,1.696,5.583,1.0,2.833,111.0,61.917,8.0,200.087
2014-03-25,191.0,1.375,52.0,34.0,22.0,7.833,11.083,12.417,1.333,5.083,1.0,2.292,119.0,67.625,21.0,198.833
2014-03-26,190.458,1.792,64.0,39.417,14.0,9.0,15.167,16.5,1.333,10.875,1.25,8.292,140.0,78.958,21.0,199.458
2014-03-27,191.435,2.174,74.0,48.375,24.0,13.957,21.391,23.957,2.565,12.208,1.087,10.0,177.0,108.417,27.0,205.391
2014-03-28,191.75,2.583,68.0,45.875,21.0,15.958,22.208,25.583,3.375,18.917,1.87,17.375,197.0,131.458,63.0,207.708
2014-03-29,190.125,1.875,85.0,61.208,42.0,12.833,14.125,15.167,1.042,15.583,1.5,16.583,187.0,132.042,72.0,202.958
2014-03-30,189.087,2.13,77.0,56.417,32.0,8.304,13.913,15.478,1.565,19.0,1.333,17.958,210.0,144.583,77.0,197.391
2014-03-31,190.0,2.25,83.0,61.042,31.0,9.583,15.875,17.625,1.75,30.792,1.333,31.667,213.0,151.25,85.0,199.583
2014-04-01,192.957,2.0,61.0,40.375,27.0,11.783,11.087,11.609,0.522,12.957,1.0,12.826,181.0,127.375,95.0,204.739
2014-04-02,194.958,2.375,98.0,65.792,42.0,16.208,18.042,19.625,1.583,12.667,1.375,12.917,186.0,132.375,80.0,211.167
2014-04-03,191.391,2.304,98.0,97.792,95.0,15.565,19.522,21.783,2.261,10.5,0.5,15.292,127.0,122.667,114.0,206.957
2014-04-04,187.667,2.083,98.0,71.708,42.0,12.167,12.042,13.5,1.458,4.792,0.708,9.125,203.0,146.083,106.0,199.833
2014-04-05,192.083,1.875,60.0,46.875,39.0,11.417,10.042,10.542,0.5,4.75,1.174,4.167,135.0,104.25,79.0,203.5
2014-04-06,192.333,1.958,98.0,68.375,38.0,10.375,6.542,6.875,0.333,7.792,0.792,6.958,105.0,73.958,42.0,202.708
2014-04-07,194.833,2.542,89.0,60.833,41.0,14.0,15.5,17.167,1.667,8.083,1.0,8.292,150.0,90.083,10.0,208.833
2014-04-08,194.957,3.05,97.0,51.667,26.0,17.435,21.696,26.522,4.826,18.125,1.739,19.435,222.0,140.042,54.0,212.391
2014-04-09,196.304,2.87,91.0,61.333,41.0,14.739,22.261,24.913,2.652,24.75,2.208,27.708,192.0,143.125,86.0,211.043
2014-04-10,194.458,2.708,98.0,58.583,30.0,12.583,16.625,18.083,1.458,23.5,1.5,27.875,231.0,149.708,92.0,207.042
2014-04-11,193.583,1.667,54.0,37.292,23.0,8.5,9.833,10.417,0.583,14.583,1.043,13.75,177.0,116.5,68.0,202.083
2014-04-12,194.958,2.0,71.0,41.25,24.0,10.042,12.875,13.417,0.542,16.042,1.125,16.125,189.0,125.375,55.0,205.0
2014-04-13,195.792,2.208,69.0,49.75,29.0,9.708,12.167,12.708,0.542,17.5,1.167,19.5,183.0,129.417,74.0,205.5
2014-04-14,193.091,2.13,75.0,64.783,43.0,10.455,13.783,14.783,1.0,13.304,1.261,16.087,170.0,126.0,89.0,203.545
2014-04-15,192.783,2.174,93.0,60.0,36.0,14.087,15.435,17.0,1.565,16.167,0.875,18.25,209.0,150.083,76.0,206.87
2014-04-16,194.375,3.0,88.0,61.667,31.0,17.5,22.292,23.833,1.542,28.0,1.917,34.083,234.0,169.375,107.0,211.875
2014-04-17,195.042,3.167,95.0,69.75,44.0,17.25,20.125,21.167,1.042,33.792,1.826,41.958,218.0,166.208,122.0,212.292
2014-04-18,194.625,2.417,99.0,96.167,89.0,17.917,19.083,20.083,1.0,23.875,0.542,31.375,157.0,106.875,77.0,212.542
2014-04-19,195.208,1.833,98.0,71.458,39.0,12.083,10.167,10.542,0.375,19.75,0.958,23.333,151.0,106.208,73.0,207.292
2014-04-20,196.417,1.667,98.0,78.792,57.0,11.667,8.667,8.917,0.25,12.583,1.0,13.708,128.0,95.542,59.0,208.083
2014-04-21,193.261,2.174,98.0,93.333,73.0,14.043,13.565,14.739,1.174,16.292,0.625,25.417,160.0,121.458,83.0,207.304
2014-04-22,193.0,3.0,98.0,87.375,52.0,16.455,19.0,20.696,1.696,20.375,1.087,32.864,191.0,143.0,111.0,209.455
2014-04-23,192.375,2.292,98.0,65.458,26.0,13.583,13.083,13.875,0.792,14.833,0.87,18.208,203.0,146.417,104.0,205.958
2014-04-24,193.917,2.25,94.0,62.333,35.0,13.917,13.833,14.583,0.75,16.875,1.25,18.25,201.0,151.333,100.0,207.833
2014-04-25,193.417,2.292,94.0,71.583,41.0,14.542,15.125,15.75,0.625,20.042,1.0,25.125,215.0,160.0,106.0,207.958
2014-04-26,192.333,2.125,96.0,72.208,39.0,14.292,13.833,14.458,0.625,17.25,1.25,21.833,221.0,166.583,115.0,206.625
2014-04-27,191.652,1.609,90.0,62.208,36.0,14.652,7.783,7.957,0.174,16.458,1.375,18.208,215.0,164.458,108.0,206.304
2014-04-28,190.571,1.913,81.0,61.042,37.0,16.048,12.957,13.783,0.826,14.0,0.913,14.522,228.0,165.958,99.0,206.619
2014-04-29,190.958,1.75,98.0,81.667,64.0,16.625,11.875,12.292,0.417,19.0,0.913,22.042,197.0,168.042,150.0,207.583
2014-04-30,188.5,1.542,98.0,98.0,98.0,13.708,9.75,10.125,0.375,11.167,0.167,20.583,170.0,155.667,134.0,202.208
2014-05-01,185.958,1.333,98.0,76.417,48.0,12.667,8.417,8.958,0.542,12.458,0.292,15.875,242.0,196.583,167.0,198.625
2014-05-02,188.042,2.042,92.0,70.167,45.0,16.0,12.167,13.125,0.958,14.25,0.833,14.875,245.0,194.125,152.0,204.042
2014-05-03,191.522,2.348,98.0,63.25,39.0,15.391,9.174,9.783,0.609,21.792,0.625,23.125,267.0,203.75,142.0,206.913
2014-05-04,193.625,1.667,78.0,42.375,18.0,11.75,5.333,5.375,0.042,15.042,0.875,14.167,221.0,175.083,129.0,205.375
2014-05-05,193.375,1.792,92.0,80.542,73.0,13.0,6.875,7.042,0.167,18.375,0.696,21.0,193.0,165.833,140.0,206.375
2014-05-06,195.375,2.167,98.0,80.583,63.0,13.583,8.417,8.792,0.375,10.583,0.042,11.708,167.0,140.0,119.0,208.958
2014-05-07,196.0,2.261,98.0,72.167,46.0,16.261,11.826,13.478,1.652,13.087,1.0,15.087,204.0,152.042,96.0,212.261
2014-05-08,192.792,1.583,98.0,72.292,44.0,13.75,9.583,10.833,1.25,13.75,0.708,14.75,211.0,169.542,112.0,206.542
2014-05-09,191.348,1.957,93.0,65.167,39.0,13.261,12.304,13.217,0.913,10.542,0.833,11.208,249.0,178.375,136.0,204.609
2014-05-10,194.583,2.167,89.0,49.583,26.0,14.917,13.167,14.375,1.208,12.958,1.042,11.292,239.0,178.917,110.0,209.5
2014-05-11,193.5,1.833,80.0,53.417,28.0,14.792,9.417,9.625,0.208,12.083,0.696,10.917,250.0,183.5,111.0,208.292
2014-05-12,191.458,1.375,98.0,69.875,51.0,12.333,9.208,9.708,0.5,12.375,0.625,12.417,217.0,174.917,119.0,203.792
2014-05-13,190.458,2.042,98.0,86.375,64.0,15.667,14.458,15.167,0.708,12.75,0.375,18.75,236.0,191.167,158.0,206.125
2014-05-14,190.375,2.458,98.0,76.042,51.0,16.542,16.917,18.333,1.417,19.583,1.125,26.292,261.0,202.292,153.0,206.917
2014-05-15,190.682,2.091,98.0,76.75,62.0,15.682,11.591,12.045,0.455,14.875,0.652,19.818,210.0,186.583,162.0,206.364
2014-05-16,190.667,2.042,97.0,56.375,27.0,14.292,10.958,11.583,0.625,11.625,0.625,11.0,254.0,203.208,155.0,204.958
2014-05-17,193.625,2.0,63.0,47.417,37.0,13.792,9.292,9.458,0.167,5.583,0.913,6.417,240.0,191.083,132.0,207.417
2014-05-18,195.458,2.042,87.0,58.417,39.0,14.042,7.792,8.083,0.292,6.958,0.792,7.167,247.0,188.75,128.0,209.5
2014-05-19,196.417,2.583,86.0,67.792,50.0,15.792,13.25,13.875,0.625,13.417,1.292,16.0,246.0,197.583,155.0,212.208
2014-05-20,194.625,2.583,98.0,74.167,52.0,16.708,14.083,14.625,0.542,23.217,1.292,30.208,248.0,202.042,162.0,211.333
2014-05-21,190.478,1.913,98.0,90.042,70.0,10.957,8.261,8.565,0.304,6.917,0.208,12.833,186.0,166.0,146.0,201.435
2014-05-22,193.273,2.087,98.0,83.609,55.0,13.682,12.783,14.0,1.217,4.955,0.435,7.522,225.0,173.417,133.0,206.955
2014-05-23,195.292,2.208,95.0,75.583,53.0,11.542,11.5,11.958,0.458,9.125,0.957,12.875,210.0,170.542,137.0,206.833
2014-05-24,195.125,2.083,95.0,71.833,47.0,12.458,11.833,12.583,0.75,13.292,0.75,18.417,252.0,195.375,137.0,207.583
2014-05-25,194.083,2.25,97.0,74.5,56.0,14.5,10.5,10.792,0.292,19.0,0.833,24.125,260.0,217.208,183.0,208.583
2014-05-26,192.5,2.083,98.0,80.708,52.0,12.792,10.792,12.083,1.292,17.167,0.417,23.542,235.0,201.125,175.0,205.292
2014-05-27,188.217,1.565,98.0,83.208,59.0,10.957,9.261,9.87,0.609,4.667,0.375,8.958,254.0,206.792,171.0,199.174
2014-05-28,193.958,2.917,97.0,80.333,54.0,16.875,16.583,17.917,1.333,20.25,2.0,31.292,258.0,216.375,189.0,210.833
2014-05-29,191.75,2.583,98.0,78.792,57.0,16.125,16.875,18.083,1.208,21.444,0.913,33.778,264.0,212.5,174.0,207.875
2014-05-30,191.273,2.087,95.0,72.792,45.0,16.0,14.87,16.391,1.522,36.083,0.739,42.583,284.0,222.458,167.0,207.273
2014-05-31,191.375,2.125,97.0,68.542,25.0,18.083,13.333,14.125,0.792,35.792,1.0,42.458,310.0,240.417,186.0,209.458
2014-06-01,192.167,2.25,97.0,65.958,31.0,16.25,9.542,9.875,0.333,38.833,1.083,44.208,318.0,248.083,190.0,208.417
2014-06-02,197.522,3.739,96.0,66.5,42.0,21.652,17.217,18.13,0.913,45.583,2.375,55.667,312.0,249.75,197.0,219.174
2014-06-03,197.792,2.833,96.0,78.542,55.0,18.417,14.375,15.167,0.792,44.375,1.5,54.5,279.0,230.417,195.0,216.208
2014-06-04,192.417,2.583,97.0,77.667,51.0,15.458,10.417,10.917,0.5,40.583,2.043,50.792,273.0,230.208,203.0,207.875
2014-06-05,191.917,1.375,97.0,88.417,77.0,13.25,12.0,12.583,0.583,8.958,1.0,14.125,212.0,200.708,180.0,205.167
2014-06-06,188.318,1.174,97.0,97.0,97.0,15.182,11.455,11.864,0.409,1.565,0.273,7.652,189.0,185.917,180.0,203.5
2014-06-07,187.348,1.13,97.0,97.0,97.0,11.783,6.913,7.13,0.217,2.458,0.0,5.708,182.0,174.375,170.0,199.13
2014-06-08,185.583,1.292,97.0,96.458,89.0,11.5,6.25,6.542,0.292,2.167,0.208,7.833,212.0,193.375,175.0,197.083
2014-06-09,188.458,2.292,97.0,88.125,68.0,13.917,12.542,13.5,0.958,14.833,1.25,21.917,253.0,220.333,189.0,202.375
2014-06-10,188.542,1.917,97.0,85.917,63.0,13.125,12.917,14.667,1.75,16.75,1.0,23.208,260.0,226.75,203.0,201.667
2014-06-11,190.042,1.958,97.0,96.792,94.0,14.458,16.667,20.958,4.292,13.167,0.833,20.417,219.0,208.958,196.0,204.5
2014-06-12,183.609,1.261,97.0,94.25,79.0,13.0,9.818,10.455,0.636,2.625,0.364,5.696,236.0,209.833,200.0,196.609
2014-06-13,187.217,1.609,97.0,74.333,49.0,15.304,10.696,11.87,1.174,9.125,0.783,11.667,270.0,228.792,190.0,202.522
2014-06-14,189.375,1.583,97.0,68.292,38.0,15.167,10.042,10.833,0.792,10.333,0.708,10.875,278.0,228.208,174.0,204.542
2014-06-15,190.625,1.292,92.0,66.667,37.0,13.625,6.542,6.625,0.083,12.375,1.042,14.583,287.0,232.375,190.0,204.25
2014-06-16,192.542,2.292,96.0,72.5,50.0,16.125,11.708,12.208,0.5,26.333,1.25,30.042,282.0,234.333,189.0,208.667
2014-06-17,196.208,2.625,97.0,81.083,60.0,15.75,11.375,11.708,0.333,36.87,1.75,47.5,267.0,233.292,205.0,211.958
2014-06-18,191.364,2.13,97.0,81.875,57.0,16.409,13.435,14.0,0.565,25.391,1.348,33.957,233.0,219.0,208.0,207.773
2014-06-19,190.478,2.478,89.0,69.333,46.0,14.696,11.391,12.0,0.609,22.708,1.261,28.125,272.0,232.5,197.0,205.174
2014-06-20,187.5,2.292,93.0,75.583,55.0,13.708,10.083,10.375,0.292,17.667,1.042,23.375,275.0,236.333,203.0,201.208
2014-06-21,186.292,2.042,96.0,80.292,64.0,12.25,8.417,8.958,0.542,16.375,1.083,21.792,266.0,238.583,213.0,198.542
2014-06-22,186.583,1.833,97.0,95.75,91.0,12.083,7.458,7.708,0.25,7.0,0.625,11.083,222.0,208.542,194.0,198.667
2014-06-23,190.25,2.083,97.0,80.458,54.0,13.292,9.333,10.333,1.0,11.583,0.917,15.417,259.0,224.75,189.0,203.542
2014-06-24,194.0,2.75,97.0,91.565,73.0,15.083,16.708,17.708,1.0,14.875,0.958,23.167,245.0,209.261,187.0,209.083
2014-06-25,190.591,2.091,97.0,90.13,67.0,18.5,12.762,13.714,0.952,11.958,0.905,19.391,248.0,209.375,179.0,209.091
2014-06-26,191.042,2.0,97.0,81.667,61.0,18.0,11.792,12.083,0.292,12.333,1.125,20.125,265.0,224.167,191.0,209.042
2014-06-27,188.0,1.583,97.0,85.958,65.0,17.417,15.5,17.208,1.708,7.75,1.333,12.75,257.0,227.667,204.0,205.417
2014-06-28,186.083,1.375,97.0,97.0,97.0,14.875,12.833,13.333,0.5,2.625,1.042,9.458,218.0,213.583,209.0,200.958
2014-06-29,183.292,1.167,97.0,90.75,67.0,12.625,5.625,5.792,0.167,2.083,0.875,7.042,276.0,222.667,204.0,195.917
2014-06-30,186.458,1.208,97.0,85.625,65.0,13.417,10.083,10.917,0.833,6.167,1.5,10.458,254.0,221.167,197.0,199.875
2014-07-01,189.435,1.783,97.0,78.75,54.0,8.478,10.087,10.391,0.304,12.0,1.435,17.792,268.0,236.792,204.0,197.913
2014-07-02,192.048,1.913,97.0,79.174,54.0,11.619,11.522,12.435,0.913,19.957,1.522,26.739,284.0,243.125,215.0,203.667
2014-07-03,188.625,1.833,97.0,86.083,68.0,11.917,9.917,10.625,0.708,27.167,1.125,33.792,256.0,232.542,209.0,200.542
2014-07-04,189.375,1.0,97.0,96.833,94.0,8.792,9.0,9.292,0.292,4.417,0.875,7.625,210.0,203.083,198.0,198.167
2014-07-05,193.292,1.458,97.0,96.958,96.0,11.083,11.875,12.417,0.542,4.625,0.875,8.875,210.0,198.833,192.0,204.375
2014-07-06,191.667,1.583,97.0,83.75,64.0,12.458,8.167,8.75,0.583,10.583,0.958,14.417,262.0,223.875,186.0,204.125
2014-07-07,187.391,1.783,97.0,95.458,89.0,14.435,13.217,14.043,0.826,8.792,1.0,13.792,234.0,222.75,209.0,201.826
2014-07-08,192.591,2.565,97.0,77.042,56.0,19.591,13.304,17.261,3.957,14.5,1.217,20.348,294.0,246.833,204.0,212.182
2014-07-09,197.5,2.833,97.0,96.292,86.0,21.417,18.5,20.125,1.625,12.292,1.083,24.167,239.0,230.417,222.0,218.917
2014-07-10,180.292,0.75,97.0,92.708,75.0,12.042,7.75,11.125,3.375,7.458,0.833,15.417,275.0,248.792,221.0,192.333
2014-07-11,178.792,0.917,97.0,79.917,53.0,13.792,8.75,10.083,1.333,9.125,0.875,14.958,323.0,273.958,237.0,192.583
2014-07-12,184.708,1.5,96.0,68.583,53.0,16.792,10.417,11.125,0.708,16.75,1.125,18.875,313.0,275.042,240.0,201.5
2014-07-13,190.217,2.13,94.0,83.708,67.0,16.478,11.565,12.304,0.739,20.708,1.435,25.708,265.0,253.458,244.0,206.696
2014-07-14,192.25,2.875,97.0,79.75,63.0,17.333,14.667,15.708,1.042,25.833,2.125,33.875,318.0,272.333,235.0,209.583
2014-07-15,194.182,2.435,92.0,75.625,56.0,16.909,10.522,11.0,0.478,22.826,1.609,27.522,312.0,266.875,240.0,211.091
2014-07-16,193.125,2.333,97.0,78.25,60.0,16.875,12.292,13.417,1.125,34.208,1.583,45.708,321.0,280.292,240.0,210.0
2014-07-17,190.625,1.958,94.0,83.75,67.0,14.083,15.25,16.583,1.333,24.875,2.292,31.958,297.0,267.542,248.0,204.708
2014-07-18,192.958,1.958,97.0,91.583,72.0,15.583,16.75,17.917,1.167,14.25,1.25,23.0,255.0,239.5,222.0,208.542
2014-07-19,191.261,2.652,97.0,94.292,90.0,15.913,14.522,15.261,0.739,13.458,1.174,23.792,241.0,226.917,212.0,207.174
2014-07-20,188.708,1.417,97.0,84.625,61.0,14.583,7.5,7.625,0.125,8.292,0.833,13.417,269.0,231.75,207.0,203.292
2014-07-21,190.083,1.917,97.0,87.375,70.0,13.833,8.833,9.333,0.5,13.542,0.708,20.958,268.0,236.458,206.0,203.917
2014-07-22,186.833,1.792,97.0,80.208,58.0,15.083,11.833,12.875,1.042,26.292,1.167,35.75,306.0,264.542,228.0,201.917
2014-07-23,190.0,2.542,93.0,76.083,63.0,21.333,17.125,18.042,0.917,35.083,1.292,49.125,316.0,281.542,243.0,211.333
2014-07-24,195.0,3.435,97.0,81.625,59.0,25.087,18.391,18.957,0.565,43.833,1.696,65.87,327.0,284.0,246.0,220.087
2014-07-25,191.043,2.522,97.0,75.125,50.0,17.13,13.435,14.261,0.826,30.792,1.478,42.833,341.0,287.0,244.0,208.174
2014-07-26,185.708,2.167,94.0,75.917,60.0,14.875,10.125,10.75,0.625,35.542,1.625,51.25,330.0,296.917,261.0,200.583
2014-07-27,181.708,1.25,91.0,72.542,54.0,13.083,5.875,6.125,0.25,20.792,0.542,27.625,344.0,289.708,262.0,194.792
2014-07-28,191.833,2.458,85.0,67.875,56.0,14.292,11.458,12.125,0.667,10.75,1.0,12.208,294.0,261.792,238.0,206.125
2014-07-29,192.304,2.087,95.0,72.833,46.0,14.739,9.913,10.652,0.739,19.435,0.783,22.87,301.0,259.208,219.0,207.043
2014-07-30,190.167,1.958,95.0,80.083,60.0,14.625,8.875,9.542,0.667,20.0,1.417,26.292,299.0,262.542,223.0,204.792
2014-07-31,185.565,1.696,97.0,81.0,60.0,18.957,11.913,13.478,1.565,20.042,1.087,28.417,321.0,277.208,241.0,204.522
2014-08-01,182.083,1.292,97.0,80.417,59.0,18.125,10.917,11.875,0.958,17.417,0.792,23.958,327.0,281.917,245.0,200.208
2014-08-02,183.625,1.458,97.0,74.5,50.0,19.083,11.292,11.792,0.5,15.792,0.792,21.583,338.0,286.583,235.0,202.708
2014-08-03,184.167,1.458,88.0,70.083,53.0,18.667,9.208,9.75,0.542,16.125,0.667,22.625,332.0,297.625,265.0,202.833
2014-08-04,177.958,0.708,84.0,70.167,60.0,15.708,8.875,11.5,2.625,8.292,0.667,9.167,329.0,295.042,269.0,193.667
2014-08-05,177.583,0.417,75.0,65.75,52.0,13.667,7.5,9.708,2.208,10.833,0.792,11.542,348.0,305.708,271.0,191.25
2014-08-06,179.652,0.826,84.0,68.292,55.0,11.87,7.348,8.652,1.304,12.917,0.739,15.583,344.0,303.542,272.0,191.522
2014-08-07,181.545,1.0,82.0,70.087,55.0,14.455,8.348,9.609,1.261,13.739,0.826,16.304,326.0,292.292,269.0,196.0
2014-08-08,184.917,1.167,87.0,77.083,68.0,16.583,12.042,12.958,0.917,14.125,0.875,17.5,295.0,275.167,256.0,201.5
2014-08-09,186.375,1.042,97.0,89.375,80.0,13.667,10.458,11.0,0.542,11.167,1.0,17.042,257.0,244.042,224.0,200.042
2014-08-10,180.292,0.458,97.0,95.833,90.0,9.125,4.583,5.125,0.542,6.875,0.583,17.917,273.0,243.25,215.0,189.417
2014-08-11,178.167,0.708,97.0,73.833,59.0,11.25,5.917,6.667,0.75,14.083,1.0,19.5,311.0,280.292,254.0,189.417
2014-08-12,187.217,1.217,97.0,88.875,72.0,9.565,11.304,12.348,1.043,9.348,0.87,15.167,275.0,243.458,212.0,196.783
2014-08-13,188.909,1.522,97.0,85.958,68.0,11.909,6.913,7.0,0.087,14.417,0.696,21.565,288.0,248.042,210.0,200.818
2014-08-14,196.125,2.542,97.0,93.208,79.0,14.833,11.125,11.542,0.417,19.958,0.75,35.833,273.0,257.042,248.0,210.958
2014-08-15,183.042,1.083,97.0,79.25,60.0,10.167,6.208,7.375,1.167,11.958,0.208,19.208,323.0,279.958,235.0,193.208
2014-08-16,186.917,1.292,97.0,88.167,75.0,9.75,8.167,8.667,0.5,11.792,0.708,17.958,293.0,266.708,238.0,196.667
2014-08-17,194.5,1.958,97.0,90.083,75.0,12.0,9.208,9.583,0.375,15.125,1.0,25.417,284.0,248.958,225.0,206.5
2014-08-18,187.565,1.87,97.0,79.458,62.0,16.261,10.261,11.304,1.043,14.625,0.87,23.75,316.0,276.792,249.0,203.826
2014-08-19,180.083,1.083,96.0,74.417,58.0,15.25,10.25,13.292,3.042,10.542,0.833,14.958,330.0,288.375,242.0,195.333
2014-08-20,183.864,1.696,93.0,73.333,58.0,18.227,15.696,17.478,1.783,18.087,1.043,23.391,336.0,300.917,268.0,202.091
2014-08-21,183.667,1.25,87.0,74.542,59.0,18.75,12.417,13.042,0.625,18.667,1.0,23.125,330.0,294.458,264.0,202.417
2014-08-22,184.625,1.625,97.0,74.542,54.0,16.833,14.458,15.5,1.042,18.875,1.083,25.5,332.0,293.583,261.0,201.458
2014-08-23,179.25,1.0,97.0,80.833,71.0,14.625,9.875,11.417,1.542,7.375,0.875,9.333,277.0,260.583,248.0,193.875
2014-08-24,181.913,1.304,97.0,77.667,56.0,15.783,8.522,9.174,0.652,10.333,1.0,12.292,305.0,268.375,237.0,197.696
2014-08-25,189.458,1.833,97.0,88.5,73.0,16.708,14.25,14.75,0.5,14.667,1.0,21.0,270.0,253.333,240.0,206.167
2014-08-26,190.583,2.0,97.0,95.958,93.0,17.0,17.25,18.375,1.125,16.042,1.0,26.583,248.0,233.667,212.0,207.583
2014-08-27,190.364,1.087,97.0,96.917,95.0,14.227,10.0,10.682,0.682,3.167,0.5,5.957,210.0,193.833,189.0,204.591
2014-08-28,193.75,1.542,97.0,94.708,85.0,15.75,12.5,13.667,1.167,5.167,0.792,10.292,219.0,203.292,188.0,209.5
2014-08-29,194.333,1.667,97.0,90.875,74.0,15.25,16.0,17.25,1.25,6.833,1.25,11.542,244.0,218.708,203.0,209.583
2014-08-30,188.696,1.13,97.0,82.625,64.0,13.522,7.783,8.0,0.217,5.583,0.87,7.833,252.0,219.958,195.0,202.217
2014-08-31,187.833,1.208,96.0,81.083,68.0,13.958,6.542,6.625,0.083,6.625,1.167,9.292,251.0,227.5,199.0,201.792
2014-09-01,188.208,1.125,97.0,94.917,82.0,13.208,10.708,11.25,0.542,4.833,1.125,8.625,225.0,208.958,194.0,201.417
2014-09-02,189.167,1.833,97.0,77.792,51.0,14.0,12.583,13.583,1.0,7.458,1.917,8.75,281.0,231.917,187.0,203.167
2014-09-03,188.727,1.565,95.0,75.087,61.0,16.864,12.955,13.227,0.273,9.13,1.957,12.609,256.0,231.75,210.0,205.591
2014-09-04,191.75,1.833,93.0,84.292,74.0,19.25,14.458,15.0,0.542,10.208,2.167,14.625,258.0,235.75,216.0,211.0
2014-09-05,186.913,1.739,97.0,83.0,67.0,8.609,12.391,13.826,1.435,11.458,1.0,17.25,299.0,262.042,219.0,195.522
2014-09-06,191.583,2.542,97.0,84.583,65.0,8.292,13.042,13.792,0.75,19.167,1.083,28.25,300.0,263.333,232.0,199.875
2014-09-07,191.042,1.833,97.0,93.625,84.0,6.583,8.292,8.375,0.083,8.583,0.25,16.083,233.0,207.542,182.0,197.625
2014-09-08,195.875,2.792,97.0,92.0,78.0,11.667,19.542,22.583,3.042,13.25,0.583,21.708,221.0,205.083,186.0,207.542
2014-09-09,192.417,1.792,97.0,74.333,47.0,6.458,10.167,10.375,0.208,14.708,0.917,19.75,268.0,225.333,186.0,198.875
2014-09-10,195.045,3.304,97.0,88.292,74.0,11.227,20.087,21.609,1.522,16.652,2.0,24.826,254.0,222.708,203.0,206.273
2014-09-11,193.565,2.565,97.0,92.125,82.0,19.609,18.391,19.739,1.348,13.083,0.87,20.375,225.0,209.167,191.0,213.174
2014-09-12,192.208,2.292,97.0,74.792,48.0,16.792,12.125,13.208,1.083,11.833,1.042,12.708,255.0,216.417,180.0,209.0
2014-09-13,193.292,2.333,97.0,74.833,53.0,17.667,13.0,13.542,0.542,12.125,1.458,14.875,256.0,214.458,185.0,210.958
2014-09-14,193.208,2.292,97.0,73.167,44.0,16.625,9.792,10.0,0.208,11.375,1.083,12.292,264.0,219.042,174.0,209.833
2014-09-15,194.458,2.792,89.0,79.333,64.0,17.167,13.75,14.375,0.625,13.667,1.708,17.333,248.0,218.792,193.0,211.625
2014-09-16,192.917,2.542,95.0,77.292,49.0,17.542,13.583,14.292,0.708,19.583,1.083,24.833,276.0,235.042,202.0,210.458
2014-09-17,192.174,1.826,91.0,71.583,59.0,11.87,12.565,12.957,0.391,13.208,1.304,16.167,246.0,222.458,206.0,204.043
2014-09-18,192.773,1.391,83.0,57.958,41.0,12.227,10.826,11.304,0.478,10.043,0.87,10.435,243.0,209.125,192.0,205.0
2014-09-19,194.917,2.125,84.0,64.583,45.0,16.375,17.333,19.333,2.0,11.917,1.042,12.875,233.0,203.875,171.0,211.292
2014-09-20,195.333,2.083,79.0,70.917,63.0,14.917,16.875,18.333,1.458,11.583,1.083,12.292,201.0,187.375,165.0,210.25
2014-09-21,195.833,2.167,97.0,69.5,46.0,13.375,9.792,10.25,0.458,11.333,1.292,10.792,242.0,193.917,137.0,209.208
2014-09-22,198.667,2.75,97.0,73.75,48.0,15.792,16.917,17.833,0.917,17.917,2.083,20.25,256.0,208.417,173.0,214.458
2014-09-23,191.696,1.957,97.0,71.125,48.0,11.087,12.261,13.0,0.739,14.542,1.478,16.958,243.0,203.75,160.0,202.783
2014-09-24,190.043,1.609,97.0,83.042,70.0,12.174,13.565,14.783,1.217,14.125,1.652,17.739,251.0,209.208,171.0,202.217
2014-09-25,184.667,1.208,97.0,86.042,63.0,9.042,7.917,8.292,0.375,7.125,0.833,11.792,272.0,232.583,204.0,193.708
2014-09-26,188.917,1.042,85.0,64.042,43.0,8.625,8.083,8.333,0.25,6.75,1.0,6.75,262.0,223.375,192.0,197.542
2014-09-27,191.125,1.083,85.0,69.292,58.0,8.375,6.583,6.75,0.167,10.458,1.0,11.625,216.0,192.625,167.0,199.5
2014-09-28,191.125,1.333,95.0,70.208,45.0,10.375,8.083,8.25,0.167,14.708,1.042,16.708,260.0,206.708,158.0,201.5
2014-09-29,191.0,2.391,91.0,66.083,39.0,16.174,13.826,14.609,0.783,18.083,1.696,21.0,265.0,215.958,167.0,207.174
2014-09-30,191.583,2.75,84.0,72.083,47.0,19.583,15.792,16.333,0.542,22.917,1.917,28.875,269.0,229.333,188.0,211.167
2014-10-01,191.833,1.917,97.0,88.667,66.0,19.292,15.75,16.625,0.875,17.167,0.958,24.917,227.0,198.792,180.0,211.125
2014-10-02,191.348,2.739,97.0,86.583,70.0,18.174,17.478,18.739,1.261,17.217,1.609,24.565,230.0,203.917,177.0,209.522
2014-10-03,182.958,1.458,97.0,79.583,56.0,16.083,11.375,13.375,2.0,13.583,0.917,19.208,288.0,238.875,206.0,199.042
2014-10-04,189.167,2.417,79.0,68.333,57.0,17.042,13.625,14.042,0.417,14.583,1.708,18.708,251.0,230.667,217.0,206.208
2014-10-05,192.87,1.13,98.0,93.5,66.0,13.0,7.348,7.435,0.087,5.708,0.217,7.792,216.0,166.833,147.0,205.87
2014-10-06,187.875,1.0,97.0,76.042,43.0,11.167,6.458,6.708,0.25,1.75,0.333,2.375,272.0,204.083,161.0,199.042
2014-10-07,191.208,1.417,89.0,69.708,51.0,10.792,11.042,11.292,0.25,5.542,1.083,5.917,210.0,190.792,170.0,202.0
2014-10-08,196.043,2.13,92.0,73.5,53.0,17.391,19.304,20.522,1.217,8.917,1.652,10.522,216.0,189.375,156.0,213.435
2014-10-09,194.625,2.042,97.0,82.292,67.0,17.542,17.958,19.042,1.083,10.625,1.333,14.458,216.0,193.542,170.0,212.167
2014-10-10,192.375,1.833,97.0,78.125,55.0,17.042,16.125,18.583,2.458,9.458,0.875,11.292,238.0,197.25,153.0,209.417
2014-10-11,192.0,2.304,94.0,72.458,57.0,15.478,14.87,15.435,0.565,17.333,1.652,21.5,221.0,192.667,173.0,207.478
2014-10-12,193.292,2.417,91.0,73.625,59.0,16.333,12.792,13.0,0.208,16.783,1.292,19.917,190.0,172.583,150.0,209.625
2014-10-13,195.458,2.875,98.0,96.042,91.0,18.167,15.083,16.083,1.0,18.667,0.792,25.083,221.0,153.042,144.0,213.625
2014-10-14,183.625,1.083,97.0,59.25,32.0,10.083,5.167,5.708,0.542,2.375,0.667,6.167,259.0,218.042,179.0,193.708
2014-10-15,190.75,1.333,98.0,76.667,50.0,13.458,13.667,14.417,0.75,5.042,0.167,5.5,174.0,143.833,125.0,204.208
2014-10-16,192.435,2.043,98.0,82.217,59.0,16.391,17.087,19.043,1.957,8.348,0.826,8.13,192.0,151.708,116.0,208.826
2014-10-17,191.304,1.652,98.0,60.917,36.0,13.043,11.783,13.87,2.087,12.292,1.0,12.333,214.0,159.792,116.0,204.348
2014-10-18,196.5,2.833,90.0,65.667,45.0,19.167,21.625,24.5,2.875,14.875,1.583,13.75,195.0,147.417,107.0,215.667
2014-10-19,196.25,2.75,97.0,74.5,49.0,18.417,13.792,14.625,0.833,15.042,1.167,14.75,216.0,164.833,117.0,214.667
2014-10-20,193.292,2.25,98.0,84.208,60.0,16.5,15.208,16.875,1.667,14.458,0.958,16.708,213.0,169.958,132.0,209.792
2014-10-21,192.167,2.667,98.0,97.125,93.0,19.042,20.083,26.125,6.042,14.958,0.792,22.833,198.0,170.75,150.0,211.208
2014-10-22,196.5,2.478,98.0,97.958,97.0,27.4,17.609,24.783,7.174,14.0,0.913,21.13,171.0,150.042,128.0,223.9
2014-10-23,192.615,1.522,98.0,90.917,81.0,16.308,13.522,14.826,1.304,7.208,0.522,8.375,137.0,127.417,119.0,208.923
2014-10-24,192.348,2.792,98.0,79.917,56.0,14.348,20.75,25.458,4.708,12.708,1.167,13.208,185.0,146.542,123.0,206.696
2014-10-25,192.25,2.958,98.0,86.042,63.0,12.792,17.042,21.792,4.75,13.125,1.167,17.25,216.0,160.583,109.0,205.042
2014-10-26,190.292,2.417,98.0,87.75,70.0,14.042,11.625,12.875,1.25,12.25,0.75,17.292,225.0,179.0,133.0,204.333
2014-10-27,186.458,2.0,98.0,75.0,50.0,10.75,12.125,15.5,3.375,7.667,0.708,9.958,213.0,175.0,145.0,197.208
2014-10-28,190.792,1.708,78.0,43.917,34.0,6.75,10.542,11.5,0.958,10.208,0.708,8.167,177.0,144.042,104.0,197.542
2014-10-29,195.375,2.913,96.0,70.208,37.0,17.333,22.174,29.043,6.87,13.478,1.13,13.458,202.0,133.875,81.0,212.708
2014-10-30,194.81,2.87,95.0,79.042,53.0,21.619,23.864,30.909,7.045,16.696,1.364,13.182,201.0,142.667,89.0,216.429
2014-10-31,194.333,3.708,97.0,88.042,73.0,25.083,30.833,39.042,8.208,26.75,1.167,51.25,196.0,164.25,139.0,219.417
2014-11-01,189.583,2.458,97.0,95.458,81.0,19.75,21.417,24.792,3.375,20.958,1.083,29.417,164.0,152.958,146.0,209.333
2014-11-02,185.833,2.292,97.0,89.375,67.0,15.917,13.708,15.292,1.583,8.667,0.833,13.792,214.0,178.708,144.0,201.75
2014-11-03,187.458,1.875,97.0,91.667,82.0,13.875,9.625,11.125,1.5,7.167,1.0,7.042,189.0,157.042,118.0,201.333
2014-11-04,190.375,1.957,,,,16.75,17.913,22.0,4.087,6.583,1.13,6.042,176.0,133.625,93.0,207.125
2014-11-05,193.522,1.958,,,,14.826,22.0,30.9,8.9,11.125,1.125,11.792,164.0,140.208,109.0,208.348
2014-11-06,189.667,2.042,,,,15.792,,,,9.042,1.083,12.875,198.0,167.792,144.0,205.458
2014-11-07,189.773,1.522,,,,9.273,9.125,9.875,0.75,8.609,1.0,7.304,193.0,164.042,128.0,199.045
2014-11-08,197.542,2.375,,,,17.208,20.542,23.958,3.417,16.5,1.125,19.625,141.0,126.292,108.0,214.75
2014-11-09,196.25,2.333,,,,14.417,14.542,16.792,2.25,16.083,1.042,20.625,144.0,136.333,127.0,210.667
2014-11-10,193.375,1.913,,,,13.625,13.565,17.217,3.652,10.542,0.609,11.208,197.0,161.083,117.0,207.0
2014-11-11,194.304,2.292,,,,19.826,24.708,28.833,4.125,15.208,1.25,17.667,140.0,132.583,122.0,214.13
2014-11-12,197.087,3.913,,,,26.304,25.739,43.304,17.565,20.304,1.0,26.522,158.0,134.542,112.0,223.391
2014-11-13,193.5,2.333,,,,16.958,14.083,19.958,5.875,7.083,0.375,8.25,192.0,130.458,78.0,210.458
2014-11-14,197.792,2.792,,,,20.167,22.25,28.375,6.125,5.708,1.042,5.045,149.0,92.792,43.0,217.958
2014-11-15,198.25,2.458,,,,17.125,15.625,18.833,3.208,4.917,0.875,3.125,155.0,97.208,45.0,215.375
2014-11-16,199.478,2.522,,,,18.826,15.217,17.217,2.0,7.625,1.0,7.125,145.0,95.833,50.0,218.304
2014-11-17,198.154,3.208,,,,21.846,23.542,31.25,7.708,13.833,1.083,16.208,134.0,98.833,55.0,220.0
2014-11-18,196.583,2.292,,,,12.542,14.75,19.042,4.292,8.583,1.333,8.75,148.0,106.292,66.0,209.125
2014-11-19,194.478,1.957,,,,12.391,12.87,15.261,2.391,9.227,1.0,9.913,143.0,105.208,62.0,206.87
2014-11-20,198.125,2.708,,,,18.167,26.292,32.458,6.167,13.833,0.917,12.792,101.0,74.583,45.0,216.292
2014-11-21,198.375,3.167,,,,19.583,24.0,34.458,10.458,10.167,0.917,10.208,155.0,103.708,60.0,217.958
2014-11-22,197.167,3.522,,,,23.25,25.391,34.348,8.957,14.417,0.783,15.625,177.0,114.208,69.0,220.417
2014-11-23,194.652,2.417,,,,19.304,15.292,17.042,1.75,13.708,0.667,14.0,177.0,118.917,63.0,213.957
2014-11-24,198.25,3.292,,,,21.75,21.458,24.333,2.875,23.625,1.042,27.25,139.0,119.125,96.0,220.0
2014-11-25,196.708,3.381,,,,21.542,19.5,31.625,12.125,17.375,0.542,20.75,105.0,96.667,87.0,218.25
2014-11-26,192.5,1.174,,,,12.0,8.333,8.875,0.542,1.917,0.0,3.042,103.0,94.13,83.0,204.5
2014-11-27,199.0,2.833,,,,24.25,20.292,31.833,11.542,1.8,0.542,8.458,161.0,117.417,89.0,223.25
2014-11-28,200.429,5.304,,,,35.429,25.955,64.364,38.409,,1.318,21.043,139.0,115.875,98.0,235.857
2014-11-29,195.75,4.0,,,,24.875,20.667,38.458,17.792,12.923,0.458,21.333,165.0,122.958,97.0,220.625
2014-11-30,194.667,3.042,,,,19.083,17.542,20.083,2.542,10.75,0.625,13.833,159.0,127.958,89.0,213.75
2014-12-01,197.0,3.625,,,,20.667,21.75,32.667,10.917,7.875,0.333,13.333,135.0,123.583,104.0,217.667
2014-12-02,191.217,1.9,,,,12.913,9.958,11.542,1.583,2.792,0.708,3.375,133.0,94.125,54.0,204.13
2014-12-03,190.833,1.6,,,,8.917,12.625,13.833,1.208,5.417,1.0,3.542,126.0,76.167,35.0,199.75
2014-12-04,195.0,4.13,,,,27.682,34.227,63.773,29.545,25.652,1.136,24.913,103.0,75.333,52.0,222.682
2014-12-05,192.696,2.292,,,,14.696,14.458,22.458,8.0,7.333,0.958,7.542,124.0,74.75,38.0,207.391
2014-12-06,195.208,2.792,,,,16.167,18.625,27.333,8.708,6.375,0.958,5.292,81.0,32.208,-3.0,211.375
2014-12-07,193.208,2.417,,,,13.333,15.708,18.958,3.25,5.833,0.75,4.0,99.0,44.875,-7.0,206.542
2014-12-08,194.25,3.478,,,,19.0,27.125,41.083,13.958,13.958,1.208,12.667,108.0,61.958,33.0,213.25
2014-12-09,193.042,2.708,,,,17.333,19.0,31.958,12.958,11.625,1.25,11.0,119.0,61.042,13.0,210.375
2014-12-10,194.417,3.792,,,,21.5,29.609,51.261,21.652,14.792,1.13,12.625,93.0,48.958,-1.0,215.917
2014-12-11,198.571,4.409,,,,21.286,31.227,55.0,23.773,23.208,1.045,23.273,143.0,81.542,41.0,219.857
2014-12-12,196.565,3.652,,,,19.652,20.217,25.478,5.261,8.292,1.042,8.083,100.0,85.167,52.0,216.217
2014-12-13,196.917,3.583,,,,21.0,20.792,29.708,8.917,10.125,1.0,9.292,116.0,58.625,20.0,217.917
2014-12-14,195.625,3.0,,,,17.458,16.708,20.042,3.333,6.417,1.0,5.667,73.0,36.917,-3.0,213.083
2014-12-15,195.333,3.167,,,,24.292,19.333,31.417,12.083,7.792,1.0,6.5,92.0,40.833,-13.0,219.625
2014-12-16,193.958,2.583,,,,19.042,23.0,26.833,3.833,13.792,,12.125,48.0,32.625,23.0,213.0
2014-12-17,192.227,1.955,,,,12.318,9.591,11.0,1.409,1.25,1.125,2.227,82.0,46.333,18.0,204.545
2014-12-18,194.636,2.273,,,,13.5,19.048,28.571,9.524,3.391,0.87,2.565,85.0,30.458,-19.0,208.136
2014-12-19,196.958,3.833,,,,19.667,27.167,45.333,18.167,6.625,0.958,5.292,92.0,38.5,-11.0,216.625
2014-12-20,199.125,4.375,,,,26.292,34.833,59.792,24.958,29.583,1.083,26.417,65.0,43.833,26.0,225.417
2014-12-21,198.125,4.042,,,,21.292,22.125,30.708,8.583,10.0,0.583,10.75,111.0,67.625,29.0,219.417
2014-12-22,194.875,2.833,,,,13.708,15.125,19.375,4.25,5.292,0.957,3.667,108.0,61.958,28.0,208.583
2014-12-23,194.833,2.833,,,,16.083,20.208,28.5,8.292,7.583,1.0,5.5,99.0,46.875,-1.0,210.917
2014-12-24,203.13,5.652,,,,33.087,35.087,75.783,40.696,22.417,1.167,20.542,122.0,46.667,2.0,236.217
2014-12-25,198.364,3.304,,,,21.682,24.261,35.304,11.043,10.87,1.095,8.348,96.0,52.25,14.0,220.045
2014-12-26,199.042,3.333,,,,18.167,23.75,37.708,13.958,8.583,1.0,6.292,92.0,36.583,-13.0,217.208
2014-12-27,194.5,2.333,,,,12.25,14.458,18.292,3.833,8.375,1.0,5.167,77.0,37.792,-3.0,206.75
2014-12-28,199.583,4.042,,,,20.375,23.333,30.625,7.292,21.958,0.87,18.333,84.0,28.542,-24.0,219.958
2014-12-29,198.375,3.667,,,,19.625,25.417,31.375,5.958,21.917,0.917,20.667,64.0,45.917,23.0,218.0
2014-12-30,198.652,4.565,,,,19.043,25.478,35.696,10.217,17.917,1.167,16.875,113.0,59.792,17.0,217.696
2014-12-31,195.667,4.125,,,,12.375,14.083,18.333,4.25,20.625,1.25,21.042,129.0,68.333,10.0,208.042
2015-01-01,195.875,2.667,82.0,54.75,23.0,17.417,11.875,13.292,1.417,9.292,1.25,10.0,105.0,53.25,9.0,213.292
2015-01-02,196.917,2.667,78.0,60.542,38.0,18.875,15.167,17.375,2.208,7.375,1.042,6.042,121.0,57.083,0.0,215.792
2015-01-03,195.583,2.667,75.0,55.917,36.0,19.25,15.083,17.292,2.208,9.958,1.0,9.333,147.0,76.417,18.0,214.833
2015-01-04,198.13,3.087,77.0,60.292,43.0,14.391,22.696,27.565,4.87,14.667,1.318,15.333,142.0,83.5,27.0,212.522
2015-01-05,197.417,3.375,80.0,60.25,38.0,12.958,20.083,23.917,3.833,18.417,1.333,20.292,143.0,87.208,33.0,210.375
2015-01-06,198.417,3.375,83.0,71.875,64.0,17.708,29.292,38.708,9.417,18.375,1.417,18.333,97.0,73.25,45.0,216.125
2015-01-07,196.261,2.783,89.0,58.125,38.0,14.435,17.19,28.952,11.762,12.0,1.0,12.304,108.0,69.0,34.0,210.696
2015-01-08,197.208,3.292,72.0,57.25,43.0,17.75,25.0,36.792,11.792,12.125,1.458,10.833,87.0,47.458,9.0,214.958
2015-01-09,197.25,3.583,81.0,58.167,37.0,17.25,24.917,31.958,7.042,11.208,1.435,10.083,93.0,47.708,0.0,214.5
2015-01-10,195.565,2.435,79.0,59.792,36.0,12.522,16.13,18.565,2.435,11.167,1.125,10.5,115.0,59.5,2.0,208.087
2015-01-11,198.167,2.583,77.0,59.958,40.0,12.958,19.5,21.958,2.458,9.083,1.292,8.0,89.0,50.375,5.0,211.125
2015-01-12,198.083,2.667,92.0,77.583,56.0,14.792,25.583,33.708,8.125,20.292,1.0,15.667,45.0,23.333,-4.0,212.875
2015-01-13,203.333,4.292,91.0,69.708,42.0,22.833,32.083,56.0,23.917,23.792,2.167,22.25,87.0,27.75,-19.0,226.167
2015-01-14,201.348,3.913,82.0,58.958,34.0,20.957,30.261,49.261,19.0,14.13,1.478,12.739,99.0,37.208,-24.0,222.304
2015-01-15,195.375,2.125,74.0,65.0,43.0,10.583,18.625,21.667,3.042,12.292,1.174,10.208,84.0,50.458,26.0,205.958
2015-01-16,195.609,2.304,73.0,56.292,31.0,9.522,18.174,20.652,2.478,13.833,1.5,11.292,98.0,57.708,18.0,205.13
2015-01-17,195.125,2.042,90.0,63.917,51.0,7.75,12.375,13.625,1.25,14.875,1.417,13.083,71.0,43.583,8.0,202.875
2015-01-18,197.708,2.417,94.0,90.583,76.0,7.75,16.25,19.75,3.5,3.792,1.0,4.125,54.0,22.542,-3.0,205.458
2015-01-19,194.167,1.417,76.0,44.375,20.0,3.333,8.208,9.0,0.792,2.333,1.083,2.083,63.0,35.792,-7.0,197.5
2015-01-20,194.208,1.583,55.0,42.25,30.0,4.583,12.458,14.625,2.167,3.25,1.792,3.773,79.0,26.583,-21.0,198.792
2015-01-21,195.565,2.174,66.0,47.042,29.0,8.435,21.136,26.091,4.955,4.478,1.091,6.522,73.0,29.417,-21.0,204.0
2015-01-22,193.739,1.826,74.0,47.75,31.0,10.87,16.609,24.217,7.609,5.083,1.333,7.083,80.0,36.75,-4.0,204.609
2015-01-23,196.0,2.583,83.0,53.75,39.0,13.208,23.667,27.125,3.458,11.625,1.792,12.25,54.0,27.375,5.0,209.208
2015-01-24,195.0,2.0,86.0,43.75,16.0,8.667,9.875,11.667,1.792,11.833,1.125,12.292,54.0,13.5,-16.0,203.667
2015-01-25,194.75,2.333,56.0,29.375,17.0,9.0,14.25,16.583,2.333,4.833,1.0,6.542,67.0,14.25,-30.0,203.75
2015-01-26,196.917,3.542,71.0,54.333,30.0,15.375,29.583,38.625,9.042,10.5,1.5,11.833,83.0,19.958,-36.0,212.292
2015-01-27,195.208,3.125,74.0,52.875,27.0,14.625,25.75,31.333,5.583,9.625,1.304,11.792,111.0,42.333,-18.0,209.833
2015-01-28,197.619,3.455,70.0,52.208,28.0,15.524,27.818,32.227,4.409,12.75,1.435,15.696,119.0,55.375,-3.0,213.143
2015-01-29,199.125,2.667,93.0,79.625,61.0,15.125,24.667,28.0,3.333,16.0,1.167,16.583,60.0,40.458,18.0,214.25
2015-01-30,198.542,1.958,93.0,86.333,77.0,11.208,14.292,15.5,1.208,9.167,1.0,7.708,39.0,23.542,6.0,209.75
2015-01-31,200.167,2.583,89.0,73.292,50.0,14.417,16.625,18.917,2.292,14.583,1.708,13.792,90.0,48.917,15.0,214.583
2015-02-01,201.167,2.5,84.0,68.417,57.0,13.208,19.708,21.5,1.792,13.917,1.333,13.625,53.0,35.958,23.0,214.375
2015-02-02,198.083,1.958,78.0,47.958,33.0,10.375,11.125,12.292,1.167,6.792,1.348,7.958,85.0,46.0,20.0,208.458
2015-02-03,,1.652,64.0,46.125,35.0,,19.174,21.261,2.087,7.667,1.667,9.083,68.0,38.958,2.0,
2015-02-04,199.154,2.609,79.0,65.958,45.0,13.462,25.435,31.087,5.652,16.478,1.696,15.391,83.0,40.417,6.0,212.615
2015-02-05,201.625,3.625,82.0,56.208,28.0,20.417,31.75,43.25,11.5,16.083,2.25,18.292,118.0,55.0,-9.0,222.042
2015-02-06,198.417,2.333,90.0,70.083,59.0,11.333,17.0,18.292,1.292,19.792,1.708,19.292,83.0,56.708,15.0,209.75
2015-02-07,197.917,1.417,91.0,55.292,30.0,7.208,6.958,7.667,0.708,5.542,1.333,6.792,67.0,30.25,-3.0,205.125
2015-02-08,200.417,2.208,81.0,56.5,45.0,12.458,19.583,22.417,2.833,10.375,1.478,11.333,68.0,27.958,2.0,212.875
2015-02-09,198.087,2.826,85.0,54.5,24.0,8.435,16.565,24.217,7.652,14.583,1.542,15.75,123.0,50.208,-18.0,206.522
2015-02-10,194.667,1.875,56.0,35.083,18.0,4.042,10.042,11.292,1.25,5.958,1.167,8.125,84.0,45.917,12.0,198.708
2015-02-11,195.917,2.667,68.0,43.875,32.0,9.542,18.667,20.792,2.125,12.667,1.625,15.125,95.0,44.458,0.0,205.458
2015-02-12,197.391,3.696,81.0,65.292,52.0,16.043,27.261,37.174,9.913,19.208,1.87,21.217,112.0,59.625,-3.0,213.435
2015-02-13,192.75,2.167,92.0,70.083,52.0,9.542,17.75,22.125,4.375,18.667,1.5,23.292,200.0,129.667,65.0,202.292
2015-02-14,189.083,1.417,98.0,77.917,52.0,3.917,4.583,5.0,0.417,6.0,1.0,12.583,227.0,177.458,150.0,193.0
2015-02-15,196.174,1.913,80.0,53.917,41.0,15.87,8.087,8.87,0.783,2.542,1.0,4.25,140.0,66.458,9.0,212.043
2015-02-16,196.792,2.375,86.0,56.833,42.0,20.292,16.792,21.042,4.25,6.167,1.208,8.375,85.0,36.208,-11.0,217.083
2015-02-17,194.75,2.208,75.0,49.708,26.0,18.333,14.708,18.583,3.875,5.917,1.25,7.042,109.0,39.917,-15.0,213.083
2015-02-18,197.625,3.083,77.0,60.0,39.0,23.542,26.0,34.875,8.875,11.75,1.833,12.667,102.0,41.625,-18.0,221.167
2015-02-19,198.174,4.087,83.0,57.292,30.0,28.783,35.391,48.087,12.696,17.783,1.913,19.522,156.0,78.375,0.0,226.957
2015-02-20,193.583,2.75,96.0,76.875,51.0,22.542,24.417,27.583,3.167,18.958,1.391,19.0,93.0,67.792,59.0,216.125
2015-02-21,,2.217,96.0,64.958,36.0,,10.826,13.391,2.565,6.542,1.125,8.75,131.0,81.208,48.0,
2015-02-22,,2.375,82.0,57.5,38.0,,18.292,20.5,2.208,10.292,1.792,11.458,86.0,58.292,30.0,
2015-02-23,199.7,3.087,92.0,78.333,63.0,15.8,28.957,34.348,5.391,26.667,1.565,24.304,89.0,62.042,39.0,215.5
2015-02-24,191.75,2.25,92.0,52.625,35.0,5.375,11.875,14.5,2.625,13.125,1.083,14.792,60.0,45.167,6.0,197.125
2015-02-25,191.167,1.958,93.0,70.167,40.0,5.083,14.792,16.458,1.667,10.625,1.083,8.75,52.0,22.958,-1.0,196.25
2015-02-26,192.542,2.667,81.0,55.375,27.0,8.917,21.417,25.375,3.958,10.708,1.174,10.875,101.0,42.125,-19.0,201.458
2015-02-27,194.261,2.391,65.0,48.208,30.0,6.87,13.739,15.348,1.609,18.458,1.625,20.917,109.0,63.0,14.0,201.13
2015-02-28,196.333,2.667,85.0,63.375,32.0,8.792,14.625,16.167,1.542,22.083,2.0,23.583,130.0,73.875,12.0,205.125
2015-03-01,193.917,1.375,53.0,31.792,22.0,3.083,6.708,7.417,0.708,5.708,1.083,7.25,85.0,40.083,14.0,197.0
2015-03-02,194.792,2.25,74.0,49.25,33.0,8.292,20.0,23.375,3.375,8.833,1.417,10.5,109.0,49.292,-15.0,203.083
2015-03-03,196.591,2.304,77.0,52.333,28.0,8.136,18.783,23.696,4.913,14.261,1.682,16.217,153.0,82.375,5.0,204.727
2015-03-04,197.043,3.217,72.0,61.625,46.0,14.217,20.87,24.348,3.478,27.208,2.5,31.375,147.0,92.583,32.0,211.261
2015-03-05,196.542,2.5,77.0,68.792,55.0,12.208,16.333,17.708,1.375,27.125,2.125,29.542,151.0,100.5,68.0,208.75
2015-03-06,192.917,1.792,90.0,78.875,64.0,9.375,7.125,7.542,0.417,21.125,1.042,26.625,162.0,124.708,80.0,202.292
2015-03-07,197.417,3.5,99.0,96.333,89.0,20.375,28.583,35.792,7.208,26.083,1.0,33.208,146.0,123.333,115.0,217.792
2015-03-08,193.5,2.292,99.0,85.958,62.0,15.167,18.75,22.375,3.625,16.0,1.042,24.292,191.0,142.208,103.0,208.667
2015-03-09,194.75,2.0,94.0,81.083,57.0,9.625,13.292,13.917,0.625,11.583,1.0,14.708,139.0,79.458,32.0,204.375
2015-03-10,196.524,1.773,93.0,70.833,59.0,5.571,15.0,16.19,1.19,12.083,1.136,13.364,73.0,51.417,27.0,202.095
2015-03-11,196.25,1.792,89.0,80.583,73.0,5.708,15.625,16.792,1.167,15.083,1.0,16.375,44.0,33.417,21.0,201.958
2015-03-12,196.167,2.0,85.0,68.792,59.0,5.875,13.417,14.458,1.042,15.958,1.0,17.417,65.0,47.917,26.0,202.042
2015-03-13,194.958,1.917,75.0,65.75,58.0,5.667,9.958,10.667,0.708,13.333,1.125,14.125,77.0,57.5,35.0,200.625
2015-03-14,195.083,1.833,91.0,85.5,69.0,5.083,12.542,13.917,1.375,13.875,1.083,12.917,57.0,43.292,26.0,200.167
2015-03-15,194.5,1.917,85.0,49.5,27.0,3.833,9.75,10.75,1.0,7.542,1.348,9.25,121.0,69.292,24.0,198.333
2015-03-16,197.773,2.5,78.0,58.292,43.0,14.545,25.136,30.136,5.0,12.348,1.565,15.348,127.0,73.583,6.0,212.318
2015-03-17,198.125,2.875,85.0,55.333,16.0,18.125,26.083,35.25,9.167,18.5,2.0,20.542,194.0,117.708,51.0,216.25
2015-03-18,192.917,1.667,92.0,63.042,40.0,12.167,15.833,19.708,3.875,12.958,1.5,15.583,183.0,130.667,60.0,205.083
2015-03-19,192.875,1.583,95.0,77.5,50.0,10.417,11.917,13.25,1.333,13.833,1.125,17.75,176.0,142.625,119.0,203.292
2015-03-20,193.917,1.917,59.0,43.625,33.0,7.0,5.583,5.833,0.25,17.708,1.125,23.5,166.0,127.125,97.0,200.917
2015-03-21,194.417,1.875,67.0,47.792,29.0,7.75,8.25,8.667,0.417,8.5,1.391,10.375,121.0,88.0,60.0,202.167
2015-03-22,194.087,1.696,76.0,52.75,32.0,10.826,15.261,17.261,2.0,8.875,1.458,11.792,149.0,95.542,41.0,204.913
2015-03-23,195.542,2.208,84.0,64.375,34.0,13.042,18.25,21.917,3.667,16.25,1.583,19.292,162.0,99.667,55.0,208.583
2015-03-24,194.0,1.417,86.0,68.875,40.0,9.458,12.458,13.292,0.833,12.542,1.0,11.583,77.0,55.542,39.0,203.458
2015-03-25,193.13,1.217,83.0,47.792,31.0,8.826,11.087,13.913,2.826,4.478,1.478,6.391,106.0,63.417,6.0,201.957
2015-03-26,193.417,1.625,66.0,52.958,41.0,9.417,11.417,12.375,0.958,9.208,2.292,10.417,116.0,72.0,44.0,202.833
2015-03-27,193.125,1.375,80.0,61.875,44.0,10.333,10.542,11.042,0.5,10.333,2.217,11.583,144.0,98.083,62.0,203.458
2015-03-28,194.0,2.0,89.0,70.792,53.0,8.174,14.435,15.478,1.043,13.458,1.625,14.208,138.0,104.167,72.0,202.174
2015-03-29,193.125,1.958,92.0,63.167,35.0,7.458,11.917,13.375,1.458,12.875,1.542,14.417,165.0,115.042,53.0,200.583
2015-03-30,194.25,2.25,78.0,56.25,36.0,9.708,16.458,17.75,1.292,22.0,2.25,26.208,194.0,138.083,89.0,203.958
2015-03-31,193.478,2.174,69.0,46.833,31.0,7.783,11.913,12.87,0.957,16.957,1.609,21.565,188.0,139.417,76.0,201.261
2015-04-01,194.0,3.0,93.0,74.167,60.0,13.417,22.042,24.083,2.042,37.75,1.417,43.583,180.0,133.625,92.0,207.417
2015-04-02,191.0,2.292,89.0,66.208,41.0,5.583,11.75,12.833,1.083,10.5,1.083,12.5,156.0,108.958,68.0,196.583
2015-04-03,188.6,2.043,83.0,73.542,65.0,8.95,11.783,13.826,2.043,7.913,1.0,9.391,208.0,162.25,86.0,197.55
2015-04-04,190.458,2.042,75.0,62.542,50.0,10.542,13.542,14.208,0.667,10.5,1.042,10.167,175.0,130.708,97.0,201.0
2015-04-05,192.957,2.304,87.0,79.792,69.0,9.913,11.565,12.043,0.478,14.333,1.0,15.458,107.0,97.292,84.0,202.87
2015-04-06,200.5,4.667,90.0,70.5,50.0,18.958,28.833,34.083,5.25,28.542,2.5,37.708,233.0,159.042,84.0,219.458
2015-04-07,191.792,1.958,95.0,92.625,89.0,8.333,13.208,13.875,0.667,6.167,1.0,9.375,118.0,95.542,66.0,200.125
2015-04-08,191.583,1.833,93.0,87.083,71.0,8.208,15.292,16.583,1.292,8.042,1.0,7.083,65.0,29.417,8.0,199.792
2015-04-09,191.375,1.833,76.0,62.958,48.0,7.333,12.708,13.958,1.25,14.917,1.0,12.708,95.0,59.208,30.0,198.708
2015-04-10,192.217,2.217,93.0,75.417,53.0,11.217,20.045,22.727,2.682,16.696,1.0,15.435,106.0,71.833,42.0,203.435
2015-04-11,189.739,1.304,94.0,86.083,64.0,9.087,10.783,11.478,0.696,3.833,1.0,3.667,151.0,109.333,77.0,198.826
2015-04-12,192.167,1.958,94.0,65.292,34.0,11.833,12.375,12.958,0.583,11.583,1.458,11.125,164.0,117.292,74.0,204.0
2015-04-13,190.958,2.0,94.0,85.333,71.0,9.792,13.917,15.042,1.125,14.875,1.292,13.875,102.0,89.75,79.0,200.75
2015-04-14,192.208,2.208,96.0,92.708,89.0,13.042,22.75,25.125,2.375,5.833,1.0,7.583,130.0,116.708,94.0,205.25
2015-04-15,192.208,2.042,96.0,67.333,41.0,9.833,12.25,12.792,0.542,7.667,0.913,7.458,192.0,140.0,95.0,202.042
2015-04-16,195.565,3.522,82.0,61.375,37.0,15.435,20.913,22.348,1.435,17.522,1.087,17.391,210.0,144.667,71.0,211.0
2015-04-17,193.913,2.957,84.0,66.25,42.0,15.304,17.609,19.826,2.217,24.75,1.25,27.833,224.0,155.583,100.0,209.217
2015-04-18,191.167,2.208,74.0,56.375,44.0,11.083,12.25,13.25,1.0,18.583,1.125,17.417,179.0,131.5,65.0,202.25
2015-04-19,194.792,3.167,75.0,60.417,44.0,16.542,17.667,18.375,0.708,21.667,1.375,22.25,167.0,137.25,89.0,211.333
2015-04-20,189.0,1.792,97.0,88.458,65.0,11.958,10.375,11.792,1.417,14.542,1.0,22.917,186.0,167.292,129.0,200.958
2015-04-21,188.958,1.75,96.0,69.083,51.0,9.917,10.958,11.833,0.875,3.833,1.043,4.75,200.0,173.833,144.0,198.875
2015-04-22,191.75,2.125,91.0,64.875,43.0,11.125,14.583,15.208,0.625,14.5,1.417,14.083,197.0,153.083,122.0,202.875
2015-04-23,190.955,2.136,92.0,62.208,27.0,12.091,13.091,14.5,1.409,18.042,1.261,21.391,225.0,170.25,113.0,203.045
2015-04-24,190.5,2.0,85.0,67.667,53.0,12.458,13.208,14.125,0.917,19.708,1.125,23.167,213.0,172.042,127.0,202.958
2015-04-25,193.417,2.5,75.0,55.625,39.0,12.958,15.083,15.292,0.208,25.583,1.917,28.583,200.0,160.792,128.0,206.375
2015-04-26,192.25,2.333,79.0,61.417,42.0,11.917,10.917,11.25,0.333,21.25,1.333,24.667,213.0,162.875,113.0,204.167
2015-04-27,192.167,2.417,86.0,66.0,46.0,13.292,15.042,16.292,1.25,28.0,1.13,31.0,237.0,183.042,118.0,205.458
2015-04-28,190.458,2.167,83.0,63.5,40.0,14.375,16.333,17.208,0.875,28.458,1.167,32.208,256.0,196.875,134.0,204.833
2015-04-29,188.391,1.143,84.0,68.667,46.0,9.565,9.522,10.043,0.522,17.292,1.0,19.917,222.0,179.083,142.0,197.957
2015-04-30,188.917,1.458,83.0,66.75,48.0,9.417,11.917,12.542,0.625,9.625,1.292,10.792,222.0,175.167,128.0,198.333
2015-05-01,191.864,1.826,88.0,65.542,27.0,15.409,14.348,15.478,1.13,10.273,1.217,12.227,254.0,187.667,127.0,207.273
2015-05-02,194.458,1.75,88.0,64.542,39.0,14.167,13.125,13.667,0.542,12.292,1.375,16.042,261.0,196.375,131.0,208.625
2015-05-03,192.167,1.417,86.0,63.792,28.0,10.125,7.5,7.917,0.417,10.458,1.217,13.167,248.0,193.083,146.0,202.292
2015-05-04,190.542,1.0,85.0,71.125,56.0,7.875,4.583,5.0,0.417,7.708,0.875,9.917,240.0,203.792,170.0,198.417
2015-05-05,190.087,1.565,86.0,44.208,23.0,10.652,6.478,6.478,0.0,11.542,1.25,11.208,201.0,175.292,134.0,200.739
2015-05-06,190.5,2.0,74.0,58.25,40.0,10.958,8.042,8.333,0.292,12.875,1.167,13.167,214.0,165.25,107.0,201.458
2015-05-07,191.087,2.261,86.0,65.667,38.0,18.043,16.522,17.348,0.826,15.917,1.478,20.583,240.0,184.583,149.0,209.13
2015-05-08,191.958,2.375,83.0,60.542,36.0,17.875,16.375,17.083,0.708,21.583,1.875,27.792,249.0,194.833,160.0,209.833
2015-05-09,192.083,2.625,95.0,78.625,66.0,17.542,17.333,17.958,0.625,29.583,1.652,38.875,199.0,175.125,152.0,209.625
2015-05-10,189.375,1.417,92.0,52.292,25.0,11.792,6.417,6.542,0.125,16.75,1.0,20.417,242.0,179.667,129.0,201.167
2015-05-11,190.739,1.13,62.0,41.75,22.0,3.0,9.174,9.87,0.696,8.708,1.042,8.167,211.0,154.75,95.0,193.739
2015-05-12,189.417,1.083,98.0,74.292,55.0,4.167,8.583,9.0,0.417,11.75,1.125,15.083,207.0,178.583,137.0,193.583
2015-05-13,191.333,1.625,99.0,60.25,35.0,6.917,12.542,13.458,0.917,12.792,1.25,16.083,261.0,212.375,160.0,198.25
2015-05-14,192.083,2.125,58.0,45.333,34.0,8.75,16.5,17.167,0.667,18.125,1.708,18.625,276.0,219.125,157.0,200.833
2015-05-15,191.348,2.174,84.0,63.0,39.0,15.652,17.087,18.043,0.957,25.643,2.0,28.357,265.0,220.667,181.0,207.0
2015-05-16,195.583,2.958,95.0,84.917,68.0,17.625,18.208,19.25,1.042,34.292,1.208,44.375,222.0,200.5,182.0,213.208
2015-05-17,190.826,1.913,89.0,61.875,14.0,9.174,7.609,7.696,0.087,20.455,1.125,23.917,266.0,212.167,180.0,200.0
2015-05-18,187.583,1.583,89.0,74.125,59.0,8.125,9.167,9.625,0.458,17.833,1.0,19.417,240.0,200.25,157.0,195.708
2015-05-19,189.625,1.75,96.0,86.583,78.0,12.083,16.542,17.708,1.167,16.083,1.0,23.833,212.0,188.875,161.0,201.708
2015-05-20,190.917,2.042,93.0,73.542,51.0,10.125,12.208,12.625,0.417,17.875,1.333,24.0,255.0,213.208,180.0,201.042
2015-05-21,189.5,1.417,95.0,62.0,30.0,7.0,8.375,8.5,0.125,12.083,1.043,14.5,229.0,179.792,124.0,196.5
2015-05-22,189.435,1.696,84.0,65.042,49.0,10.261,12.87,13.348,0.478,14.125,1.261,16.174,229.0,188.958,140.0,199.696
2015-05-23,190.826,1.913,82.0,60.583,44.0,11.043,12.217,12.609,0.391,17.583,1.417,19.708,252.0,203.292,148.0,201.87
2015-05-24,191.083,1.958,77.0,63.5,47.0,11.208,9.917,10.167,0.25,16.208,1.458,19.292,242.0,206.5,179.0,202.292
2015-05-25,192.75,1.917,81.0,67.333,52.0,11.458,14.083,14.708,0.625,15.458,1.583,18.75,242.0,202.458,160.0,204.208
2015-05-26,191.208,1.667,85.0,62.458,34.0,11.125,13.667,14.208,0.542,18.875,1.333,24.75,279.0,218.875,164.0,202.333
2015-05-27,193.042,2.083,81.0,61.167,35.0,12.917,16.167,16.667,0.5,28.167,1.739,33.208,292.0,228.583,172.0,205.958
2015-05-28,188.792,1.208,82.0,71.208,51.0,7.5,8.417,8.708,0.292,23.292,1.167,29.833,254.0,210.5,177.0,196.292
2015-05-29,188.429,1.409,96.0,82.083,66.0,13.905,10.905,11.429,0.524,16.348,1.174,22.826,216.0,197.042,180.0,202.333
2015-05-30,187.375,1.375,95.0,67.542,45.0,12.625,7.458,7.542,0.083,14.833,1.042,17.833,279.0,229.375,183.0,200.0
2015-05-31,191.75,1.917,86.0,54.833,26.0,14.583,7.792,7.958,0.167,18.125,1.375,23.333,293.0,247.292,208.0,206.333
2015-06-01,189.542,1.417,74.0,57.417,39.0,11.625,9.333,9.792,0.458,12.083,1.5,15.5,269.0,227.417,198.0,201.167
2015-06-02,188.25,1.292,81.0,69.125,49.0,14.125,11.792,12.583,0.792,13.458,1.217,16.917,264.0,223.125,178.0,202.375
2015-06-03,191.917,2.042,97.0,91.375,78.0,18.167,16.542,18.083,1.542,12.5,1.0,21.875,220.0,205.375,195.0,210.083
2015-06-04,188.913,1.13,70.0,44.333,22.0,9.043,6.652,6.826,0.174,7.0,1.042,8.708,278.0,218.417,180.0,197.957
2015-06-05,191.409,1.696,97.0,65.958,42.0,14.273,16.682,17.455,0.773,7.217,1.273,8.783,207.0,174.542,137.0,205.682
2015-06-06,190.333,1.625,97.0,81.167,57.0,11.667,8.25,8.375,0.125,6.208,1.167,8.167,218.0,173.542,130.0,202.0
2015-06-07,188.25,1.208,91.0,70.542,46.0,9.417,5.792,5.875,0.083,7.042,1.125,9.958,233.0,196.708,170.0,197.667
2015-06-08,186.375,1.0,94.0,74.917,58.0,9.25,7.667,8.208,0.542,6.792,1.0,8.958,228.0,194.25,160.0,195.625
2015-06-09,188.833,1.875,98.0,90.5,79.0,12.042,11.792,13.083,1.292,2.583,1.0,6.833,208.0,187.083,164.0,200.875
2015-06-10,189.87,1.87,96.0,72.208,58.0,14.957,12.435,16.217,3.783,6.875,1.292,10.417,258.0,217.292,173.0,204.826
2015-06-11,188.261,1.652,92.0,75.417,60.0,14.478,12.955,14.0,1.045,12.167,1.261,14.913,254.0,215.875,180.0,202.739
2015-06-12,189.5,1.917,96.0,86.333,76.0,14.042,13.708,14.083,0.375,13.167,1.0,21.417,235.0,209.0,183.0,203.542
2015-06-13,193.609,2.826,93.0,81.25,64.0,14.0,15.261,15.87,0.609,25.708,1.783,41.167,273.0,233.042,210.0,207.609
2015-06-14,188.917,2.0,97.0,84.458,63.0,9.833,7.583,7.792,0.208,22.042,1.042,32.375,247.0,216.25,200.0,198.75
2015-06-15,191.292,2.125,91.0,71.917,52.0,11.5,11.542,12.042,0.5,24.375,1.292,31.958,288.0,236.25,195.0,202.792
2015-06-16,195.25,2.5,88.0,76.958,62.0,12.625,14.583,14.875,0.292,27.083,2.0,38.875,257.0,227.375,202.0,207.875
2015-06-17,192.333,1.958,97.0,85.875,66.0,10.25,11.083,11.333,0.25,16.125,1.333,25.167,242.0,208.333,190.0,202.583
2015-06-18,190.565,2.174,97.0,89.833,73.0,12.043,14.318,14.909,0.591,13.783,1.182,24.087,223.0,198.417,188.0,202.609
2015-06-19,188.957,1.0,98.0,96.875,94.0,7.609,10.391,10.87,0.478,4.542,0.826,8.792,185.0,175.333,165.0,196.565
2015-06-20,187.458,1.25,97.0,76.583,59.0,6.625,7.375,7.542,0.167,6.125,1.0,8.292,251.0,201.75,165.0,194.083
2015-06-21,187.458,1.208,94.0,87.25,76.0,8.708,7.958,8.125,0.167,6.375,1.0,10.708,206.0,193.625,183.0,196.167
2015-06-22,188.083,1.333,92.0,78.833,64.0,9.333,11.417,12.042,0.625,9.833,1.208,13.5,254.0,211.458,179.0,197.417
2015-06-23,187.208,1.0,95.0,80.083,59.0,8.917,10.917,11.75,0.833,11.833,1.083,17.583,261.0,219.75,185.0,196.125
2015-06-24,189.458,1.5,97.0,74.292,46.0,9.125,10.167,10.583,0.417,15.0,1.458,19.083,284.0,226.708,179.0,198.583
2015-06-25,190.091,1.727,91.0,76.125,57.0,13.545,12.727,13.409,0.682,19.208,1.318,25.13,277.0,230.833,198.0,203.636
2015-06-26,187.625,1.583,98.0,88.875,73.0,14.208,14.25,15.917,1.667,10.917,1.375,17.5,236.0,210.292,196.0,201.833
2015-06-27,190.75,1.667,99.0,94.208,88.0,15.042,12.417,13.208,0.792,4.042,1.083,11.625,229.0,212.625,192.0,205.792
2015-06-28,189.75,1.333,96.0,74.292,49.0,12.125,7.917,8.208,0.292,9.208,1.417,14.875,276.0,224.583,182.0,201.875
2015-06-29,188.125,0.958,83.0,74.292,63.0,10.417,8.958,9.792,0.833,8.708,1.208,12.292,233.0,203.208,176.0,198.542
2015-06-30,186.292,0.75,96.0,80.333,61.0,11.083,9.083,10.0,0.917,8.125,1.042,10.792,240.0,211.0,190.0,197.375
2015-07-01,190.913,1.739,98.0,96.542,93.0,16.217,15.261,16.739,1.478,4.75,1.0,10.333,206.0,196.542,185.0,207.13
2015-07-02,197.591,2.826,97.0,90.292,82.0,22.545,19.727,23.136,3.409,11.864,1.0,22.727,233.0,217.5,201.0,220.136
2015-07-03,190.875,2.25,99.0,97.833,93.0,17.667,19.0,19.792,0.792,7.542,1.0,16.75,213.0,208.708,204.0,208.542
2015-07-04,188.458,1.833,99.0,94.75,81.0,17.708,14.792,16.125,1.333,9.958,1.0,22.583,245.0,215.917,193.0,206.167
2015-07-05,190.667,1.292,99.0,92.583,78.0,13.208,7.917,7.917,0.0,8.167,1.0,14.5,209.0,195.667,185.0,203.875
2015-07-06,193.75,2.375,99.0,97.25,93.0,15.583,17.917,18.375,0.458,12.125,1.0,24.083,198.0,192.125,186.0,209.333
2015-07-07,194.913,2.87,98.0,93.208,85.0,17.478,15.0,15.435,0.435,14.292,1.0,28.625,222.0,204.125,187.0,212.391
2015-07-08,197.667,2.875,98.0,92.75,76.0,20.292,17.458,19.917,2.458,16.708,1.0,34.917,243.0,216.125,186.0,217.958
2015-07-09,193.727,1.957,99.0,97.792,96.0,18.909,16.957,17.652,0.696,7.667,1.0,16.739,194.0,188.792,180.0,212.636
2015-07-10,193.333,2.083,99.0,85.125,66.0,17.917,13.458,13.958,0.5,13.208,1.292,25.167,275.0,223.083,186.0,211.25
2015-07-11,190.833,2.0,96.0,79.75,55.0,17.5,10.75,11.708,0.958,23.708,1.417,34.75,305.0,247.958,203.0,208.333
2015-07-12,190.458,1.708,91.0,74.375,58.0,16.792,10.208,10.708,0.5,26.75,1.583,38.333,308.0,265.708,225.0,207.25
2015-07-13,181.478,1.217,88.0,70.125,52.0,17.739,10.13,12.435,2.304,15.0,1.522,24.292,334.0,288.708,246.0,199.217
2015-07-14,177.042,0.292,73.0,63.125,48.0,14.208,6.083,8.458,2.375,6.958,1.25,12.0,328.0,291.0,261.0,191.25
2015-07-15,177.833,0.25,95.0,70.667,55.0,14.792,6.875,9.375,2.5,6.292,1.458,10.958,318.0,273.292,236.0,192.625
2015-07-16,178.043,0.478,99.0,95.417,87.0,14.87,6.435,8.0,1.565,6.696,1.0,19.087,263.0,243.5,221.0,192.913
2015-07-17,177.208,0.5,99.0,86.583,59.0,13.958,5.167,7.25,2.083,8.167,1.083,18.667,293.0,255.25,225.0,191.167
2015-07-18,177.417,0.75,90.0,78.833,65.0,16.5,5.667,7.708,2.042,7.792,1.125,14.0,275.0,259.0,248.0,193.917
2015-07-19,179.696,1.13,92.0,73.792,53.0,9.913,7.0,8.696,1.696,10.625,1.0,16.583,334.0,280.708,228.0,189.609
2015-07-20,186.542,2.125,92.0,77.667,62.0,11.208,11.083,11.5,0.417,17.25,1.458,25.958,324.0,283.708,257.0,197.75
2015-07-21,183.792,1.417,92.0,69.542,49.0,10.417,10.542,11.792,1.25,15.75,1.375,24.458,335.0,288.0,250.0,194.208
2015-07-22,177.875,0.375,79.0,65.167,48.0,6.875,7.167,9.583,2.417,5.5,1.0,8.833,322.0,281.458,243.0,184.75
2015-07-23,182.087,0.87,98.0,86.792,73.0,34.87,9.913,12.391,2.478,5.696,1.0,12.478,285.0,258.792,239.0,216.957
2015-07-24,187.708,2.042,98.0,87.042,59.0,21.583,16.583,19.458,2.875,13.625,1.0,22.875,316.0,271.958,249.0,209.292
2015-07-25,187.0,2.522,94.0,79.125,63.0,22.609,16.478,17.913,1.435,25.25,1.217,39.583,321.0,284.792,248.0,209.609
2015-07-26,184.833,2.5,82.0,69.292,55.0,18.5,9.625,9.833,0.208,30.458,1.875,42.667,339.0,295.542,262.0,203.333
2015-07-27,186.458,1.833,86.0,71.542,60.0,18.417,13.75,14.5,0.75,26.875,1.792,40.333,329.0,295.042,258.0,204.875
2015-07-28,188.625,2.125,89.0,74.458,56.0,19.542,15.958,17.75,1.792,26.25,1.667,40.25,323.0,289.542,266.0,208.167
2015-07-29,188.833,2.292,86.0,77.5,61.0,18.792,15.333,16.083,0.75,31.833,2.833,50.458,312.0,282.625,264.0,207.625
2015-07-30,185.435,1.609,96.0,82.75,59.0,18.391,12.696,13.652,0.957,26.087,1.217,43.739,323.0,275.292,257.0,203.826
2015-07-31,186.478,1.87,94.0,79.833,60.0,12.783,12.522,13.435,0.913,30.167,1.304,48.542,328.0,285.0,252.0,199.261
2015-08-01,186.958,1.875,95.0,74.75,59.0,12.917,11.417,12.333,0.917,35.0,1.292,55.833,344.0,291.417,258.0,199.875
2015-08-02,184.0,1.542,84.0,69.833,58.0,12.042,7.75,7.958,0.208,25.417,1.167,36.958,340.0,287.667,243.0,196.042
2015-08-03,185.625,1.375,93.0,74.208,57.0,11.542,11.5,12.375,0.875,29.458,1.375,44.375,330.0,286.917,256.0,197.167
2015-08-04,183.875,1.417,90.0,77.083,60.0,11.792,10.958,12.125,1.167,27.208,1.167,45.542,329.0,287.708,260.0,195.667
2015-08-05,180.5,0.708,84.0,72.542,59.0,10.75,9.792,11.083,1.292,14.417,1.25,25.458,326.0,289.75,250.0,191.25
2015-08-06,181.238,1.091,87.0,70.792,58.0,17.19,11.19,13.238,2.048,11.273,1.286,18.364,336.0,297.75,260.0,198.429
2015-08-07,186.208,1.917,97.0,68.583,44.0,19.875,14.875,15.542,0.667,25.125,1.542,34.25,354.0,301.583,255.0,206.083
2015-08-08,187.875,1.208,98.0,76.292,62.0,14.917,9.25,9.875,0.625,22.5,1.125,33.667,300.0,271.0,251.0,202.792
2015-08-09,186.167,1.0,80.0,68.958,52.0,12.917,5.833,5.875,0.042,10.792,1.208,15.25,312.0,272.875,245.0,199.083
2015-08-10,183.375,1.125,95.0,84.542,71.0,15.083,9.542,11.125,1.583,11.542,1.167,19.208,286.0,264.167,248.0,198.458
2015-08-11,183.125,1.0,94.0,73.875,54.0,15.208,9.792,11.625,1.833,9.917,1.417,15.75,323.0,283.417,249.0,198.333
2015-08-12,184.174,1.348,89.0,78.292,66.0,13.652,10.435,11.478,1.043,15.542,1.435,22.792,312.0,278.25,259.0,197.826
2015-08-13,185.261,1.043,98.0,86.417,75.0,13.043,8.87,9.565,0.696,11.875,1.0,19.87,287.0,260.333,239.0,198.304
2015-08-14,190.875,1.167,94.0,86.208,70.0,12.125,7.0,7.458,0.458,13.375,1.0,23.458,298.0,256.0,237.0,203.0
2015-08-15,186.042,1.5,88.0,79.083,62.0,12.833,7.625,7.958,0.333,12.042,1.5,19.375,308.0,269.75,245.0,198.875
2015-08-16,187.625,1.458,98.0,83.958,59.0,12.708,7.583,7.792,0.208,14.708,1.083,25.0,302.0,263.5,241.0,200.333
2015-08-17,182.5,1.042,99.0,98.458,94.0,11.292,8.292,8.958,0.667,4.458,1.0,11.958,253.0,242.958,226.0,193.792
2015-08-18,183.043,1.217,95.0,82.5,63.0,4.304,10.652,11.783,1.13,5.792,1.0,11.875,301.0,270.917,247.0,187.348
2015-08-19,188.0,1.708,85.0,74.458,62.0,3.958,12.667,13.167,0.5,11.583,1.875,16.542,292.0,269.208,253.0,191.958
2015-08-20,197.091,1.87,99.0,91.5,82.0,13.545,15.565,16.609,1.043,12.391,1.522,24.174,261.0,245.75,225.0,210.636
2015-08-21,196.0,2.792,94.0,88.042,79.0,50.158,13.875,14.375,0.5,22.875,1.333,36.5,274.0,254.417,237.0,246.158
2015-08-22,186.0,1.625,96.0,82.125,64.0,16.792,10.958,12.667,1.708,17.417,1.0,31.708,313.0,275.417,242.0,202.792
2015-08-23,187.167,1.0,96.0,87.917,76.0,11.0,6.292,6.375,0.083,6.75,1.0,15.042,270.0,248.125,222.0,198.167
2015-08-24,188.217,1.0,87.0,72.958,62.0,5.348,7.0,7.217,0.217,5.167,1.0,9.333,263.0,232.958,210.0,193.565
2015-08-25,187.167,1.042,97.0,76.708,70.0,5.125,8.667,9.0,0.333,5.542,1.0,7.625,211.0,202.042,173.0,192.292
2015-08-26,187.833,1.0,99.0,97.167,93.0,5.0,8.25,8.792,0.542,0.792,1.0,4.292,202.0,184.333,166.0,192.833
2015-08-27,189.522,1.13,95.0,81.25,67.0,8.826,10.565,11.0,0.435,4.435,1.043,8.174,264.0,231.417,201.0,198.348
2015-08-28,187.458,0.958,96.0,88.0,81.0,11.0,7.667,8.167,0.5,5.667,1.0,9.083,216.0,203.05,189.0,198.458
2015-08-29,186.875,1.0,99.0,96.625,90.0,8.833,7.167,7.75,0.583,4.375,1.042,6.458,200.0,188.625,180.0,195.708
2015-08-30,190.565,1.391,99.0,97.542,93.0,12.13,10.13,10.652,0.522,4.75,1.0,10.083,201.0,195.5,191.0,202.696
2015-08-31,192.375,2.0,99.0,96.875,91.0,15.458,18.625,20.583,1.958,8.875,1.0,17.542,216.0,204.708,193.0,207.833
2015-09-01,192.25,3.0,99.0,97.667,87.0,16.417,17.542,22.0,4.458,14.083,1.125,29.5,243.0,220.333,206.0,208.667
2015-09-02,185.208,1.208,99.0,86.792,69.0,11.583,11.167,12.5,1.333,8.5,1.0,15.333,297.0,252.833,224.0,196.792
2015-09-03,190.087,1.348,97.0,81.25,70.0,13.217,12.696,13.261,0.565,10.13,1.087,15.696,263.0,235.417,215.0,203.304
2015-09-04,188.292,1.375,99.0,82.125,63.0,13.375,10.875,12.083,1.208,12.25,1.083,17.917,281.0,242.292,208.0,201.667
2015-09-05,194.565,2.522,83.0,73.708,61.0,12.174,13.565,14.304,0.739,15.708,1.783,19.458,271.0,239.958,215.0,206.739
2015-09-06,194.417,1.875,99.0,88.292,76.0,10.625,8.667,8.792,0.125,16.542,1.208,23.375,247.0,224.25,211.0,205.042
2015-09-07,193.708,1.875,99.0,98.917,98.0,11.292,12.333,13.583,1.25,5.75,0.958,13.708,218.0,209.958,198.0,205.0
2015-09-08,190.667,1.0,99.0,99.0,99.0,8.708,10.167,10.542,0.375,1.625,0.917,4.667,191.0,186.625,180.0,199.375
2015-09-09,187.958,1.167,99.0,98.542,95.0,9.042,10.708,11.833,1.125,2.792,0.792,8.875,233.0,209.25,178.0,197.0
2015-09-10,191.261,1.739,99.0,98.375,96.0,14.304,19.478,24.043,4.565,4.625,1.0,11.478,218.0,209.0,198.0,205.565
2015-09-11,188.87,1.522,99.0,81.542,52.0,12.261,12.478,14.739,2.261,5.625,1.174,8.667,278.0,224.917,183.0,201.13
2015-09-12,188.792,1.583,95.0,78.875,60.0,11.708,10.542,12.125,1.583,11.875,1.083,14.583,273.0,232.917,202.0,200.5
2015-09-13,188.792,1.625,91.0,80.042,70.0,11.292,8.167,8.375,0.208,15.25,1.125,18.458,247.0,229.167,212.0,200.083
2015-09-14,189.458,1.125,80.0,66.083,54.0,11.375,8.583,8.833,0.25,6.208,1.083,7.75,242.0,218.667,190.0,200.833
2015-09-15,191.955,1.435,88.0,71.917,58.0,11.955,14.609,15.522,0.913,10.783,1.522,11.435,240.0,209.375,174.0,203.909
2015-09-16,192.958,1.917,97.0,79.792,63.0,12.708,16.75,17.5,0.75,11.708,1.208,15.0,222.0,198.75,170.0,205.667
2015-09-17,190.87,1.609,99.0,98.667,97.0,10.87,11.913,12.435,0.522,4.083,1.0,7.75,175.0,167.792,156.0,201.739
2015-09-18,192.958,2.167,99.0,95.75,89.0,16.458,21.5,24.083,2.583,6.792,1.0,14.0,214.0,193.292,174.0,209.417
2015-09-19,191.833,1.917,98.0,75.667,55.0,14.583,11.708,14.0,2.292,11.75,1.125,17.917,270.0,227.75,184.0,206.417
2015-09-20,189.875,1.417,88.0,64.333,48.0,10.75,7.417,7.792,0.375,6.875,1.042,7.875,257.0,221.167,184.0,200.625
2015-09-21,191.583,2.0,86.0,73.375,53.0,13.708,11.667,12.042,0.375,11.833,1.542,14.292,248.0,215.75,185.0,205.292
2015-09-22,192.833,2.083,93.0,69.5,47.0,14.333,12.667,13.292,0.625,14.417,1.833,18.708,257.0,218.458,190.0,207.167
2015-09-23,192.609,2.522,81.0,64.667,41.0,8.826,12.13,12.609,0.478,14.5,1.696,15.458,249.0,211.208,176.0,201.435
2015-09-24,194.565,2.348,97.0,85.208,73.0,10.565,15.913,16.87,0.957,21.792,1.261,28.667,208.0,186.125,171.0,205.13
2015-09-25,190.458,1.208,99.0,98.5,95.0,6.542,10.917,11.292,0.375,6.333,1.0,11.042,175.0,165.625,157.0,197.0
2015-09-26,191.5,2.0,99.0,90.875,79.0,10.958,17.375,18.333,0.958,6.5,1.5,12.375,227.0,197.458,165.0,202.458
2015-09-27,192.5,2.0,99.0,91.708,78.0,11.583,12.75,13.792,1.042,10.0,1.083,17.917,230.0,209.375,198.0,204.083
2015-09-28,191.667,2.083,96.0,78.875,57.0,9.833,12.458,15.042,2.583,14.125,1.583,18.792,261.0,221.0,191.0,201.5
2015-09-29,189.348,1.13,68.0,50.125,36.0,7.13,9.043,9.261,0.217,9.083,1.0,10.625,233.0,210.417,186.0,196.478
2015-09-30,189.5,1.417,80.0,51.333,33.0,5.875,10.208,10.542,0.333,6.75,1.375,7.25,231.0,191.75,159.0,195.375
2015-10-01,189.864,1.609,99.0,83.333,67.0,8.091,14.261,15.478,1.217,8.739,1.227,12.565,203.0,178.042,143.0,197.955
2015-10-02,190.25,1.833,99.0,79.292,52.0,7.25,12.25,13.208,0.958,6.875,1.208,12.042,246.0,217.583,184.0,197.5
2015-10-03,192.792,2.667,86.0,73.667,60.0,8.708,14.417,15.125,0.708,14.875,1.625,19.833,249.0,209.417,179.0,201.5
2015-10-04,191.958,2.167,89.0,68.667,45.0,6.292,7.875,8.0,0.125,14.542,1.75,18.333,240.0,199.333,161.0,198.25
2015-10-05,191.652,1.304,73.0,57.917,50.0,8.609,13.217,14.087,0.87,9.292,1.174,8.75,177.0,164.333,155.0,200.261
2015-10-06,192.125,1.292,82.0,64.833,46.0,8.333,11.125,11.792,0.667,10.042,1.042,12.042,198.0,165.333,132.0,200.458
2015-10-07,191.667,1.083,76.0,54.792,38.0,7.208,7.958,8.333,0.375,7.333,1.042,8.125,201.0,165.0,136.0,198.875
2015-10-08,191.909,1.348,73.0,39.208,26.0,8.136,7.435,7.696,0.261,8.833,1.913,7.87,234.0,187.708,134.0,200.045
2015-10-09,193.292,2.0,80.0,64.458,42.0,9.75,14.708,15.708,1.0,15.75,1.542,17.75,227.0,173.667,110.0,203.042
2015-10-10,194.458,2.542,88.0,77.292,62.0,13.458,18.958,20.417,1.458,21.625,1.208,27.208,186.0,166.167,129.0,207.917
2015-10-11,190.391,2.609,99.0,90.25,74.0,13.609,12.696,13.826,1.13,23.583,1.0,33.167,194.0,171.708,151.0,204.0
2015-10-12,191.292,2.5,95.0,74.875,48.0,12.458,11.75,12.458,0.708,20.292,1.125,27.708,221.0,176.25,139.0,203.75
2015-10-13,190.792,2.042,86.0,60.625,44.0,9.958,14.042,15.333,1.292,12.292,1.833,15.292,222.0,177.75,128.0,200.75
2015-10-14,190.167,1.917,82.0,60.792,43.0,12.25,19.0,20.625,1.625,10.0,1.542,12.125,209.0,167.583,130.0,202.417
2015-10-15,190.304,2.435,86.0,65.667,44.0,13.826,20.304,21.87,1.565,14.826,1.261,17.609,206.0,166.417,117.0,204.13
2015-10-16,188.833,1.75,99.0,97.208,89.0,9.583,14.333,15.167,0.833,10.208,1.0,18.292,160.0,145.5,140.0,198.417
2015-10-17,190.174,1.826,99.0,94.583,85.0,12.174,14.652,15.913,1.261,9.292,1.0,16.5,186.0,163.667,146.0,202.348
2015-10-18,190.833,1.833,96.0,83.708,61.0,13.0,10.25,10.833,0.583,12.917,1.0,19.458,216.0,178.667,154.0,203.833
2015-10-19,192.833,2.208,93.0,71.833,40.0,14.0,17.0,19.042,2.042,18.875,1.333,22.917,222.0,174.208,136.0,206.833
2015-10-20,193.333,2.875,91.0,78.542,56.0,17.083,19.625,22.125,2.5,25.958,1.375,31.583,218.0,174.0,145.0,210.417
2015-10-21,193.0,2.375,90.0,76.375,57.0,14.917,19.542,20.958,1.417,20.292,1.042,25.75,177.0,157.458,135.0,207.917
2015-10-22,193.348,2.478,93.0,76.792,58.0,15.217,17.478,21.087,3.609,19.739,1.043,26.913,209.0,161.25,111.0,208.565
2015-10-23,192.783,2.174,81.0,74.083,66.0,10.391,17.913,18.826,0.913,14.542,1.0,19.958,183.0,165.167,146.0,203.174
2015-10-24,195.125,2.917,91.0,76.917,61.0,13.792,16.458,17.542,1.083,27.333,1.0,36.25,221.0,175.708,132.0,208.917
2015-10-25,191.0,1.25,54.0,38.75,26.0,9.375,5.667,5.75,0.083,9.083,1.125,10.0,179.0,145.083,99.0,200.375
2015-10-26,191.417,2.167,78.0,58.167,37.0,8.583,16.875,18.542,1.667,10.25,1.333,11.0,182.0,126.625,66.0,200.0
2015-10-27,191.042,1.958,88.0,72.75,49.0,9.542,15.458,18.417,2.958,13.833,1.083,18.125,228.0,167.042,98.0,200.583
2015-10-28,190.958,1.833,93.0,68.0,45.0,7.333,11.875,13.5,1.625,10.708,1.125,15.542,240.0,192.958,149.0,198.292
2015-10-29,191.955,2.455,93.0,77.625,64.0,14.091,20.273,24.0,3.727,11.5,1.636,15.13,177.0,157.708,144.0,206.045
2015-10-30,192.958,2.625,92.0,69.083,48.0,15.333,17.583,23.042,5.458,16.375,1.208,19.0,189.0,156.125,127.0,208.292
2015-10-31,191.958,1.792,79.0,62.833,50.0,8.833,13.125,14.167,1.042,10.167,1.0,10.375,144.0,130.5,108.0,200.792
2015-11-01,194.5,2.375,87.0,67.917,43.0,12.958,14.75,15.917,1.167,14.125,1.042,15.458,149.0,113.167,76.0,207.458
2015-11-02,193.875,2.833,99.0,89.333,68.0,13.583,22.875,26.167,3.292,14.708,1.0,18.708,137.0,117.792,90.0,207.458
2015-11-03,190.375,1.708,99.0,70.292,43.0,10.375,12.833,14.792,1.958,7.083,1.208,9.083,196.0,146.0,102.0,200.75
2015-11-04,191.652,2.826,92.0,73.875,50.0,11.739,20.13,25.609,5.478,7.0,1.231,6.0,177.0,124.292,78.0,203.391
2015-11-05,191.955,2.565,92.0,77.458,59.0,14.636,21.783,30.304,8.522,10.261,1.174,11.0,194.0,135.042,80.0,206.591
2015-11-06,191.25,3.042,95.0,74.208,44.0,19.75,27.333,35.292,7.958,15.0,1.208,16.5,198.0,143.625,98.0,211.0
2015-11-07,190.292,2.5,90.0,79.667,65.0,14.542,18.958,21.875,2.917,21.0,1.375,25.25,185.0,148.75,111.0,204.833
2015-11-08,190.75,2.5,99.0,95.333,88.0,11.875,13.208,13.917,0.708,21.583,1.0,30.375,149.0,138.708,132.0,202.625
2015-11-09,194.625,3.625,99.0,94.958,87.0,21.125,24.667,41.375,16.708,23.917,1.083,38.708,192.0,159.875,135.0,215.75
2015-11-10,193.913,2.435,99.0,96.917,93.0,21.13,19.261,24.913,5.652,7.375,1.0,13.75,167.0,154.5,136.0,215.043
2015-11-11,193.125,1.625,98.0,65.833,49.0,16.417,14.833,15.792,0.958,4.083,1.333,4.375,153.0,136.0,118.0,209.542
2015-11-12,191.727,1.435,69.0,65.042,60.0,15.773,14.696,15.783,1.087,7.167,1.0,5.783,139.0,122.417,111.0,207.5
2015-11-13,191.75,1.583,92.0,72.0,60.0,17.125,16.75,19.625,2.875,12.0,1.167,10.75,139.0,115.458,89.0,208.875
2015-11-14,191.292,1.542,99.0,93.333,84.0,15.25,15.0,16.667,1.667,10.208,1.0,13.583,131.0,120.792,112.0,206.542
2015-11-15,192.792,2.167,99.0,93.792,78.0,19.125,12.083,14.958,2.875,3.083,1.0,6.458,198.0,156.792,132.0,211.917
2015-11-16,189.565,1.913,97.0,78.917,59.0,10.957,12.222,23.778,11.556,5.333,1.087,5.958,203.0,159.875,113.0,200.522
2015-11-17,193.417,2.792,99.0,88.25,66.0,19.542,,,,16.375,1.0,25.167,210.0,170.917,147.0,212.958
2015-11-18,193.304,2.522,99.0,95.875,80.0,16.565,17.444,18.556,1.111,17.696,1.0,27.739,180.0,154.667,134.0,209.87
2015-11-19,191.458,1.25,98.0,77.875,63.0,9.208,10.583,11.667,1.083,3.667,1.042,1.875,156.0,134.667,109.0,200.667
2015-11-20,193.667,2.167,89.0,80.625,72.0,17.167,24.833,30.417,5.583,12.083,1.167,12.25,136.0,125.833,113.0,210.833
2015-11-21,193.458,2.208,96.0,67.542,46.0,13.125,12.375,17.958,5.583,8.667,1.0,6.583,183.0,138.417,88.0,206.583
2015-11-22,195.739,2.478,85.0,71.583,64.0,5.13,11.739,12.739,1.0,16.583,1.13,13.667,132.0,119.75,103.0,200.87
2015-11-23,194.875,2.125,98.0,84.458,67.0,3.833,11.75,12.75,1.0,16.458,1.167,17.875,129.0,115.542,105.0,198.708
2015-11-24,196.583,2.25,99.0,78.25,46.0,5.667,13.083,18.875,5.792,9.917,1.0,12.292,172.0,128.208,106.0,202.25
2015-11-25,194.667,1.583,94.0,76.833,53.0,2.75,13.625,14.708,1.083,5.75,1.0,3.292,101.0,76.375,54.0,197.417
2015-11-26,194.652,2.0,95.0,89.708,80.0,7.304,14.0,15.783,1.783,8.583,1.0,9.565,105.0,82.917,54.0,201.957
2015-11-27,195.833,2.625,95.0,58.25,21.0,17.333,17.625,24.5,6.875,5.708,1.0,5.125,128.0,82.5,38.0,213.167
2015-11-28,195.043,2.783,78.0,59.792,35.0,15.826,22.609,29.043,6.435,8.0,1.435,7.708,138.0,78.0,23.0,210.87
2015-11-29,194.125,2.625,83.0,64.375,41.0,15.458,16.542,19.917,3.375,8.75,1.0,7.375,123.0,81.958,32.0,209.583
2015-11-30,193.958,2.5,89.0,70.833,59.0,13.292,21.042,26.292,5.25,12.25,1.417,11.208,131.0,89.25,60.0,207.25
2015-12-01,194.208,2.458,90.0,63.208,44.0,13.333,17.292,24.958,7.667,8.792,1.0,8.375,141.0,93.583,39.0,207.542
2015-12-02,194.167,2.458,80.0,68.042,55.0,14.292,23.208,28.708,5.5,14.125,1.625,13.0,101.0,89.792,69.0,208.458
2015-12-03,201.417,3.833,94.0,84.167,65.0,22.75,29.375,46.417,17.042,19.292,1.208,20.667,123.0,98.583,77.0,224.167
2015-12-04,193.619,2.045,51.0,40.792,31.0,7.476,9.545,10.636,1.091,8.4,1.045,4.435,124.0,96.042,73.0,201.095
2015-12-05,194.917,3.208,78.0,56.458,32.0,19.708,21.792,29.917,8.125,,1.042,5.625,148.0,80.917,20.0,214.625
2015-12-06,193.083,2.125,76.0,54.25,41.0,16.5,15.333,17.917,2.583,,1.0,5.167,115.0,85.0,45.0,209.583
2015-12-07,194.333,2.667,71.0,58.042,44.0,17.375,23.417,29.417,6.0,14.0,1.5,11.667,106.0,72.75,45.0,211.708
2015-12-08,194.5,3.083,82.0,68.25,47.0,19.625,26.5,36.583,10.083,15.375,1.542,14.917,95.0,60.042,33.0,214.125
2015-12-09,200.273,4.478,88.0,71.25,51.0,24.318,33.182,51.773,18.591,19.174,2.522,17.783,110.0,59.792,15.0,224.591
2015-12-10,204.708,5.25,91.0,75.667,58.0,33.167,37.75,68.792,31.042,39.042,1.478,37.25,109.0,71.875,26.0,237.875
2015-12-11,193.87,2.261,99.0,73.833,42.0,13.348,16.609,24.087,7.478,12.455,1.083,16.818,225.0,135.708,62.0,207.217
2015-12-12,194.458,2.458,67.0,53.667,43.0,9.708,10.5,11.042,0.542,6.583,1.167,6.292,144.0,119.667,98.0,204.167
2015-12-13,194.833,3.167,97.0,79.792,64.0,12.292,14.0,15.083,1.083,15.083,1.125,16.083,107.0,96.333,87.0,207.125
2015-12-14,194.5,2.5,97.0,80.542,69.0,12.333,17.25,19.458,2.208,12.625,1.0,15.25,116.0,105.833,93.0,206.833
2015-12-15,196.833,3.75,89.0,75.875,64.0,19.458,25.625,39.25,13.625,16.667,1.042,18.833,130.0,103.542,79.0,216.292
2015-12-16,199.875,3.917,93.0,77.167,52.0,21.25,24.0,41.208,17.208,21.917,1.348,25.773,155.0,114.333,68.0,221.125
2015-12-17,194.286,2.182,65.0,53.625,40.0,9.714,13.81,15.81,2.0,2.292,1.043,3.435,111.0,85.583,51.0,204.0
2015-12-18,196.091,,70.0,46.5,24.0,22.636,17.458,23.625,6.167,4.875,1.083,3.167,107.0,63.583,24.0,218.727
2015-12-19,193.5,,80.0,52.875,35.0,16.333,14.333,19.292,4.958,6.083,1.208,4.792,99.0,54.125,11.0,209.833
2015-12-20,194.917,,78.0,60.0,39.0,18.958,19.125,21.583,2.458,11.125,1.208,11.375,102.0,48.583,-9.0,213.875
2015-12-21,199.5,4.8,79.0,62.667,48.0,33.458,33.417,53.583,20.167,26.417,1.667,27.917,128.0,78.0,42.0,232.958
2015-12-22,193.375,2.292,82.0,55.417,39.0,19.25,18.375,26.042,7.667,8.333,,7.083,129.0,84.083,38.0,212.625
2015-12-23,194.913,2.833,91.0,71.167,55.0,18.478,24.957,28.348,3.391,24.958,1.286,24.542,67.0,55.375,46.0,213.391
2015-12-24,195.696,2.174,95.0,82.375,62.0,14.391,19.087,23.304,4.217,16.391,1.13,16.957,147.0,92.958,48.0,210.087
2015-12-25,197.375,2.458,91.0,65.708,41.0,13.708,16.208,20.292,4.083,12.875,1.375,14.458,129.0,94.167,53.0,211.083
2015-12-26,197.792,2.375,65.0,53.0,43.0,12.167,14.833,17.083,2.25,5.125,1.042,4.625,121.0,71.292,38.0,209.958
2015-12-27,197.792,1.917,72.0,49.042,33.0,11.667,10.375,12.25,1.875,5.458,1.0,5.208,90.0,54.292,15.0,209.458
2015-12-28,199.208,2.875,77.0,57.042,36.0,16.417,23.292,31.042,7.75,8.667,1.478,7.5,90.0,36.083,-16.0,215.625
2015-12-29,194.826,1.957,80.0,50.542,30.0,17.522,15.522,18.348,2.826,6.0,1.542,5.792,95.0,46.25,6.0,212.348
2015-12-30,195.792,2.292,68.0,49.875,34.0,20.083,18.208,21.042,2.833,7.667,1.0,7.208,98.0,59.042,21.0,215.875
2015-12-31,195.542,2.292,77.0,61.083,53.0,18.667,14.042,15.5,1.458,11.652,1.292,13.208,82.0,51.958,29.0,214.208
2016-01-01,193.625,2.083,80.0,59.583,35.0,11.333,13.167,15.042,1.875,8.417,0.458,10.417,128.0,64.125,11.0,204.958
2016-01-02,195.0,2.333,82.0,67.125,47.0,12.167,15.0,17.0,2.0,9.083,0.458,10.792,119.0,64.542,24.0,207.167
2016-01-03,196.565,2.261,85.0,56.5,29.0,7.13,8.696,9.304,0.609,9.5,0.957,11.792,132.0,68.458,17.0,203.696
2016-01-04,197.542,2.792,74.0,55.792,38.0,8.375,11.125,12.625,1.5,12.083,0.625,14.583,131.0,71.375,32.0,205.917
2016-01-05,192.696,1.435,55.0,39.25,29.0,4.261,5.696,6.13,0.435,6.792,1.391,8.833,93.0,57.25,24.0,196.957
2016-01-06,194.917,1.958,66.0,46.583,35.0,8.542,16.583,19.25,2.667,6.75,0.708,8.042,80.0,36.417,2.0,203.458
2016-01-07,198.583,3.292,78.0,60.417,41.0,16.625,26.958,38.0,11.042,15.042,0.958,15.583,74.0,24.375,-21.0,215.208
2016-01-08,195.875,2.667,94.0,76.708,49.0,12.333,15.792,19.958,4.167,12.667,0.375,13.333,65.0,29.5,-7.0,208.208
2016-01-09,192.783,1.957,93.0,79.917,57.0,10.261,12.826,16.522,3.696,3.917,0.174,5.125,114.0,75.333,45.0,203.043
2016-01-10,195.625,2.625,93.0,69.917,47.0,12.5,21.542,28.417,6.875,6.958,0.958,8.75,118.0,65.667,26.0,208.125
2016-01-11,196.708,2.625,79.0,57.458,36.0,13.5,23.75,30.125,6.375,7.5,1.083,9.125,93.0,48.208,15.0,210.208
2016-01-12,197.409,2.652,81.0,52.042,30.0,14.0,23.273,29.955,6.682,7.087,0.773,7.957,111.0,47.5,-10.0,211.409
2016-01-13,194.625,2.458,62.0,47.625,30.0,8.75,15.125,18.417,3.292,7.542,0.667,8.917,122.0,57.875,11.0,203.375
2016-01-14,195.5,1.917,75.0,53.917,34.0,8.625,13.625,16.125,2.5,4.917,0.917,6.083,45.0,11.792,-17.0,204.125
2016-01-15,197.609,1.652,67.0,43.0,30.0,9.957,10.043,12.435,2.391,4.375,0.87,5.417,35.0,-2.167,-27.0,207.565
2016-01-16,195.208,1.625,59.0,40.458,17.0,9.667,12.833,16.792,3.958,3.0,1.042,4.375,72.0,20.75,-41.0,204.875
2016-01-17,193.75,1.75,69.0,51.875,33.0,11.0,16.958,21.0,4.042,3.583,2.458,5.583,92.0,44.0,-5.0,204.75
2016-01-18,196.042,2.583,79.0,61.333,39.0,17.25,27.0,38.292,11.292,10.208,1.208,10.25,84.0,35.5,-16.0,213.292
2016-01-19,196.261,2.913,76.0,53.625,37.0,15.957,19.217,29.565,10.348,12.958,0.87,14.0,98.0,48.792,13.0,212.217
2016-01-20,196.083,2.958,73.0,59.167,50.0,12.542,23.0,24.833,1.833,24.542,1.042,26.667,30.0,20.75,11.0,208.625
2016-01-21,193.087,1.652,81.0,50.958,31.0,6.696,10.13,11.0,0.87,12.583,2.348,14.792,98.0,50.042,5.0,199.783
2016-01-22,196.792,2.833,66.0,49.375,34.0,11.208,17.792,19.125,1.333,18.208,1.167,20.0,106.0,49.083,2.0,208.0
2016-01-23,193.708,2.167,54.0,33.208,20.0,5.667,10.208,11.208,1.0,5.917,1.542,7.5,57.0,29.0,-9.0,199.375
2016-01-24,193.125,2.083,53.0,36.833,17.0,8.375,16.625,21.25,4.625,4.792,0.25,6.5,60.0,9.208,-38.0,201.5
2016-01-25,191.625,1.958,55.0,37.292,15.0,7.708,16.208,20.917,4.708,5.292,0.875,6.667,81.0,21.333,-41.0,199.333
2016-01-26,194.696,2.957,71.0,49.75,24.0,14.261,31.81,40.571,8.762,11.783,1.304,12.391,95.0,31.0,-34.0,208.957
2016-01-27,197.0,2.87,73.0,55.167,34.0,17.913,26.609,41.826,15.217,13.875,0.565,15.292,157.0,63.833,-9.0,214.913
2016-01-28,197.792,3.083,78.0,55.375,36.0,16.25,24.458,31.083,6.625,13.458,1.0,15.292,120.0,66.292,5.0,214.042
2016-01-29,197.167,2.417,78.0,61.542,51.0,14.0,19.0,20.708,1.708,15.875,1.125,18.208,106.0,70.792,44.0,211.167
2016-01-30,199.125,2.417,86.0,61.667,39.0,13.458,17.333,21.833,4.5,12.292,0.708,15.042,167.0,93.917,50.0,212.583
2016-01-31,194.083,1.125,47.0,36.583,23.0,5.833,7.125,7.833,0.708,5.125,1.167,6.708,81.0,49.208,17.0,199.917
2016-02-01,196.333,2.042,55.0,45.292,36.0,11.0,17.792,20.875,3.083,10.208,0.625,11.375,87.0,44.083,6.0,207.333
2016-02-02,194.682,1.227,44.0,30.708,19.0,7.682,10.136,11.0,0.864,4.261,0.5,5.435,87.0,40.917,12.0,202.364
2016-02-03,194.167,1.583,57.0,38.25,19.0,10.042,15.708,18.458,2.75,5.583,0.75,8.25,126.0,54.5,-5.0,204.208
2016-02-04,193.625,2.042,71.0,47.667,28.0,11.333,18.875,20.333,1.458,10.333,1.458,12.042,128.0,63.0,4.0,204.958
2016-02-05,195.458,2.375,80.0,61.25,40.0,13.25,17.708,19.417,1.708,18.833,1.167,19.083,95.0,59.917,11.0,208.708
2016-02-06,197.5,2.708,79.0,46.083,24.0,10.167,13.875,17.083,3.208,15.833,1.333,17.542,126.0,77.458,29.0,207.667
2016-02-07,193.625,1.375,39.0,26.292,13.0,5.708,5.542,6.208,0.667,4.625,0.625,6.583,93.0,51.958,23.0,199.333
2016-02-08,193.364,1.091,38.0,31.167,25.0,7.773,10.955,12.182,1.227,5.333,1.364,7.174,92.0,52.625,15.0,201.136
2016-02-09,194.75,1.333,95.0,76.542,39.0,9.458,14.792,16.042,1.25,15.292,0.708,11.958,45.0,19.708,4.0,204.208
2016-02-10,195.958,1.292,94.0,61.333,29.0,9.083,12.458,15.125,2.667,10.042,0.958,9.875,75.0,31.083,2.0,205.042
2016-02-11,194.875,1.208,83.0,42.25,21.0,7.708,8.667,9.583,0.917,5.083,0.333,6.0,88.0,29.167,-26.0,202.583
2016-02-12,194.917,1.333,56.0,38.125,19.0,8.333,7.625,8.75,1.125,4.667,1.875,5.125,94.0,36.333,-25.0,203.25
2016-02-13,193.583,1.375,53.0,37.375,24.0,8.333,11.25,14.0,2.75,5.0,1.75,6.167,96.0,45.292,-19.0,201.917
2016-02-14,194.304,1.609,61.0,41.375,22.0,6.348,13.217,15.043,1.826,6.75,1.87,7.75,94.0,45.25,2.0,200.652
2016-02-15,194.5,1.5,66.0,42.0,22.0,6.917,15.083,17.208,2.125,7.125,1.167,9.083,110.0,48.875,-13.0,201.417
2016-02-16,199.364,2.87,79.0,61.25,38.0,15.045,27.609,36.217,8.609,14.455,0.913,16.261,123.0,58.75,-11.0,214.409
2016-02-17,195.417,1.833,75.0,59.0,44.0,9.125,13.875,17.5,3.625,10.333,0.292,13.625,207.0,115.917,27.0,204.542
2016-02-18,196.042,1.417,60.0,45.417,36.0,5.292,8.667,9.083,0.417,7.75,0.458,10.333,84.0,67.917,48.0,201.333
2016-02-19,195.875,1.5,77.0,45.667,17.0,5.375,8.167,8.625,0.458,6.458,1.625,7.875,110.0,55.292,14.0,201.25
2016-02-20,196.652,2.043,96.0,66.0,43.0,10.87,17.957,22.739,4.783,13.458,0.522,14.833,190.0,79.792,9.0,207.522
2016-02-21,193.042,1.083,47.0,31.833,15.0,4.792,5.917,6.583,0.667,4.167,1.25,6.625,81.0,54.583,21.0,197.833
2016-02-22,192.652,1.696,67.0,51.292,35.0,8.609,17.435,19.913,2.478,9.958,1.0,11.739,90.0,54.292,-9.0,201.261
2016-02-23,193.75,1.458,83.0,62.708,46.0,8.958,14.625,18.292,3.667,12.208,0.667,12.708,159.0,103.875,60.0,202.708
2016-02-24,193.333,1.417,46.0,35.0,24.0,5.167,6.5,7.167,0.667,6.167,0.792,9.0,93.0,65.0,44.0,198.5
2016-02-25,193.958,1.833,74.0,50.792,36.0,8.167,12.542,13.958,1.417,10.708,1.0,11.708,118.0,67.125,24.0,202.125
2016-02-26,196.217,2.174,79.0,53.125,32.0,9.348,12.174,12.957,0.783,12.708,1.261,14.25,116.0,73.417,14.0,205.565
2016-02-27,194.625,1.417,65.0,55.25,41.0,6.417,9.25,10.167,0.917,7.958,0.375,10.292,87.0,56.833,36.0,201.042
2016-02-28,194.25,1.5,71.0,56.75,43.0,7.292,12.917,13.917,1.0,11.042,1.0,13.375,89.0,50.833,27.0,201.542
2016-02-29,,,,,,,,,,,,,,,,
2016-03-01,195.875,2.083,94.0,70.25,52.0,9.25,15.417,16.792,1.375,19.625,0.792,19.0,99.0,58.083,31.0,205.125
2016-03-02,197.261,3.043,96.0,91.208,76.0,13.565,23.217,25.0,1.783,40.909,0.87,33.217,74.0,59.042,42.0,210.826
2016-03-03,193.625,1.667,97.0,59.208,29.0,7.917,12.5,15.583,3.083,6.458,0.5,8.458,146.0,71.708,23.0,201.542
2016-03-04,195.174,1.696,76.0,57.0,43.0,9.565,14.478,16.783,2.304,11.25,0.913,13.333,124.0,75.75,20.0,204.739
2016-03-05,197.5,2.5,86.0,66.708,44.0,11.583,15.75,17.458,1.708,20.417,1.208,22.167,144.0,87.5,20.0,209.083
2016-03-06,200.083,3.083,95.0,83.708,68.0,14.0,26.667,30.958,4.292,33.708,0.833,31.708,105.0,83.0,56.0,214.083
2016-03-07,197.25,1.792,71.0,53.0,40.0,7.625,13.667,14.708,1.042,7.542,0.625,8.167,96.0,54.583,23.0,204.875
2016-03-08,199.292,2.417,72.0,51.167,25.0,10.042,19.458,22.208,2.75,8.75,0.958,9.875,87.0,43.458,-12.0,209.333
2016-03-09,197.87,2.13,71.0,48.375,28.0,10.609,19.174,21.913,2.739,9.5,0.609,11.304,118.0,61.167,-7.0,208.478
2016-03-10,194.957,2.043,71.0,46.167,26.0,9.304,14.652,17.522,2.87,10.25,0.609,13.042,119.0,65.083,5.0,204.261
2016-03-11,193.458,1.5,59.0,44.958,24.0,6.958,8.417,8.708,0.292,10.083,1.5,12.458,110.0,69.792,36.0,200.417
2016-03-12,194.708,2.375,68.0,53.75,39.0,8.708,10.917,11.792,0.875,13.292,1.542,15.833,111.0,66.958,17.0,203.417
2016-03-13,194.292,1.792,79.0,68.167,59.0,9.708,16.0,17.167,1.167,20.708,1.125,20.042,104.0,73.458,50.0,204.0
2016-03-14,194.042,1.625,96.0,84.208,67.0,8.292,11.75,12.75,1.0,17.708,0.208,14.5,101.0,71.958,54.0,202.333
2016-03-15,194.333,1.625,88.0,73.375,61.0,8.208,13.333,14.083,0.75,7.667,0.25,8.292,65.0,50.125,33.0,202.542
2016-03-16,194.045,1.682,89.0,58.792,33.0,10.864,14.773,19.227,4.455,8.783,1.227,10.304,122.0,70.25,6.0,204.909
2016-03-17,191.0,1.125,62.0,41.333,31.0,7.042,10.583,12.292,1.708,8.917,1.042,11.292,125.0,78.917,27.0,198.042
2016-03-18,192.125,1.542,77.0,52.167,28.0,9.625,13.958,15.333,1.375,13.792,0.958,15.833,144.0,86.0,24.0,201.75
2016-03-19,194.292,2.417,75.0,47.667,24.0,9.292,9.792,10.208,0.417,32.292,1.875,34.792,166.0,105.333,32.0,203.583
2016-03-20,192.167,2.083,61.0,41.583,17.0,7.542,8.625,8.75,0.125,31.25,2.25,34.625,170.0,116.667,66.0,199.708
2016-03-21,191.917,1.333,97.0,90.0,58.0,8.25,12.667,13.417,0.75,12.375,0.292,15.042,116.0,84.125,66.0,200.167
2016-03-22,191.739,1.217,91.0,43.625,31.0,5.826,6.87,7.304,0.435,12.208,1.261,13.875,132.0,88.5,54.0,197.565
2016-03-23,192.727,1.826,71.0,50.833,32.0,10.091,17.391,19.217,1.826,15.5,0.87,17.652,134.0,82.792,35.0,202.818
2016-03-24,190.792,1.208,61.0,42.167,24.0,6.625,8.792,9.667,0.875,10.042,1.083,12.167,111.0,72.208,44.0,197.417
2016-03-25,191.333,1.583,57.0,45.625,33.0,7.458,10.792,11.583,0.792,12.958,1.292,15.0,108.0,68.458,17.0,198.792
2016-03-26,189.5,1.25,94.0,87.625,50.0,6.667,6.875,7.25,0.375,8.333,0.167,8.792,72.0,45.375,26.0,196.167
2016-03-27,191.125,1.458,93.0,83.25,56.0,7.958,11.542,12.667,1.125,4.208,0.083,5.042,98.0,50.375,24.0,199.083
2016-03-28,193.435,1.696,90.0,62.042,33.0,5.565,15.304,16.652,1.348,13.208,0.87,13.958,123.0,71.292,23.0,199.0
2016-03-29,193.958,2.125,87.0,67.5,43.0,6.542,15.875,17.208,1.333,22.708,1.0,22.0,125.0,77.542,33.0,200.5
2016-03-30,195.087,2.435,79.0,63.375,42.0,8.783,17.783,19.043,1.261,27.043,1.348,28.087,165.0,109.5,48.0,203.87
2016-03-31,192.833,1.75,93.0,65.75,44.0,5.292,12.875,13.417,0.542,19.792,0.542,20.667,108.0,77.583,38.0,198.125
2016-04-01,193.833,2.042,82.0,63.292,46.0,8.417,13.292,14.167,0.875,19.708,1.583,25.542,170.0,117.042,75.0,202.25
2016-04-02,193.542,2.167,83.0,68.167,60.0,8.0,12.583,13.167,0.583,21.75,1.0,25.125,115.0,96.375,77.0,201.542
2016-04-03,193.652,1.913,97.0,86.458,74.0,10.696,9.435,10.174,0.739,21.0,1.0,25.375,153.0,122.0,85.0,204.348
2016-04-04,193.542,1.583,99.0,88.5,75.0,10.875,12.833,14.5,1.667,9.75,1.0,15.25,192.0,142.75,92.0,204.417
2016-04-05,194.875,1.917,97.0,85.5,62.0,10.625,16.792,17.875,1.083,10.0,1.375,12.417,116.0,97.958,85.0,205.5
2016-04-06,195.0,2.458,96.0,67.292,32.0,12.5,14.583,20.0,5.417,12.917,1.375,15.5,183.0,131.625,63.0,207.5
2016-04-07,197.75,2.5,98.0,88.458,62.0,16.0,24.958,27.583,2.625,16.708,1.208,17.917,135.0,116.208,102.0,213.75
2016-04-08,193.174,1.696,97.0,72.625,45.0,14.217,14.217,15.739,1.522,6.217,1.0,10.304,203.0,154.042,113.0,207.391
2016-04-09,192.261,1.87,87.0,67.25,42.0,10.304,11.217,12.174,0.957,15.542,1.375,20.0,209.0,157.583,104.0,202.565
2016-04-10,193.958,2.542,87.0,62.875,28.0,11.0,12.083,12.375,0.292,18.917,1.708,25.458,221.0,161.417,109.0,204.958
2016-04-11,192.667,1.208,86.0,49.0,27.0,5.5,6.458,6.917,0.458,13.375,1.083,19.083,151.0,105.708,66.0,198.167
2016-04-12,192.25,1.792,67.0,47.792,29.0,6.125,9.375,10.042,0.667,16.667,1.292,18.917,136.0,94.208,45.0,198.375
2016-04-13,192.625,1.792,95.0,70.292,55.0,9.792,16.167,17.25,1.083,16.292,1.417,20.042,182.0,130.458,93.0,202.417
2016-04-14,194.13,2.087,98.0,89.625,76.0,10.957,16.435,17.304,0.87,11.875,1.0,15.913,179.0,144.875,119.0,205.087
2016-04-15,192.435,2.0,93.0,40.917,17.0,4.783,11.957,13.087,1.13,12.5,1.125,15.792,183.0,150.5,95.0,197.217
2016-04-16,193.417,2.25,73.0,55.542,40.0,7.583,16.042,17.958,1.917,12.5,1.458,15.708,200.0,139.708,71.0,201.0
2016-04-17,188.0,1.125,99.0,75.417,59.0,2.917,3.458,3.625,0.167,11.875,1.0,20.583,237.0,184.708,158.0,190.917
2016-04-18,190.792,1.833,84.0,66.833,42.0,4.583,10.542,10.958,0.417,17.417,1.167,26.375,231.0,177.792,141.0,195.375
2016-04-19,190.833,2.083,87.0,62.625,44.0,3.917,9.417,10.042,0.625,17.292,1.667,23.25,205.0,158.333,119.0,194.75
2016-04-20,191.0,1.792,74.0,57.708,45.0,3.542,10.0,10.5,0.5,12.333,1.174,16.292,175.0,139.625,95.0,194.542
2016-04-21,192.857,1.682,98.0,79.167,66.0,8.381,12.727,13.864,1.136,13.652,1.174,19.696,186.0,146.208,119.0,201.238
2016-04-22,194.667,1.875,98.0,78.875,60.0,8.583,11.792,12.625,0.833,14.875,1.667,19.208,218.0,163.167,121.0,203.25
2016-04-23,191.167,1.5,94.0,80.125,67.0,7.083,8.833,9.167,0.333,12.208,1.083,18.333,199.0,165.625,136.0,198.25
2016-04-24,195.167,2.25,97.0,80.333,52.0,8.417,9.458,9.5,0.042,22.5,1.0,34.417,169.0,145.25,117.0,203.583
2016-04-25,194.917,2.0,82.0,62.208,44.0,7.833,13.0,13.625,0.625,18.5,1.792,29.625,210.0,166.792,128.0,202.75
2016-04-26,192.583,1.5,89.0,70.083,47.0,8.0,11.5,12.458,0.958,15.208,1.348,23.5,230.0,175.667,126.0,200.583
2016-04-27,193.435,1.739,95.0,81.375,63.0,8.261,15.87,17.522,1.652,16.5,1.458,26.5,203.0,168.083,143.0,201.696
2016-04-28,194.227,1.609,99.0,97.833,96.0,5.909,13.043,13.826,0.783,6.435,1.087,11.174,148.0,136.875,131.0,200.136
2016-04-29,192.833,1.167,99.0,47.5,28.0,3.0,5.208,5.458,0.25,7.409,1.083,9.292,188.0,152.417,129.0,195.833
2016-04-30,191.875,1.417,78.0,51.583,34.0,4.583,8.25,8.625,0.375,12.25,1.042,16.083,194.0,146.042,82.0,196.458
2016-05-01,194.875,2.5,81.0,62.792,40.0,8.333,13.333,13.708,0.375,20.667,2.083,26.958,246.0,178.583,110.0,203.208
2016-05-02,194.167,2.5,88.0,76.75,64.0,8.042,11.417,11.75,0.333,28.957,1.739,37.792,206.0,171.375,135.0,202.208
2016-05-03,,1.565,93.0,80.833,64.0,,4.217,4.217,0.0,23.083,1.083,31.792,221.0,190.042,166.0,
2016-05-04,,0.875,99.0,59.042,29.0,,3.917,4.0,0.083,10.333,1.0,17.833,265.0,213.042,177.0,
2016-05-05,,1.083,64.0,39.625,25.0,,4.875,4.917,0.042,13.458,1.167,19.083,260.0,208.375,159.0,
2016-05-06,192.385,1.652,91.0,63.542,41.0,10.231,11.0,11.565,0.565,11.0,1.435,17.125,199.0,171.5,146.0,202.615
2016-05-07,190.708,1.083,72.0,59.292,42.0,8.083,5.333,5.375,0.042,9.917,1.042,14.083,249.0,208.125,166.0,198.792
2016-05-08,191.417,1.125,73.0,48.417,31.0,7.333,5.0,5.0,0.0,30.167,1.261,49.542,236.0,195.833,165.0,198.75
2016-05-09,189.957,1.13,99.0,84.625,64.0,5.826,10.652,11.087,0.435,17.958,1.0,36.417,192.0,168.208,146.0,195.783
2016-05-10,191.042,1.208,99.0,90.208,76.0,6.708,8.5,8.708,0.208,8.458,1.125,12.333,213.0,179.833,150.0,197.75
2016-05-11,191.042,1.417,99.0,87.875,70.0,6.333,9.958,10.958,1.0,5.708,1.0,10.625,237.0,193.125,151.0,197.375
2016-05-12,190.565,1.13,92.0,60.458,39.0,7.391,8.826,9.217,0.391,6.364,1.435,10.409,255.0,202.458,167.0,197.957
2016-05-13,189.958,1.083,94.0,71.458,38.0,9.375,9.917,10.333,0.417,10.792,2.0,15.667,245.0,191.625,140.0,199.333
2016-05-14,191.333,1.333,92.0,64.083,48.0,10.667,10.5,10.833,0.333,15.708,1.652,20.833,232.0,190.917,146.0,202.0
2016-05-15,192.348,1.217,80.0,67.583,52.0,8.696,7.522,7.652,0.13,16.083,1.667,21.333,225.0,167.542,130.0,201.043
2016-05-16,191.542,1.417,85.0,77.625,69.0,11.417,10.958,11.417,0.458,17.75,2.208,24.625,205.0,176.667,150.0,202.958
2016-05-17,191.875,1.75,99.0,94.083,75.0,10.583,13.083,14.417,1.333,8.708,1.0,13.875,190.0,170.167,153.0,202.458
2016-05-18,193.522,1.739,98.0,58.458,23.0,11.87,13.957,15.783,1.826,9.5,1.043,13.261,246.0,187.75,126.0,205.391
2016-05-19,191.583,1.333,73.0,54.625,39.0,11.0,10.875,11.333,0.458,11.792,1.083,15.833,238.0,183.042,132.0,202.583
2016-05-20,190.75,1.125,79.0,64.5,50.0,10.0,10.792,11.5,0.708,8.292,1.174,11.917,196.0,162.708,129.0,200.75
2016-05-21,190.826,1.391,85.0,63.875,34.0,10.87,10.087,10.652,0.565,8.292,1.25,12.125,242.0,184.0,119.0,201.696
2016-05-22,189.375,1.333,76.0,50.917,30.0,10.042,7.625,7.75,0.125,13.696,1.208,16.917,272.0,216.167,161.0,199.417
2016-05-23,191.333,2.125,76.0,51.667,28.0,13.708,13.875,14.417,0.542,25.625,1.292,30.792,293.0,225.417,150.0,205.042
2016-05-24,190.208,2.0,77.0,60.625,40.0,13.083,13.417,14.0,0.583,29.5,2.0,36.792,273.0,223.208,179.0,203.292
2016-05-25,187.625,1.458,82.0,74.792,64.0,9.167,7.917,8.167,0.25,23.875,1.0,34.042,230.0,210.875,198.0,196.792
2016-05-26,187.043,1.087,89.0,76.583,69.0,10.652,7.957,8.609,0.652,19.778,1.0,30.889,257.0,222.208,178.0,197.696
2016-05-27,190.261,1.478,99.0,87.458,75.0,11.522,12.435,13.478,1.043,17.9,1.0,21.5,212.0,190.833,159.0,201.783
2016-05-28,194.667,2.542,95.0,82.125,64.0,15.458,14.75,16.083,1.333,22.875,1.0,27.833,221.0,183.292,154.0,210.125
2016-05-29,193.417,2.167,94.0,76.875,52.0,12.833,8.708,9.0,0.292,24.458,1.417,31.667,260.0,205.292,152.0,206.25
2016-05-30,189.25,1.0,99.0,94.125,84.0,9.542,7.792,7.875,0.083,7.375,1.0,11.167,196.0,157.375,138.0,198.792
2016-05-31,190.5,1.208,99.0,86.542,69.0,10.875,9.75,10.042,0.292,8.833,1.042,14.292,230.0,188.0,148.0,201.375
2016-06-01,192.667,1.458,96.0,59.708,44.0,10.5,8.667,8.833,0.167,11.5,1.043,16.375,236.0,197.25,165.0,203.167
2016-06-02,189.826,1.0,58.0,38.708,27.0,6.739,4.0,4.0,0.0,6.042,1.0,8.458,236.0,193.375,157.0,196.565
2016-06-03,189.957,1.043,76.0,59.458,43.0,9.87,9.136,10.0,0.864,8.087,1.136,11.87,216.0,180.875,123.0,199.826
2016-06-04,189.875,1.208,88.0,68.125,53.0,10.792,8.917,9.167,0.25,11.125,1.042,15.75,248.0,205.583,153.0,200.667
2016-06-05,188.958,1.25,98.0,85.083,65.0,10.375,6.792,6.792,0.0,8.167,1.0,12.208,207.0,183.208,161.0,199.333
2016-06-06,192.083,1.375,94.0,80.792,67.0,11.375,11.125,11.375,0.25,16.542,1.458,23.125,218.0,190.292,164.0,203.458
2016-06-07,192.167,1.625,99.0,94.083,87.0,12.083,14.125,15.375,1.25,13.292,1.043,20.583,199.0,181.708,163.0,204.25
2016-06-08,188.348,1.087,99.0,80.917,59.0,10.043,7.739,8.174,0.435,10.042,1.0,15.875,245.0,207.125,173.0,198.391
2016-06-09,187.591,1.522,99.0,93.708,85.0,12.682,10.905,11.619,0.714,7.958,1.0,12.913,221.0,200.833,177.0,200.273
2016-06-10,188.125,1.583,99.0,75.792,53.0,14.125,11.458,12.667,1.208,12.875,1.208,17.208,273.0,226.083,189.0,202.25
2016-06-11,186.208,1.208,91.0,70.792,38.0,11.75,9.167,9.875,0.708,8.875,1.083,12.75,273.0,222.333,180.0,197.958
2016-06-12,183.083,0.958,98.0,77.042,51.0,9.208,4.167,4.25,0.083,8.792,1.125,13.667,261.0,226.5,198.0,192.292
2016-06-13,185.042,0.917,99.0,96.0,82.0,8.917,6.708,7.0,0.292,1.958,1.0,5.333,207.0,189.333,168.0,193.958
2016-06-14,186.13,1.261,88.0,76.167,64.0,10.13,8.609,8.783,0.174,5.5,1.042,8.75,248.0,213.25,188.0,196.261
2016-06-15,189.875,2.125,99.0,93.5,84.0,13.542,19.917,21.625,1.708,10.542,1.75,19.417,199.0,191.583,182.0,203.417
2016-06-16,185.136,1.13,99.0,93.833,84.0,10.409,9.727,10.5,0.773,5.348,1.0,11.696,222.0,204.542,188.0,195.545
2016-06-17,190.5,1.0,99.0,77.792,51.0,11.625,7.333,7.583,0.25,7.917,1.0,12.708,282.0,236.667,185.0,202.125
2016-06-18,193.25,1.458,77.0,58.917,42.0,11.792,7.913,8.043,0.13,14.375,1.0,18.417,295.0,252.167,213.0,205.042
2016-06-19,193.375,1.333,96.0,80.875,64.0,10.625,5.542,5.667,0.125,21.125,1.083,28.125,258.0,226.542,199.0,204.0
2016-06-20,193.565,1.826,99.0,83.292,64.0,12.522,8.333,8.458,0.125,16.583,1.083,24.167,281.0,234.333,194.0,206.087
2016-06-21,198.542,2.5,99.0,89.667,72.0,17.875,17.625,18.5,0.875,18.208,1.0,26.208,246.0,221.083,201.0,216.417
2016-06-22,198.818,2.478,99.0,93.792,85.0,16.5,14.13,16.261,2.13,22.792,1.261,32.304,224.0,213.25,203.0,215.318
2016-06-23,196.667,1.375,99.0,90.208,70.0,12.958,10.0,10.75,0.75,13.542,1.0,20.542,258.0,224.25,204.0,209.625
2016-06-24,193.292,1.5,99.0,89.5,77.0,11.458,11.217,11.739,0.522,8.5,1.652,14.917,231.0,215.75,207.0,204.75
2016-06-25,194.208,1.5,99.0,86.375,59.0,14.042,10.458,11.25,0.792,9.792,1.0,18.25,290.0,241.0,204.0,208.25
2016-06-26,195.913,1.652,80.0,62.125,46.0,13.174,8.5,8.625,0.125,10.458,1.5,14.917,280.0,244.333,210.0,209.087
2016-06-27,196.875,1.75,86.0,71.792,54.0,11.708,9.333,9.667,0.333,16.5,1.75,21.75,272.0,231.375,197.0,208.583
2016-06-28,195.208,1.208,99.0,93.542,87.0,11.75,10.375,10.667,0.292,8.75,1.042,13.042,213.0,185.833,164.0,206.958
2016-06-29,201.636,2.391,98.0,90.333,81.0,18.864,20.318,21.227,0.909,15.727,1.0,21.783,227.0,206.167,192.0,220.5
2016-06-30,200.5,2.667,98.0,87.792,79.0,16.5,14.87,15.348,0.478,21.667,1.0,30.167,245.0,222.875,198.0,217.0
2016-07-01,199.583,2.75,94.0,82.792,61.0,19.125,17.542,19.333,1.792,29.167,1.75,41.542,295.0,247.625,222.0,218.708
2016-07-02,188.304,1.348,99.0,83.875,65.0,13.87,8.708,9.25,0.542,27.5,1.0,40.583,306.0,258.167,223.0,202.174
2016-07-03,188.708,1.208,87.0,70.833,55.0,15.417,8.542,9.25,0.708,18.435,1.0,28.875,343.0,293.333,246.0,204.125
2016-07-04,193.458,1.625,99.0,79.958,59.0,16.417,14.5,15.542,1.042,17.5,1.875,28.625,324.0,270.042,233.0,209.875
2016-07-05,193.25,1.083,95.0,89.542,84.0,12.458,11.542,12.208,0.667,7.75,1.042,16.375,242.0,209.417,189.0,205.708
2016-07-06,193.25,2.208,94.0,86.792,77.0,17.542,12.783,14.087,1.304,13.417,1.261,22.792,265.0,226.042,196.0,210.792
2016-07-07,191.696,1.565,98.0,75.083,45.0,17.348,12.826,14.478,1.652,18.957,2.087,29.609,345.0,267.875,215.0,209.043
2016-07-08,188.913,1.435,90.0,82.25,71.0,14.087,11.917,12.458,0.542,15.583,1.333,26.083,273.0,240.417,213.0,203.0
2016-07-09,182.583,0.583,99.0,97.042,93.0,12.0,8.708,9.667,0.958,9.792,1.125,17.708,233.0,213.75,195.0,194.583
2016-07-10,183.667,0.917,99.0,81.0,62.0,12.583,7.667,9.958,2.292,6.583,1.042,12.0,293.0,245.125,200.0,196.25
2016-07-11,185.542,1.125,94.0,72.75,52.0,13.25,10.25,11.417,1.167,12.208,1.458,18.167,319.0,264.125,223.0,198.792
2016-07-12,188.708,1.292,90.0,79.75,65.0,13.458,11.435,12.043,0.609,20.0,1.217,29.25,294.0,257.792,232.0,202.167
2016-07-13,187.833,1.458,98.0,91.792,80.0,14.583,10.875,11.208,0.333,26.583,1.0,43.417,265.0,248.0,234.0,202.417
2016-07-14,194.6,2.136,99.0,87.958,59.0,17.0,11.783,12.391,0.609,23.375,1.043,37.826,311.0,253.833,219.0,211.6
2016-07-15,192.625,1.458,99.0,98.208,95.0,14.208,14.167,14.917,0.75,7.958,1.0,14.792,223.0,211.833,203.0,206.833
2016-07-16,189.042,1.625,95.0,86.458,75.0,14.708,9.083,9.542,0.458,14.208,1.292,23.583,252.0,226.708,201.0,203.75
2016-07-17,190.417,1.292,96.0,87.792,80.0,11.875,6.417,6.583,0.167,18.458,1.083,31.625,270.0,250.792,227.0,202.292
2016-07-18,196.833,1.833,98.0,77.292,59.0,13.125,7.478,7.565,0.087,20.708,1.348,32.25,314.0,277.458,243.0,209.958
2016-07-19,192.0,1.25,97.0,77.875,58.0,12.75,9.625,10.083,0.458,13.458,1.25,21.042,304.0,266.208,238.0,204.75
2016-07-20,193.769,1.304,93.0,82.292,65.0,12.0,10.292,10.75,0.458,11.292,1.417,17.708,287.0,251.625,219.0,205.769
2016-07-21,188.917,1.043,99.0,98.958,98.0,6.083,11.13,11.957,0.826,4.478,1.0,8.609,217.0,207.375,203.0,195.0
2016-07-22,188.292,0.917,99.0,95.042,83.0,4.458,11.375,12.667,1.292,5.0,1.0,9.833,208.0,199.625,191.0,192.75
2016-07-23,188.458,0.833,87.0,79.625,67.0,4.083,8.792,9.417,0.625,11.25,1.0,16.292,232.0,208.667,186.0,192.542
2016-07-24,189.625,1.083,93.0,77.125,62.0,5.042,7.565,8.0,0.435,11.167,1.13,16.583,266.0,228.708,190.0,194.667
2016-07-25,188.5,1.208,91.0,78.458,67.0,6.5,12.125,13.125,1.0,13.208,1.542,18.333,267.0,238.5,210.0,195.0
2016-07-26,186.042,1.043,97.0,90.625,74.0,5.542,11.458,12.375,0.917,9.417,1.458,14.5,255.0,225.167,204.0,191.583
2016-07-27,186.13,1.167,99.0,92.0,81.0,7.913,11.208,13.5,2.292,7.917,1.0,13.208,248.0,227.292,207.0,194.043
2016-07-28,183.217,0.696,96.0,84.417,71.0,5.435,7.0,8.0,1.0,7.5,1.136,12.182,280.0,251.333,229.0,188.652
2016-07-29,182.542,0.833,97.0,79.167,57.0,5.875,7.625,9.167,1.542,5.917,1.125,9.833,303.0,260.917,234.0,188.417
2016-07-30,184.042,1.042,96.0,73.875,45.0,7.458,8.783,10.174,1.391,8.167,1.478,13.042,312.0,265.042,216.0,191.5
2016-07-31,181.958,0.5,93.0,80.167,63.0,6.583,5.917,6.583,0.667,7.542,1.167,12.375,291.0,262.208,236.0,188.542
2016-08-01,182.25,0.87,92.0,81.875,71.0,8.667,11.125,12.458,1.333,6.667,1.417,12.833,286.0,264.625,243.0,190.917
2016-08-02,182.826,0.917,98.0,87.458,73.0,9.174,10.708,13.083,2.375,5.958,1.25,11.875,290.0,259.625,239.0,192.0
2016-08-03,182.917,0.958,99.0,85.333,69.0,8.583,8.75,9.667,0.917,5.13,1.042,9.375,296.0,257.667,228.0,191.5
2016-08-04,183.174,0.739,93.0,81.042,63.0,9.913,10.826,12.478,1.652,8.727,1.478,15.045,314.0,273.667,246.0,193.087
2016-08-05,182.792,0.875,93.0,80.542,62.0,10.542,10.609,12.913,2.304,10.042,1.304,16.917,317.0,274.292,244.0,193.333
2016-08-06,182.25,0.917,94.0,79.583,60.0,10.542,10.875,12.708,1.833,11.208,1.208,20.792,326.0,280.417,249.0,192.792
2016-08-07,180.292,0.217,92.0,71.25,50.0,8.167,5.208,6.0,0.792,6.917,1.167,12.667,318.0,280.208,250.0,188.458
2016-08-08,181.696,0.083,82.0,68.417,52.0,6.087,5.708,6.667,0.958,6.125,1.0,10.125,323.0,280.625,246.0,187.783
2016-08-09,188.458,1.042,81.0,54.5,36.0,7.542,7.917,8.375,0.458,12.042,1.167,16.125,355.0,307.333,261.0,196.0
2016-08-10,191.091,1.478,99.0,73.917,57.0,8.955,10.609,11.348,0.739,16.478,1.783,26.826,320.0,278.917,246.0,200.045
2016-08-11,192.917,1.375,89.0,72.667,59.0,8.375,8.87,9.087,0.217,12.0,1.87,19.917,294.0,262.167,243.0,201.292
2016-08-12,191.917,1.583,89.0,76.833,58.0,9.042,9.375,9.667,0.292,12.75,1.958,20.542,284.0,254.333,239.0,200.958
2016-08-13,191.875,2.348,84.0,74.042,62.0,9.833,9.583,9.875,0.292,15.667,2.75,22.583,294.0,257.25,235.0,201.708
2016-08-14,189.304,1.292,81.0,73.625,65.0,6.609,6.042,6.083,0.042,11.667,1.625,16.542,276.0,250.208,229.0,195.913
2016-08-15,187.042,1.083,96.0,84.292,75.0,6.333,6.125,6.333,0.208,10.208,1.292,17.208,285.0,255.25,236.0,193.375
2016-08-16,183.25,0.292,99.0,88.125,60.0,5.792,5.75,6.583,0.833,5.958,1.125,13.375,299.0,252.458,226.0,189.042
2016-08-17,184.542,0.708,98.0,74.917,61.0,6.25,7.739,8.739,1.0,11.0,1.087,20.25,327.0,285.125,229.0,190.792
2016-08-18,187.318,1.261,99.0,92.25,79.0,9.818,14.136,15.364,1.227,12.522,1.045,21.955,291.0,260.625,246.0,197.136
2016-08-19,182.833,0.391,99.0,82.292,57.0,7.042,7.25,9.083,1.833,5.917,1.042,14.125,307.0,269.5,242.0,189.875
2016-08-20,180.478,0.542,99.0,96.0,82.0,9.217,7.417,9.792,2.375,2.667,1.0,7.542,266.0,246.0,235.0,189.696
2016-08-21,178.917,0.458,99.0,86.625,66.0,10.625,4.833,6.75,1.917,4.042,1.083,12.125,309.0,266.583,230.0,189.542
2016-08-22,183.833,0.583,99.0,97.75,91.0,9.25,8.5,10.875,2.375,2.833,1.125,8.625,253.0,238.708,218.0,193.083
2016-08-23,184.417,0.917,99.0,89.167,75.0,10.667,9.478,11.826,2.348,6.458,1.0,14.125,294.0,251.542,219.0,195.083
2016-08-24,184.75,0.958,98.0,91.875,71.0,10.75,10.792,11.708,0.917,6.292,1.125,13.083,293.0,249.583,229.0,195.5
2016-08-25,181.261,0.727,99.0,83.167,58.0,10.522,8.652,10.652,2.0,4.708,1.0,12.217,307.0,265.25,236.0,191.783
2016-08-26,180.783,0.583,96.0,81.25,57.0,9.348,8.458,11.25,2.792,6.667,1.5,14.417,308.0,268.333,233.0,190.13
2016-08-27,186.458,0.958,99.0,95.958,87.0,9.5,10.25,11.208,0.958,5.125,1.0,12.292,257.0,225.583,195.0,195.958
2016-08-28,191.125,1.0,99.0,97.375,89.0,8.25,6.5,6.875,0.375,5.042,1.0,10.542,224.0,205.792,192.0,199.375
2016-08-29,187.542,0.375,99.0,95.5,78.0,7.708,7.391,9.0,1.609,2.542,1.0,6.75,273.0,237.375,207.0,195.25
2016-08-30,186.542,0.75,99.0,97.042,85.0,8.458,8.083,8.917,0.833,2.458,1.0,7.458,261.0,235.917,208.0,195.0
2016-08-31,191.227,1.0,89.0,69.292,52.0,8.045,8.0,8.261,0.261,11.455,1.391,18.609,292.0,247.292,194.0,199.273
2016-09-01,190.522,1.042,89.0,73.083,49.0,7.783,9.417,9.875,0.458,12.435,1.333,21.5,302.0,252.0,198.0,198.304
2016-09-02,194.5,1.708,89.0,75.85,58.0,10.0,13.333,13.875,0.542,18.625,2.333,29.792,299.0,254.8,219.0,204.5
2016-09-03,188.708,1.0,99.0,81.125,52.0,6.292,7.167,7.625,0.458,11.167,1.25,20.583,299.0,257.583,232.0,195.0
2016-09-04,186.375,0.708,99.0,89.833,72.0,6.333,5.957,6.435,0.478,7.542,1.0,14.75,288.0,249.458,224.0,192.708
2016-09-05,184.5,0.667,95.0,82.375,52.0,6.625,6.833,8.792,1.958,6.292,1.0,13.875,301.0,263.5,224.0,191.125
2016-09-06,183.792,0.783,94.0,79.875,67.0,6.333,7.5,8.833,1.333,6.458,1.125,12.083,308.0,274.792,243.0,190.125
2016-09-07,182.261,0.625,99.0,86.25,75.0,11.087,8.042,8.958,0.917,5.083,1.083,10.5,287.0,263.625,242.0,193.348
2016-09-08,184.318,0.826,99.0,98.333,89.0,10.727,6.955,8.409,1.455,4.435,1.0,14.913,269.0,245.625,230.0,195.045
2016-09-09,189.542,1.375,99.0,82.083,62.0,13.5,10.458,12.0,1.542,6.25,1.417,13.083,290.0,257.417,232.0,203.042
2016-09-10,192.0,1.542,91.0,76.625,56.0,12.792,10.043,10.522,0.478,10.708,1.609,17.708,291.0,255.042,227.0,204.792
2016-09-11,190.375,1.417,94.0,85.667,79.0,12.875,9.875,10.083,0.208,10.5,1.792,16.542,250.0,232.5,219.0,203.25
2016-09-12,188.5,1.043,99.0,80.917,69.0,10.75,8.333,8.583,0.25,8.292,1.208,12.833,266.0,239.708,219.0,199.25
2016-09-13,190.522,1.292,99.0,98.583,97.0,9.0,13.917,15.208,1.292,3.208,1.0,8.042,228.0,217.292,201.0,199.522
2016-09-14,190.136,1.478,99.0,93.667,84.0,9.909,13.818,14.545,0.727,4.565,1.091,9.864,240.0,217.417,195.0,200.045
2016-09-15,195.792,2.333,99.0,93.25,82.0,15.042,20.667,23.167,2.5,11.208,1.417,19.458,247.0,230.25,216.0,210.833
2016-09-16,195.542,2.208,99.0,94.75,88.0,13.875,22.0,24.957,2.957,9.833,1.043,17.75,230.0,221.625,214.0,209.417
2016-09-17,191.583,1.958,99.0,87.792,67.0,12.625,11.167,13.875,2.708,15.75,1.583,25.292,276.0,241.125,211.0,204.208
2016-09-18,194.0,1.87,99.0,95.083,89.0,9.958,9.125,9.875,0.75,12.542,1.125,20.208,244.0,227.333,215.0,203.958
2016-09-19,190.0,1.083,99.0,98.917,98.0,5.174,8.167,8.5,0.333,3.75,1.0,8.458,217.0,201.792,184.0,195.174
2016-09-20,189.917,1.0,99.0,99.0,99.0,2.917,7.292,7.875,0.583,0.833,1.0,3.458,187.0,180.583,168.0,192.833
2016-09-21,189.364,1.0,99.0,88.083,76.0,4.045,10.13,10.652,0.522,4.043,1.0,7.957,212.0,191.917,170.0,193.409
2016-09-22,187.458,1.0,99.0,98.792,96.0,4.75,9.217,9.522,0.304,3.292,1.0,7.417,194.0,184.583,172.0,192.208
2016-09-23,192.667,2.125,99.0,99.0,99.0,11.75,20.667,23.958,3.292,4.333,1.0,8.625,207.0,200.208,190.0,204.417
2016-09-24,192.917,1.652,99.0,97.708,89.0,10.208,16.417,18.208,1.792,8.208,1.0,13.833,221.0,204.208,191.0,203.125
2016-09-25,191.478,1.792,99.0,89.875,76.0,6.783,11.167,12.083,0.917,10.458,1.208,17.417,260.0,221.375,185.0,198.261
2016-09-26,193.25,2.125,99.0,86.542,68.0,9.125,14.917,17.042,2.125,15.542,1.348,24.167,278.0,242.458,213.0,202.375
2016-09-27,190.087,1.478,99.0,89.833,75.0,8.087,14.0,16.043,2.043,17.25,1.348,27.13,282.0,247.167,213.0,198.174
2016-09-28,189.542,1.625,99.0,90.042,74.0,8.875,14.696,18.522,3.826,18.5,1.143,29.292,290.0,249.125,227.0,198.417
2016-09-29,190.542,1.167,99.0,84.125,59.0,5.667,11.125,13.667,2.542,8.958,1.0,14.5,267.0,236.875,214.0,196.208
2016-09-30,192.083,1.652,80.0,66.125,56.0,2.833,12.125,12.625,0.5,7.125,1.458,11.292,221.0,205.125,192.0,194.917
2016-10-01,193.913,1.75,88.0,81.792,73.0,9.304,12.125,12.542,0.417,12.478,1.125,16.958,213.0,197.833,182.0,203.217
2016-10-02,194.75,2.667,94.0,81.208,66.0,11.375,10.708,10.917,0.208,17.217,1.542,22.75,267.0,222.75,189.0,206.125
2016-10-03,191.167,2.042,99.0,95.792,91.0,11.25,13.917,15.625,1.708,16.167,1.0,25.125,246.0,215.125,196.0,202.417
2016-10-04,187.708,0.917,99.0,70.042,46.0,9.792,11.783,16.217,4.435,8.125,1.208,12.875,299.0,242.667,196.0,197.5
2016-10-05,193.913,1.609,97.0,83.583,66.0,16.652,18.826,20.87,2.043,13.739,2.0,22.0,245.0,223.625,206.0,210.565
2016-10-06,189.292,1.087,94.0,63.375,45.0,7.625,7.792,8.917,1.125,5.917,1.167,10.583,296.0,246.583,207.0,196.917
2016-10-07,194.571,1.583,76.0,57.167,40.0,8.571,9.0,9.292,0.292,8.958,1.667,12.792,218.0,198.917,179.0,203.143
2016-10-08,196.083,2.292,99.0,91.375,76.0,12.125,16.583,18.625,2.042,11.333,1.208,16.458,249.0,192.625,162.0,208.208
2016-10-09,190.125,0.875,99.0,75.333,54.0,6.458,4.208,4.667,0.458,3.75,1.083,8.042,246.0,210.5,178.0,196.583
2016-10-10,195.125,1.25,72.0,64.417,58.0,6.75,6.783,6.957,0.174,4.542,1.167,7.083,181.0,172.375,162.0,201.875
2016-10-11,194.583,1.5,81.0,71.417,62.0,8.583,12.792,13.625,0.833,6.091,1.783,11.083,177.0,162.583,150.0,203.167
2016-10-12,197.0,2.043,94.0,69.458,35.0,14.125,19.583,23.583,4.0,,2.0,15.458,212.0,168.0,125.0,211.125
2016-10-13,192.476,1.391,77.0,70.542,64.0,7.524,14.913,15.217,0.304,9.077,1.957,11.435,163.0,153.708,144.0,200.0
2016-10-14,193.917,2.042,90.0,72.083,55.0,11.208,18.375,20.417,2.042,13.792,1.792,17.5,173.0,142.958,110.0,205.125
2016-10-15,193.0,2.25,93.0,68.958,39.0,10.833,16.75,18.75,2.0,11.667,1.667,14.667,207.0,147.958,92.0,203.833
2016-10-16,193.583,2.458,89.0,74.458,55.0,10.625,12.217,12.783,0.565,13.5,1.792,16.458,195.0,153.792,102.0,204.208
2016-10-17,193.75,2.417,99.0,94.917,79.0,12.042,20.708,23.167,2.458,13.417,1.13,19.292,179.0,164.583,155.0,205.792
2016-10-18,194.083,2.696,99.0,88.167,68.0,15.958,19.875,26.625,6.75,8.583,1.167,14.417,244.0,202.833,165.0,210.042
2016-10-19,,2.208,96.0,83.333,70.0,,18.0,20.042,2.042,10.583,2.083,16.542,226.0,203.833,186.0,
2016-10-20,,1.957,97.0,66.958,40.0,,11.783,13.913,2.13,15.652,1.87,20.609,258.0,205.708,163.0,
2016-10-21,,2.042,80.0,59.792,38.0,,18.417,19.875,1.458,14.458,1.792,19.375,195.0,168.708,149.0,
2016-10-22,,2.125,80.0,75.917,72.0,,17.522,18.739,1.217,15.75,2.083,21.75,162.0,152.375,141.0,
2016-10-23,,1.5,92.0,66.458,49.0,,7.833,8.458,0.625,11.25,1.217,15.417,210.0,171.208,137.0,
2016-10-24,,1.391,82.0,57.542,45.0,,7.4,7.8,0.4,3.1,1.208,6.4,169.0,140.083,102.0,
2016-10-25,196.087,2.5,99.0,83.417,59.0,14.522,,,,,1.458,,147.0,122.333,86.0,210.609
2016-10-26,194.792,2.417,99.0,82.208,59.0,16.25,25.0,27.125,2.125,13.692,1.375,20.308,246.0,184.458,123.0,211.042
2016-10-27,191.565,1.13,79.0,52.833,38.0,6.783,8.652,9.217,0.565,9.375,1.217,12.696,209.0,180.75,128.0,198.348
2016-10-28,195.25,2.083,99.0,81.167,58.0,11.208,21.0,23.696,2.696,15.75,1.5,19.292,123.0,109.042,92.0,206.458
2016-10-29,195.125,1.667,99.0,73.5,48.0,7.75,11.417,14.458,3.042,6.417,1.13,10.042,195.0,141.458,113.0,202.875
2016-10-30,194.875,1.478,94.0,73.792,59.0,6.083,10.083,10.708,0.625,11.958,1.333,16.458,129.0,110.167,95.0,200.958
2016-10-31,195.609,2.542,86.0,73.958,64.0,8.435,19.708,24.333,4.625,14.625,2.0,19.25,167.0,129.875,93.0,204.043
2016-11-01,195.333,2.042,99.0,77.375,49.0,6.833,15.0,24.0,9.0,8.583,,12.833,154.0,125.875,107.0,202.167
2016-11-02,195.5,1.833,91.0,67.833,56.0,5.083,17.583,18.833,1.25,7.25,0.0,8.292,108.0,100.292,84.0,200.583
2016-11-03,195.292,1.875,94.0,67.708,40.0,4.375,13.087,14.913,1.826,8.542,0.042,10.75,176.0,116.958,81.0,199.667
2016-11-04,196.318,2.652,82.0,60.75,39.0,9.773,20.696,23.783,3.087,9.217,0.864,12.0,172.0,119.875,72.0,206.091
2016-11-05,196.292,2.478,87.0,69.958,53.0,8.542,19.083,21.417,2.333,16.708,1.0,21.583,197.0,137.375,99.0,204.833
2016-11-06,193.609,1.458,94.0,61.292,45.0,4.087,6.958,7.458,0.5,11.542,0.042,15.417,179.0,133.5,84.0,197.696
2016-11-07,192.833,1.333,82.0,60.625,48.0,4.125,12.708,13.833,1.125,13.583,0.583,16.792,123.0,98.417,63.0,196.958
2016-11-08,197.25,2.958,97.0,78.708,66.0,13.0,27.833,38.375,10.542,20.5,0.792,25.25,113.0,84.625,42.0,210.25
2016-11-09,193.292,1.208,93.0,46.958,29.0,4.125,5.478,6.0,0.522,3.583,0.273,5.625,132.0,98.917,69.0,197.417
2016-11-10,192.348,1.609,83.0,51.292,40.0,5.348,14.913,15.87,0.957,8.792,0.136,11.348,104.0,84.458,59.0,197.696
2016-11-11,190.917,1.304,98.0,96.333,84.0,5.667,15.417,16.583,1.167,6.583,0.042,8.333,113.0,87.042,50.0,196.583
2016-11-12,195.391,2.417,99.0,79.542,45.0,16.522,17.375,25.208,7.833,7.333,0.125,10.833,179.0,127.542,84.0,211.913
2016-11-13,197.0,2.833,96.0,83.708,67.0,14.792,13.833,16.292,2.458,17.583,0.833,22.625,180.0,133.167,87.0,211.792
2016-11-14,199.083,3.5,99.0,88.833,72.0,18.583,23.792,30.625,6.833,27.042,0.542,32.25,156.0,134.333,120.0,217.667
2016-11-15,195.458,2.208,99.0,84.0,59.0,12.75,17.652,21.783,4.13,14.375,0.083,18.917,183.0,147.0,120.0,208.208
2016-11-16,194.5,1.5,74.0,54.75,45.0,10.375,15.0,17.25,2.25,8.167,0.391,10.792,139.0,116.542,99.0,204.875
2016-11-17,194.391,1.545,90.0,60.333,40.0,11.696,15.565,22.609,7.043,9.957,0.609,12.391,171.0,117.667,69.0,206.087
2016-11-18,198.261,2.625,90.0,72.833,54.0,7.043,22.875,30.958,8.083,14.792,0.875,16.667,149.0,96.542,48.0,205.304
2016-11-19,198.542,2.625,98.0,94.583,85.0,6.833,20.25,26.333,6.083,20.0,0.542,20.208,110.0,92.375,78.0,205.375
2016-11-20,200.542,3.125,99.0,87.25,60.0,9.333,15.917,21.125,5.208,17.667,0.792,20.125,201.0,134.833,80.0,209.875
2016-11-21,197.292,2.542,98.0,91.875,80.0,5.167,18.217,26.13,7.913,13.208,0.333,17.25,136.0,113.5,93.0,202.458
2016-11-22,199.792,3.167,99.0,88.417,63.0,9.5,22.417,34.917,12.5,12.708,0.174,15.583,195.0,136.042,92.0,209.292
2016-11-23,195.542,1.261,92.0,54.708,42.0,1.958,9.292,11.542,2.25,3.667,0.333,5.583,136.0,99.458,72.0,197.5
2016-11-24,194.636,1.565,97.0,87.25,43.0,9.864,18.087,22.435,4.348,5.292,0.043,5.783,71.0,18.583,0.0,204.5
2016-11-25,199.75,3.25,96.0,83.625,61.0,17.125,26.083,45.458,19.375,10.958,0.417,9.917,91.0,37.25,-4.0,216.875
2016-11-26,,2.458,93.0,78.042,59.0,,19.333,27.458,8.125,9.5,0.625,10.0,107.0,67.0,18.0,
2016-11-27,,2.125,99.0,83.458,65.0,,13.522,15.609,2.087,14.25,0.792,14.167,126.0,96.0,77.0,
2016-11-28,,2.25,99.0,67.75,45.0,,13.875,15.292,1.417,6.375,0.609,8.25,128.0,101.167,83.0,
2016-11-29,,1.565,69.0,48.542,32.0,,13.042,14.333,1.292,6.083,0.583,8.292,138.0,93.875,60.0,
2016-11-30,199.273,1.333,65.0,55.292,46.0,22.818,19.5,22.542,3.042,21.542,0.667,25.833,102.0,74.708,42.0,222.091
2016-12-01,196.727,,98.0,88.75,59.0,18.455,22.957,29.348,6.391,19.0,0.696,19.13,148.0,96.333,51.0,215.182
2016-12-02,194.042,3.125,97.0,59.375,40.0,15.458,19.625,24.458,4.833,8.042,0.625,10.75,143.0,101.333,66.0,209.5
2016-12-03,196.542,2.833,87.0,68.458,43.0,20.917,24.696,34.217,9.522,11.958,0.792,15.667,153.0,93.125,53.0,217.458
2016-12-04,196.375,2.75,94.0,76.667,56.0,18.875,18.292,22.0,3.708,20.917,0.522,23.083,157.0,103.917,59.0,215.25
2016-12-05,195.458,2.958,98.0,82.583,57.0,19.0,21.625,28.875,7.25,18.375,0.667,20.375,176.0,120.667,74.0,214.458
2016-12-06,195.957,1.875,96.0,66.292,41.0,9.304,13.375,24.5,11.125,6.25,0.5,8.75,151.0,94.792,50.0,205.261
2016-12-07,196.625,2.042,73.0,56.0,45.0,9.25,19.167,23.333,4.167,8.083,0.625,9.375,86.0,62.667,39.0,205.875
2016-12-08,199.087,3.273,85.0,62.75,39.0,16.565,24.909,39.727,14.818,9.292,0.696,11.304,125.0,68.125,15.0,215.652
2016-12-09,199.208,3.167,84.0,60.667,40.0,15.583,24.542,35.917,11.375,15.583,1.208,17.625,166.0,92.208,24.0,214.792
2016-12-10,196.478,1.826,80.0,51.583,30.0,11.0,12.957,14.304,1.348,7.167,0.87,9.125,104.0,66.167,33.0,207.478
2016-12-11,194.917,1.667,73.0,50.708,36.0,10.167,11.0,12.5,1.5,5.125,0.667,7.083,93.0,48.875,9.0,205.083
2016-12-12,197.875,3.167,75.0,56.75,39.0,17.958,27.792,40.833,13.042,12.167,0.583,13.083,92.0,45.083,-15.0,215.833
2016-12-13,199.5,3.833,94.0,69.083,57.0,23.542,35.208,51.333,16.125,30.625,0.792,30.875,140.0,77.083,23.0,223.042
2016-12-14,197.417,2.458,97.0,78.292,45.0,11.625,18.917,21.25,2.333,6.75,0.042,7.583,95.0,74.0,45.0,209.042
2016-12-15,195.565,2.217,67.0,47.625,27.0,10.826,20.0,24.652,4.652,5.043,0.391,6.391,89.0,45.375,9.0,206.391
2016-12-16,196.435,2.043,77.0,52.458,29.0,11.304,17.652,27.261,9.609,4.417,0.783,5.875,86.0,31.125,-9.0,207.739
2016-12-17,199.875,3.5,73.0,53.167,31.0,20.167,28.167,42.458,14.292,9.75,0.75,10.583,114.0,45.625,-15.0,220.042
2016-12-18,195.833,3.083,80.0,63.5,39.0,15.833,20.042,24.0,3.958,12.0,0.375,13.625,135.0,64.708,6.0,211.667
2016-12-19,193.583,3.167,80.0,64.292,38.0,14.75,22.667,28.625,5.958,13.75,0.917,16.125,154.0,91.208,39.0,208.333
2016-12-20,198.708,4.417,87.0,75.792,52.0,24.792,33.042,57.875,24.833,23.667,1.667,25.208,151.0,91.042,51.0,223.5
2016-12-21,195.091,3.696,87.0,72.25,43.0,19.5,28.87,41.348,12.478,18.783,0.783,20.609,161.0,94.042,45.0,214.591
2016-12-22,197.043,2.739,99.0,84.417,67.0,18.652,19.783,36.304,16.522,19.292,0.435,22.333,185.0,127.333,63.0,215.696
2016-12-23,196.083,1.875,99.0,67.042,42.0,8.0,8.667,10.625,1.958,4.958,0.0,8.208,179.0,132.083,83.0,204.083
2016-12-24,194.792,1.542,62.0,49.792,39.0,6.042,9.083,10.083,1.0,2.5,0.417,4.292,104.0,71.75,42.0,200.833
2016-12-25,196.375,2.458,78.0,59.417,42.0,11.25,16.792,18.875,2.083,8.417,0.667,9.583,96.0,56.792,27.0,207.625
2016-12-26,199.708,4.0,80.0,65.375,47.0,19.958,27.667,46.958,19.292,13.583,0.875,14.375,90.0,53.667,15.0,219.667
2016-12-27,197.625,2.458,98.0,74.167,53.0,12.625,15.375,25.917,10.542,7.375,0.167,9.583,162.0,105.292,53.0,210.25
2016-12-28,192.261,1.217,71.0,45.458,33.0,6.565,9.043,10.13,1.087,3.292,1.0,4.583,71.0,47.958,0.0,198.826
2016-12-29,196.208,2.708,79.0,65.375,49.0,16.625,23.167,31.542,8.375,12.75,0.792,13.375,75.0,26.5,-13.0,212.833
2016-12-30,193.125,1.542,68.0,46.167,27.0,7.292,8.417,9.375,0.958,3.875,0.542,4.75,86.0,46.542,2.0,200.417
2016-12-31,194.25,2.292,74.0,60.917,34.0,12.208,14.125,16.167,2.042,8.667,0.333,10.333,110.0,46.667,-5.0,206.458
2017-01-01,199.292,2.167,89.0,61.833,36.0,9.917,10.542,12.625,2.083,8.708,1.0,10.25,114.0,46.875,-15.0,209.208
2017-01-02,197.083,1.292,62.0,43.583,25.0,5.667,7.917,8.458,0.542,4.042,0.957,4.75,101.0,53.542,24.0,202.75
2017-01-03,196.333,1.043,69.0,40.042,19.0,4.0,5.0,5.25,0.25,2.917,1.292,4.25,72.0,41.542,13.0,200.333
2017-01-04,197.087,1.458,54.0,39.958,23.0,6.957,11.348,12.87,1.522,4.167,1.125,4.708,81.0,31.375,-22.0,204.043
2017-01-05,198.542,2.167,70.0,54.25,43.0,10.083,20.542,22.792,2.25,8.5,1.0,9.167,48.0,23.542,-12.0,208.625
2017-01-06,198.75,2.333,76.0,60.917,42.0,10.917,18.708,22.667,3.958,8.5,0.833,9.375,90.0,32.0,-26.0,209.667
2017-01-07,195.375,1.5,64.0,41.417,25.0,7.333,11.083,11.708,0.625,5.667,1.167,7.083,101.0,57.042,21.0,202.708
2017-01-08,198.375,2.583,94.0,68.875,50.0,13.208,20.917,23.375,2.458,18.25,1.087,18.625,89.0,46.708,21.0,211.583
2017-01-09,203.5,3.304,99.0,67.667,29.0,14.25,17.125,30.0,12.875,16.417,0.792,18.0,152.0,80.542,39.0,217.75
2017-01-10,197.565,2.083,50.0,41.458,27.0,6.261,12.435,13.696,1.261,9.208,1.0,9.75,99.0,60.583,18.0,203.826
2017-01-11,197.522,2.0,73.0,39.042,15.0,8.217,13.864,18.909,5.045,6.174,1.091,6.174,81.0,36.417,-10.0,205.739
2017-01-12,200.292,3.042,58.0,39.708,24.0,13.917,27.708,37.208,9.5,13.25,1.5,12.625,55.0,12.542,-30.0,214.208
2017-01-13,198.583,2.5,70.0,51.208,35.0,13.208,21.542,27.333,5.792,12.0,1.083,12.458,71.0,15.667,-36.0,211.792
2017-01-14,194.542,1.667,62.0,42.75,27.0,8.875,13.458,15.042,1.583,6.875,1.043,7.0,74.0,28.333,-7.0,203.417
2017-01-15,200.708,3.435,73.0,58.042,40.0,22.833,32.417,50.792,18.375,17.458,1.083,17.958,89.0,21.333,-30.0,223.542
2017-01-16,200.261,3.667,79.0,60.042,39.0,19.217,33.174,48.0,14.826,16.917,1.125,18.375,119.0,52.417,-5.0,219.478
2017-01-17,200.208,3.292,97.0,83.25,65.0,20.375,29.542,39.042,9.5,31.875,1.0,32.958,74.0,53.417,24.0,220.583
2017-01-18,198.609,3.261,99.0,90.75,79.0,15.739,22.435,30.261,7.826,25.5,1.217,25.957,116.0,78.833,50.0,214.348
2017-01-19,196.708,2.042,81.0,59.958,42.0,8.458,17.583,18.958,1.375,11.875,1.125,14.375,94.0,72.292,51.0,205.167
2017-01-20,198.458,2.708,89.0,66.333,57.0,13.458,21.333,26.417,5.083,16.542,0.913,20.042,90.0,56.125,24.0,211.917
2017-01-21,198.542,2.348,91.0,64.167,39.0,11.75,14.833,18.333,3.5,14.292,0.75,16.75,107.0,52.75,2.0,210.292
2017-01-22,194.348,1.375,97.0,78.625,51.0,6.609,14.261,15.739,1.478,7.75,0.375,6.833,38.0,7.667,-12.0,200.957
2017-01-23,197.5,1.708,97.0,72.875,44.0,7.458,16.917,20.958,4.042,8.375,0.583,9.083,89.0,32.458,-14.0,204.958
2017-01-24,194.042,1.125,61.0,42.792,21.0,4.292,8.833,9.917,1.083,4.042,0.417,4.458,56.0,12.083,-26.0,198.333
2017-01-25,199.136,2.043,67.0,45.208,24.0,9.955,20.783,27.783,7.0,7.773,0.913,8.043,29.0,-16.667,-56.0,209.091
2017-01-26,198.583,2.125,71.0,48.458,34.0,10.0,19.417,29.458,10.042,6.783,0.652,7.417,30.0,-17.458,-66.0,208.583
2017-01-27,197.208,1.913,62.0,40.75,20.0,8.5,15.917,19.792,3.875,7.5,0.625,8.125,65.0,1.75,-65.0,205.708
2017-01-28,200.087,2.583,69.0,56.125,45.0,12.174,22.13,25.13,3.0,13.25,0.5,13.208,36.0,-1.917,-48.0,212.261
2017-01-29,202.458,2.917,88.0,67.833,43.0,14.083,25.25,34.375,9.125,13.917,0.792,14.833,78.0,26.083,-30.0,216.542
2017-01-30,197.667,1.792,91.0,52.625,37.0,9.25,19.667,22.542,2.875,8.833,0.889,9.875,50.0,23.917,1.0,206.917
2017-01-31,201.609,3.565,79.0,57.083,37.0,19.13,34.87,48.087,13.217,20.542,,20.174,77.0,26.167,-26.0,220.739
2017-02-01,196.792,2.542,96.0,78.333,59.0,13.167,27.75,33.375,5.625,20.909,0.0,19.292,54.0,18.042,2.0,209.958
2017-02-02,194.333,1.435,97.0,89.25,80.0,5.667,15.542,16.75,1.208,12.208,0.0,10.333,24.0,11.417,-1.0,200.0
2017-02-03,197.087,2.25,88.0,77.208,65.0,9.739,20.739,24.261,3.522,19.875,0.125,16.75,63.0,35.458,12.0,206.826
2017-02-04,196.833,2.083,90.0,65.167,38.0,6.542,12.667,14.583,1.917,13.333,0.0,12.583,93.0,43.458,20.0,203.375
2017-02-05,199.75,2.833,70.0,52.5,32.0,7.5,20.5,25.667,5.167,9.25,0.25,9.25,71.0,24.458,-20.0,207.25
2017-02-06,197.917,2.167,68.0,39.125,19.0,6.417,16.917,20.125,3.208,6.833,0.125,7.333,69.0,22.042,-27.0,204.333
2017-02-07,194.958,1.5,52.0,31.875,18.0,3.5,9.583,10.75,1.167,4.792,0.478,5.625,72.0,26.833,-10.0,198.458
2017-02-08,198.545,2.273,72.0,52.125,33.0,11.682,23.87,32.217,8.348,7.864,0.857,8.773,69.0,14.75,-30.0,210.227
2017-02-09,199.87,3.0,76.0,54.792,30.0,12.391,26.652,32.478,5.826,18.583,1.375,19.042,87.0,23.5,-38.0,212.261
2017-02-10,198.25,2.667,83.0,65.083,44.0,10.292,19.25,23.125,3.875,22.833,1.25,23.917,116.0,60.083,-7.0,208.542
2017-02-11,199.25,2.167,80.0,56.042,29.0,8.75,12.958,14.125,1.167,23.125,1.083,24.208,129.0,78.5,32.0,208.0
2017-02-12,198.5,1.583,55.0,34.208,16.0,5.917,10.208,11.0,0.792,7.917,0.5,8.417,77.0,31.833,-15.0,204.417
2017-02-13,198.292,2.083,60.0,38.375,19.0,7.917,16.667,19.208,2.542,7.833,0.87,7.75,81.0,29.833,-26.0,206.208
2017-02-14,197.458,1.913,62.0,48.5,40.0,9.833,20.583,26.417,5.833,10.25,1.167,12.167,104.0,45.292,-26.0,207.292
2017-02-15,196.909,1.565,54.0,41.292,34.0,7.0,12.909,14.091,1.182,13.522,1.174,16.13,140.0,90.542,41.0,203.909
2017-02-16,198.292,2.125,74.0,57.375,39.0,8.958,18.042,22.167,4.125,13.542,1.667,15.292,92.0,50.333,-3.0,207.25
2017-02-17,196.75,1.417,75.0,54.5,35.0,6.708,9.667,10.75,1.083,10.7,1.042,14.625,113.0,50.083,8.0,203.458
2017-02-18,194.667,1.0,44.0,29.917,19.0,4.083,4.5,4.917,0.417,5.125,0.333,5.625,75.0,28.125,-1.0,198.75
2017-02-19,197.167,2.25,68.0,51.667,33.0,9.667,19.375,23.5,4.125,9.792,1.522,12.958,91.0,40.542,-13.0,206.833
2017-02-20,197.625,2.087,67.0,51.042,32.0,10.833,21.417,25.0,3.583,15.708,1.208,20.417,107.0,62.0,24.0,208.458
2017-02-21,196.773,1.957,70.0,50.083,39.0,6.955,16.864,18.227,1.364,11.478,1.435,14.957,72.0,51.583,36.0,203.727
2017-02-22,195.75,1.5,94.0,83.042,53.0,6.625,16.542,17.583,1.042,15.292,0.375,15.083,47.0,22.208,15.0,202.375
2017-02-23,196.875,2.208,95.0,82.875,62.0,9.0,17.833,21.167,3.333,16.208,0.125,15.583,74.0,33.042,11.0,205.875
2017-02-24,196.292,2.458,89.0,60.958,37.0,7.958,14.5,17.917,3.417,14.625,0.417,19.083,137.0,61.833,-12.0,204.25
2017-02-25,195.708,1.708,65.0,53.958,42.0,4.292,8.5,9.042,0.542,10.667,1.0,13.667,78.0,49.875,30.0,200.0
2017-02-26,196.833,1.565,72.0,61.458,46.0,5.833,13.125,14.292,1.167,16.042,1.0,20.042,90.0,52.542,26.0,202.667
2017-02-27,196.478,2.0,74.0,62.417,47.0,7.304,16.826,18.391,1.565,14.542,1.458,18.917,116.0,73.333,42.0,203.783
2017-02-28,199.409,2.696,84.0,61.333,33.0,9.682,21.783,27.261,5.478,21.208,1.304,28.13,134.0,79.083,14.0,209.091
2017-03-01,198.125,1.875,99.0,65.25,26.0,4.75,10.417,11.417,1.0,8.87,0.292,10.875,195.0,109.958,51.0,202.875
2017-03-02,196.292,1.333,52.0,36.708,26.0,3.542,11.208,12.583,1.375,7.708,0.417,10.333,128.0,84.375,38.0,199.833
2017-03-03,199.333,2.667,74.0,56.917,38.0,10.25,22.542,25.958,3.417,13.375,1.87,18.083,146.0,79.167,10.0,209.583
2017-03-04,195.458,1.913,83.0,68.167,53.0,8.625,12.083,13.667,1.583,15.042,1.875,22.542,194.0,126.708,39.0,204.083
2017-03-05,193.174,1.5,99.0,89.583,73.0,5.913,12.217,14.391,2.174,12.792,0.458,22.083,176.0,137.25,95.0,199.087
2017-03-06,194.25,1.0,84.0,55.25,47.0,2.292,7.5,8.042,0.542,5.0,0.208,7.375,114.0,87.208,45.0,196.542
2017-03-07,193.625,1.0,64.0,52.375,47.0,3.042,8.958,9.708,0.75,8.833,0.125,12.208,72.0,45.25,24.0,196.667
2017-03-08,194.591,1.435,99.0,90.292,65.0,6.5,14.0,14.87,0.87,5.261,0.174,6.348,78.0,56.708,30.0,201.091
2017-03-09,198.208,1.708,99.0,85.0,59.0,10.208,17.0,22.917,5.917,2.708,0.087,4.667,122.0,96.917,53.0,208.417
2017-03-10,197.125,1.609,89.0,67.375,48.0,7.458,11.583,12.375,0.792,5.125,0.792,7.167,105.0,70.25,44.0,204.583
2017-03-11,197.565,1.5,71.0,63.042,50.0,7.826,10.435,11.217,0.783,10.708,1.292,14.125,134.0,84.542,53.0,205.391
2017-03-12,196.5,1.958,84.0,56.833,35.0,7.458,12.417,13.167,0.75,10.917,0.833,13.75,142.0,83.667,39.0,203.958
2017-03-13,198.5,2.542,82.0,65.625,48.0,13.792,21.625,24.5,2.875,16.667,1.375,22.417,163.0,102.208,33.0,212.292
2017-03-14,198.682,2.609,88.0,63.125,26.0,15.682,24.261,27.043,2.783,18.333,1.043,28.652,220.0,136.292,63.0,214.364
2017-03-15,194.833,2.0,78.0,61.667,45.0,10.667,16.0,18.75,2.75,18.708,1.304,29.042,213.0,152.75,84.0,205.5
2017-03-16,193.542,1.522,77.0,63.125,51.0,6.333,11.333,12.25,0.917,9.292,0.417,13.0,165.0,131.75,65.0,199.875
2017-03-17,194.87,1.875,65.0,48.417,31.0,5.174,9.304,9.87,0.565,7.125,0.917,9.792,107.0,67.125,30.0,200.043
2017-03-18,196.167,2.083,72.0,61.542,50.0,7.958,10.833,11.375,0.542,11.167,1.125,15.208,158.0,103.542,48.0,204.125
2017-03-19,201.0,2.917,94.0,72.958,56.0,15.792,26.333,32.0,5.667,20.667,1.042,27.25,156.0,116.708,84.0,216.792
2017-03-20,194.833,1.417,98.0,86.792,65.0,6.125,11.042,11.542,0.5,10.542,0.167,14.125,105.0,75.875,59.0,200.958
2017-03-21,195.167,1.167,97.0,86.083,62.0,5.083,8.042,8.5,0.458,6.042,0.304,7.625,56.0,27.125,4.0,200.25
2017-03-22,196.957,1.364,99.0,86.042,56.0,4.522,12.348,13.696,1.348,1.826,0.13,3.826,126.0,91.667,45.0,201.478
2017-03-23,195.565,1.458,94.0,60.875,40.0,2.304,12.348,13.435,1.087,3.167,0.917,5.458,159.0,111.625,77.0,197.87
2017-03-24,194.75,1.417,94.0,76.292,52.0,2.833,11.333,12.458,1.125,6.208,0.75,8.583,155.0,105.208,71.0,197.583
2017-03-25,195.708,1.917,92.0,66.25,33.0,3.708,10.042,10.583,0.542,12.917,1.25,17.083,175.0,114.458,59.0,199.417
2017-03-26,197.292,2.583,87.0,63.75,36.0,6.542,16.333,17.875,1.542,17.958,0.708,26.667,207.0,133.292,59.0,203.833
2017-03-27,200.042,3.833,82.0,63.5,42.0,10.917,23.833,26.167,2.333,26.667,1.87,37.708,204.0,144.75,75.0,210.958
2017-03-28,199.333,3.174,88.0,67.0,42.0,9.917,19.083,20.375,1.292,29.083,1.542,42.75,225.0,161.458,101.0,209.25
2017-03-29,197.286,2.478,83.0,57.167,37.0,9.381,15.81,16.667,0.857,24.5,1.227,35.864,231.0,174.083,105.0,206.667
2017-03-30,195.208,1.75,63.0,36.625,16.0,3.958,7.292,7.625,0.333,12.083,0.583,17.958,172.0,126.833,89.0,199.167
2017-03-31,196.333,1.833,77.0,60.042,41.0,7.292,13.042,14.333,1.292,10.5,1.167,16.542,176.0,119.792,65.0,203.625
2017-04-01,193.292,1.375,94.0,81.417,64.0,4.5,10.125,10.583,0.458,12.833,0.0,11.792,74.0,51.958,33.0,197.792
2017-04-02,194.667,1.75,82.0,61.125,37.0,4.875,10.125,10.542,0.417,12.125,0.958,13.917,125.0,78.167,42.0,199.542
2017-04-03,193.13,1.739,78.0,65.0,44.0,6.435,12.957,13.913,0.957,14.583,1.217,16.042,146.0,90.875,57.0,199.565
2017-04-04,192.875,2.083,87.0,62.792,35.0,6.708,14.958,16.542,1.583,19.583,1.292,19.792,158.0,104.125,39.0,199.583
2017-04-05,192.208,1.917,83.0,63.125,46.0,7.75,15.167,16.542,1.375,23.583,1.208,24.417,191.0,136.167,69.0,199.958
2017-04-06,190.045,1.318,86.0,70.917,43.0,7.0,11.591,12.727,1.136,15.5,0.864,20.636,212.0,152.5,92.0,197.045
2017-04-07,188.583,0.958,92.0,79.583,64.0,5.625,6.958,7.583,0.625,7.583,0.167,11.417,207.0,172.167,157.0,194.208
2017-04-08,194.208,2.167,99.0,94.083,87.0,11.667,18.125,19.708,1.583,17.417,0.167,20.042,167.0,148.542,129.0,205.875
2017-04-09,193.304,2.217,98.0,87.208,50.0,9.565,9.913,10.478,0.565,21.542,0.043,23.292,146.0,134.583,96.0,202.87
2017-04-10,193.333,2.292,72.0,47.042,31.0,7.167,14.958,15.917,0.958,14.125,1.208,15.833,137.0,100.375,66.0,200.5
2017-04-11,194.292,2.083,99.0,89.917,70.0,9.083,17.625,19.0,1.375,8.75,0.208,10.333,101.0,76.25,59.0,203.375
2017-04-12,193.75,1.542,99.0,64.875,38.0,7.042,9.625,11.833,2.208,6.208,0.5,7.833,196.0,124.167,74.0,200.792
2017-04-13,192.0,1.391,55.0,49.375,37.0,6.348,9.955,10.409,0.455,13.625,1.045,17.043,167.0,116.125,68.0,198.348
2017-04-14,192.917,2.208,72.0,52.583,31.0,8.542,13.917,15.25,1.333,19.125,1.5,23.333,198.0,143.625,59.0,201.458
2017-04-15,192.783,1.913,71.0,55.708,42.0,9.565,11.696,12.043,0.348,19.167,0.826,23.708,222.0,176.167,133.0,202.348
2017-04-16,193.625,1.917,69.0,49.0,28.0,10.333,10.333,10.792,0.458,18.708,0.708,22.792,242.0,186.958,108.0,203.958
2017-04-17,191.958,1.667,99.0,63.292,34.0,8.583,13.667,15.167,1.5,16.958,1.292,21.0,239.0,177.167,138.0,200.542
2017-04-18,190.833,1.333,99.0,73.542,46.0,6.458,7.167,8.167,1.0,6.958,0.167,11.25,251.0,193.542,144.0,197.292
2017-04-19,194.125,1.417,81.0,45.875,15.0,6.208,8.167,8.708,0.542,10.792,0.625,12.875,249.0,176.333,122.0,200.333
2017-04-20,193.136,1.696,73.0,53.0,35.0,6.909,9.391,9.913,0.522,11.913,1.0,15.261,188.0,142.25,96.0,200.045
2017-04-21,194.696,2.13,90.0,74.583,58.0,9.391,16.043,17.087,1.043,17.667,1.391,20.542,179.0,145.083,122.0,204.087
2017-04-22,194.625,2.083,97.0,73.542,49.0,8.208,15.958,16.375,0.417,20.125,1.083,26.042,164.0,128.958,87.0,202.833
2017-04-23,191.0,1.25,95.0,60.25,34.0,3.792,5.542,5.667,0.125,9.042,0.792,10.667,178.0,126.0,84.0,194.792
2017-04-24,191.458,1.417,78.0,65.875,52.0,5.958,11.375,12.333,0.958,10.083,1.417,11.792,183.0,134.958,101.0,197.417
2017-04-25,188.792,1.042,89.0,68.625,45.0,4.542,7.75,8.375,0.625,11.208,0.583,12.208,187.0,142.917,90.0,193.333
2017-04-26,189.542,1.042,85.0,69.5,52.0,5.0,9.417,10.208,0.792,10.417,0.75,12.583,187.0,154.875,111.0,194.542
2017-04-27,191.955,1.409,84.0,61.458,25.0,5.773,9.182,9.5,0.318,8.0,1.045,9.304,177.0,144.833,120.0,197.727
2017-04-28,193.042,1.583,88.0,60.833,33.0,7.083,12.75,13.625,0.875,12.792,1.125,15.083,194.0,145.667,90.0,200.125
2017-04-29,192.542,1.625,91.0,65.208,36.0,6.542,8.792,9.208,0.417,14.625,0.958,17.417,221.0,153.458,102.0,199.083
2017-04-30,192.5,1.958,81.0,57.708,32.0,7.417,9.083,9.333,0.25,16.833,0.792,19.875,226.0,168.833,92.0,199.917
2017-05-01,193.174,1.957,81.0,58.708,37.0,7.913,11.391,11.957,0.565,17.0,0.696,20.292,234.0,167.333,125.0,201.087
2017-05-02,190.125,1.208,76.0,46.458,22.0,4.833,8.875,9.667,0.792,9.458,0.75,10.333,215.0,155.208,92.0,194.958
2017-05-03,191.739,1.261,77.0,63.708,49.0,5.87,7.13,7.348,0.217,9.391,0.957,11.5,195.0,155.333,101.0,197.609
2017-05-04,190.875,1.042,90.0,72.125,49.0,5.167,5.25,5.417,0.167,9.375,0.375,12.708,207.0,165.667,129.0,196.042
2017-05-05,190.375,1.0,94.0,73.375,47.0,5.25,4.792,4.917,0.125,9.917,0.542,13.0,236.0,181.75,128.0,195.625
2017-05-06,191.167,1.167,95.0,73.667,55.0,6.708,7.042,7.375,0.333,12.625,0.417,16.667,269.0,208.792,135.0,197.875
2017-05-07,194.583,1.542,87.0,71.208,51.0,6.875,7.083,7.208,0.125,20.292,1.292,28.667,227.0,198.375,152.0,201.458
2017-05-08,194.083,1.5,82.0,50.958,29.0,6.208,9.25,9.583,0.333,26.917,1.333,39.708,274.0,206.708,129.0,200.292
2017-05-09,190.565,1.304,87.0,57.25,45.0,6.609,10.565,10.957,0.391,14.958,1.261,22.042,209.0,183.625,155.0,197.174
2017-05-10,190.542,1.542,99.0,94.792,90.0,7.375,12.5,12.958,0.458,10.1,0.0,18.2,165.0,155.083,144.0,197.917
2017-05-11,192.636,1.783,99.0,67.333,46.0,8.545,9.696,10.652,0.957,,0.522,,259.0,205.25,143.0,201.182
2017-05-12,193.833,2.125,88.0,69.625,41.0,9.333,12.75,13.292,0.542,,1.333,35.2,267.0,206.75,155.0,203.167
2017-05-13,193.708,1.667,99.0,94.917,88.0,7.292,7.625,7.625,0.0,11.667,0.333,23.333,191.0,166.208,150.0,201.0
2017-05-14,190.458,1.0,93.0,79.583,71.0,5.25,4.333,4.333,0.0,3.0,0.0,4.75,192.0,173.167,156.0,195.708
2017-05-15,190.87,1.174,91.0,85.333,75.0,8.174,9.783,10.174,0.391,12.583,0.261,15.75,198.0,169.0,147.0,199.043
2017-05-16,192.167,1.375,92.0,79.708,56.0,8.5,10.167,10.375,0.208,19.375,0.917,24.583,208.0,177.083,157.0,200.667
2017-05-17,193.25,1.167,90.0,76.542,68.0,8.458,11.833,12.25,0.417,11.875,0.792,16.208,175.0,161.625,150.0,201.708
2017-05-18,192.957,1.696,92.0,77.583,60.0,10.913,15.522,16.304,0.783,13.958,1.0,17.652,209.0,174.042,146.0,203.87
2017-05-19,191.583,1.958,94.0,75.0,52.0,10.042,12.167,13.125,0.958,17.375,0.833,21.167,242.0,190.083,134.0,201.625
2017-05-20,191.167,1.833,94.0,71.083,46.0,10.0,10.583,10.792,0.208,26.083,1.375,29.583,275.0,211.667,158.0,201.167
2017-05-21,191.174,1.826,89.0,65.292,38.0,12.174,8.913,9.217,0.304,23.833,1.261,29.292,294.0,228.75,171.0,203.348
2017-05-22,190.542,1.458,86.0,65.875,46.0,11.625,10.208,10.708,0.5,20.583,0.792,25.625,276.0,228.208,180.0,202.167
2017-05-23,189.417,1.125,89.0,68.667,47.0,9.708,8.0,8.667,0.667,14.375,0.458,18.833,255.0,217.25,177.0,199.125
2017-05-24,188.5,0.792,85.0,74.167,63.0,9.0,8.25,8.708,0.458,8.833,0.25,11.708,233.0,206.5,174.0,197.5
2017-05-25,189.913,1.0,99.0,85.167,73.0,10.261,12.87,14.087,1.217,8.478,0.609,13.043,206.0,194.542,184.0,200.174
2017-05-26,195.417,2.083,99.0,97.25,84.0,11.75,20.208,21.292,1.083,11.875,0.25,16.917,187.0,178.542,172.0,207.167
2017-05-27,191.13,1.304,99.0,86.708,76.0,10.043,9.783,10.522,0.739,14.583,0.261,22.5,227.0,194.958,173.0,201.174
2017-05-28,189.75,1.417,91.0,72.917,55.0,8.458,6.25,6.333,0.083,12.833,0.708,17.042,235.0,196.875,171.0,198.208
2017-05-29,189.333,1.458,95.0,76.167,55.0,9.458,8.292,8.708,0.417,14.042,0.875,19.0,246.0,201.417,158.0,198.792
2017-05-30,189.875,1.375,92.0,75.208,53.0,11.125,11.625,12.5,0.875,20.333,1.0,26.792,283.0,223.083,173.0,201.0
2017-05-31,189.958,1.458,91.0,78.333,69.0,10.5,9.958,10.5,0.542,25.25,0.583,34.0,263.0,227.5,198.0,200.458
2017-06-01,185.818,0.739,99.0,83.0,62.0,9.545,9.364,10.091,0.727,8.435,0.091,12.652,257.0,217.667,190.0,195.364
2017-06-02,190.696,1.0,94.0,54.625,24.0,10.348,7.043,7.391,0.348,7.083,0.0,10.208,290.0,224.375,174.0,201.043
2017-06-03,190.792,1.0,75.0,51.292,36.0,9.417,7.375,7.75,0.375,7.458,0.167,9.625,241.0,194.792,136.0,200.208
2017-06-04,189.792,1.0,63.0,47.708,36.0,7.333,4.042,4.083,0.042,6.25,0.042,7.458,236.0,191.292,145.0,197.125
2017-06-05,189.958,1.167,82.0,57.625,40.0,9.042,7.75,8.083,0.333,8.083,0.75,10.042,227.0,188.792,150.0,199.0
2017-06-06,188.375,1.208,95.0,76.458,59.0,9.5,8.583,9.042,0.458,8.75,0.958,11.875,216.0,184.625,152.0,197.875
2017-06-07,186.435,0.826,91.0,78.625,67.0,9.174,6.348,6.435,0.087,10.409,0.217,14.435,211.0,194.0,174.0,195.609
2017-06-08,188.304,0.783,85.0,76.625,66.0,8.957,7.13,7.609,0.478,6.875,0.0,9.083,245.0,211.0,185.0,197.261
2017-06-09,192.708,1.125,89.0,69.083,52.0,9.708,8.75,9.042,0.292,9.833,0.625,13.083,261.0,222.75,204.0,202.417
2017-06-10,192.167,1.25,90.0,61.625,42.0,10.0,7.75,7.958,0.208,14.583,0.708,19.667,287.0,235.292,186.0,202.167
2017-06-11,192.625,1.208,98.0,66.208,45.0,9.667,7.5,7.5,0.0,11.917,0.75,18.125,238.0,202.375,183.0,202.292
2017-06-12,190.875,0.458,97.0,71.5,47.0,8.0,6.667,6.917,0.25,7.833,0.292,11.0,219.0,185.458,141.0,198.875
2017-06-13,193.208,1.333,99.0,96.083,70.0,10.292,14.292,14.917,0.625,9.667,0.292,11.958,188.0,157.375,146.0,203.5
2017-06-14,192.0,1.217,99.0,82.875,62.0,9.609,10.087,10.522,0.435,13.375,0.435,16.792,228.0,185.0,149.0,201.609
2017-06-15,192.13,1.609,94.0,80.333,58.0,10.478,11.5,12.227,0.727,13.739,1.455,18.696,246.0,202.542,173.0,202.609
2017-06-16,191.333,1.375,93.0,76.542,55.0,10.542,10.833,11.167,0.333,19.958,1.083,27.417,272.0,213.958,177.0,201.875
2017-06-17,191.917,1.167,84.0,65.833,48.0,9.583,10.542,10.958,0.417,10.458,1.208,12.875,257.0,211.417,164.0,201.5
2017-06-18,191.167,1.0,98.0,84.833,69.0,8.042,6.708,6.792,0.083,10.917,0.542,14.708,209.0,187.958,176.0,199.208
2017-06-19,191.375,1.208,89.0,67.417,33.0,9.083,8.958,9.417,0.458,14.583,1.0,18.375,284.0,221.958,179.0,200.458
2017-06-20,191.348,1.478,93.0,78.333,58.0,9.391,7.385,7.692,0.308,25.958,1.522,34.167,267.0,219.917,174.0,200.739
2017-06-21,186.792,0.833,99.0,93.167,76.0,8.375,7.875,8.417,0.542,11.167,0.042,18.625,228.0,212.333,188.0,195.167
2017-06-22,189.565,1.478,99.0,75.75,55.0,10.696,11.182,12.682,1.5,9.583,0.364,14.043,251.0,224.5,199.0,200.261
2017-06-23,189.292,1.875,93.0,74.125,52.0,10.208,11.458,12.042,0.583,17.708,1.25,23.0,282.0,233.458,188.0,199.5
2017-06-24,187.542,1.083,92.0,76.417,54.0,8.125,7.478,7.913,0.435,14.0,0.348,18.25,273.0,229.917,189.0,195.667
2017-06-25,187.375,1.0,99.0,92.708,84.0,8.292,7.375,7.625,0.25,11.208,0.25,17.625,232.0,214.25,192.0,195.667
2017-06-26,192.652,1.87,95.0,85.333,69.0,11.435,11.042,11.917,0.875,15.125,1.167,21.917,256.0,227.625,213.0,204.087
2017-06-27,195.292,2.208,99.0,92.083,80.0,13.292,14.042,14.625,0.583,21.0,0.792,30.25,244.0,222.125,206.0,208.583
2017-06-28,191.833,2.375,99.0,92.333,79.0,12.458,10.667,11.083,0.417,21.292,0.75,29.333,252.0,221.75,207.0,204.292
2017-06-29,190.609,1.478,96.0,84.583,68.0,12.391,10.304,10.826,0.522,16.217,0.652,22.87,270.0,234.708,204.0,203.0
2017-06-30,188.833,1.417,99.0,94.875,88.0,12.5,12.783,14.0,1.217,10.667,0.087,18.167,242.0,226.167,216.0,201.333
2017-07-01,189.667,1.5,99.0,92.75,82.0,14.167,11.875,16.042,4.167,8.083,0.208,16.167,231.0,223.5,213.0,203.833
2017-07-02,185.087,1.217,99.0,87.333,65.0,12.13,10.25,11.125,0.875,10.0,0.458,18.792,294.0,247.542,206.0,197.217
2017-07-03,187.083,1.333,99.0,77.75,66.0,12.792,11.5,13.667,2.167,21.125,0.708,33.833,316.0,279.5,237.0,199.875
2017-07-04,189.25,1.875,99.0,85.875,76.0,16.458,15.833,17.5,1.667,18.375,0.958,31.125,280.0,257.708,222.0,205.708
2017-07-05,183.417,0.667,99.0,85.542,61.0,10.167,9.667,11.042,1.375,7.917,0.417,16.458,306.0,255.083,219.0,193.583
2017-07-06,189.409,0.87,99.0,82.875,63.0,9.409,7.682,8.0,0.318,11.609,0.818,17.826,293.0,250.083,221.0,198.818
2017-07-07,191.417,1.417,94.0,78.25,60.0,11.0,9.083,9.5,0.417,18.25,1.083,25.917,306.0,260.917,226.0,202.417
2017-07-08,190.826,1.957,94.0,75.583,53.0,12.261,10.458,10.75,0.292,25.333,1.125,35.25,315.0,266.167,223.0,203.087
2017-07-09,185.042,1.167,97.0,81.958,59.0,9.625,6.833,7.0,0.167,23.083,1.25,34.542,305.0,263.917,226.0,194.667
2017-07-10,181.167,0.5,96.0,82.333,62.0,8.833,8.208,9.625,1.417,12.542,0.875,20.417,308.0,263.167,223.0,190.0
2017-07-11,177.417,0.0,97.0,81.458,70.0,7.375,6.5,8.167,1.667,7.333,0.542,11.875,298.0,267.25,234.0,184.792
2017-07-12,178.792,0.167,92.0,78.417,65.0,8.417,8.261,9.348,1.087,12.458,0.435,19.708,324.0,284.25,248.0,187.208
2017-07-13,177.273,0.087,93.0,82.042,72.0,7.455,6.409,8.091,1.682,9.958,0.227,16.591,300.0,274.5,254.0,184.727
2017-07-14,178.087,0.087,93.0,80.333,65.0,6.261,6.083,7.542,1.458,7.167,0.375,13.458,308.0,270.208,245.0,184.348
2017-07-15,181.208,0.875,94.0,76.708,54.0,8.833,9.167,10.542,1.375,12.792,0.542,21.083,320.0,276.667,237.0,190.042
2017-07-16,182.125,1.125,86.0,71.417,58.0,10.167,7.292,7.458,0.167,18.5,0.875,27.667,326.0,288.25,254.0,192.292
2017-07-17,185.25,1.333,81.0,67.0,46.0,10.042,8.417,8.833,0.417,17.292,1.25,24.458,328.0,292.958,268.0,195.292
2017-07-18,190.25,1.208,99.0,87.5,64.0,9.792,10.522,10.913,0.391,16.667,0.696,24.875,298.0,249.875,219.0,200.042
2017-07-19,188.458,1.167,99.0,85.0,63.0,8.625,9.208,10.292,1.083,13.667,0.792,22.542,292.0,251.375,216.0,197.083
2017-07-20,182.227,0.682,95.0,83.625,70.0,7.636,6.217,6.913,0.696,11.478,0.783,18.522,301.0,266.208,235.0,189.864
2017-07-21,176.542,0.0,97.0,81.458,65.0,7.583,5.333,6.5,1.167,9.458,1.0,16.083,309.0,275.5,249.0,184.125
2017-07-22,177.208,0.125,92.0,79.333,67.0,8.625,6.292,7.958,1.667,10.083,0.917,16.083,305.0,275.542,246.0,185.833
2017-07-23,177.958,0.0,88.0,83.167,79.0,8.292,5.0,5.75,0.75,7.0,0.083,11.708,273.0,264.208,255.0,186.25
2017-07-24,180.708,0.25,94.0,78.583,65.0,9.667,8.087,9.826,1.739,11.625,0.174,18.833,320.0,284.042,251.0,190.375
2017-07-25,184.458,0.583,94.0,84.25,73.0,11.125,10.042,10.917,0.875,14.708,0.083,25.375,315.0,283.5,263.0,195.583
2017-07-26,190.957,1.13,99.0,93.917,83.0,8.391,11.25,11.958,0.708,9.0,0.25,17.625,269.0,240.208,230.0,199.348
2017-07-27,188.174,1.0,99.0,83.042,73.0,7.565,8.696,9.174,0.478,8.583,0.565,13.174,258.0,239.0,224.0,195.739
2017-07-28,188.0,1.208,99.0,83.542,64.0,10.0,11.042,11.583,0.542,13.708,0.625,21.5,300.0,263.708,230.0,198.0
2017-07-29,182.5,0.792,99.0,87.583,64.0,8.917,10.375,11.708,1.333,10.292,0.958,19.333,305.0,258.333,226.0,191.417
2017-07-30,183.292,0.375,99.0,95.958,87.0,8.667,8.391,9.696,1.304,5.833,0.13,11.875,261.0,240.958,225.0,191.958
2017-07-31,182.583,0.917,99.0,86.458,69.0,9.708,9.458,11.208,1.75,12.125,0.833,20.292,311.0,267.125,231.0,192.292
2017-08-01,184.478,1.087,99.0,93.375,79.0,8.87,11.125,12.25,1.125,13.583,0.5,23.917,293.0,252.417,224.0,193.348
2017-08-02,182.5,0.375,99.0,93.833,83.0,6.417,8.833,9.458,0.625,6.625,0.0,14.125,228.0,215.667,207.0,188.917
2017-08-03,185.0,0.826,94.0,82.417,68.0,8.182,12.913,14.13,1.217,8.19,0.957,13.696,269.0,233.333,201.0,193.182
2017-08-04,185.208,1.042,99.0,89.042,77.0,8.708,12.667,13.875,1.208,8.875,0.792,16.542,281.0,250.125,218.0,193.917
2017-08-05,186.583,1.083,98.0,87.792,72.0,10.5,9.783,10.435,0.652,13.75,0.609,24.208,301.0,270.75,244.0,197.083
2017-08-06,177.375,0.083,98.0,88.292,75.0,6.792,4.958,5.375,0.417,10.583,0.25,20.542,312.0,278.583,260.0,184.167
2017-08-07,181.261,0.478,99.0,88.333,74.0,6.652,4.833,6.375,1.542,11.5,0.25,24.583,307.0,275.375,246.0,187.913
2017-08-08,184.958,1.125,99.0,84.5,70.0,6.833,5.417,5.667,0.25,10.625,0.125,28.792,317.0,283.333,256.0,191.792
2017-08-09,189.833,1.542,97.0,84.833,56.0,11.292,12.083,13.167,1.083,13.958,0.542,27.833,351.0,286.708,257.0,201.125
2017-08-10,189.13,1.261,99.0,94.0,86.0,9.957,13.565,14.87,1.304,19.333,1.261,35.696,271.0,248.708,219.0,199.087
2017-08-11,183.667,0.625,99.0,97.75,91.0,8.25,7.348,7.913,0.565,7.458,0.087,14.875,236.0,221.208,212.0,191.917
2017-08-12,186.542,0.875,99.0,91.333,76.0,9.333,8.5,9.125,0.625,7.917,0.25,14.333,273.0,236.75,203.0,195.875
2017-08-13,189.87,1.261,98.0,88.875,73.0,11.13,9.417,10.333,0.917,9.25,0.75,16.625,284.0,255.625,234.0,201.0
2017-08-14,188.75,1.333,99.0,98.625,95.0,10.75,11.75,12.75,1.0,9.875,0.417,19.333,249.0,236.375,229.0,199.5
2017-08-15,187.25,0.75,99.0,99.0,99.0,8.792,8.958,10.167,1.208,4.125,0.25,10.208,230.0,224.375,215.0,196.042
2017-08-16,183.875,0.125,99.0,99.0,99.0,6.708,5.542,5.958,0.417,2.375,0.0,6.833,215.0,207.208,201.0,190.583
2017-08-17,185.087,0.652,99.0,90.708,79.0,7.826,10.409,11.227,0.818,5.478,0.136,11.087,266.0,236.292,202.0,192.913
2017-08-18,191.042,1.917,99.0,92.542,84.0,11.083,18.625,21.5,2.875,14.542,1.167,27.708,273.0,253.0,237.0,202.125
2017-08-19,190.043,1.261,99.0,91.917,75.0,7.522,10.333,11.208,0.875,12.375,0.167,22.583,299.0,252.542,216.0,197.565
2017-08-20,186.292,1.167,99.0,90.792,78.0,5.667,8.042,8.375,0.333,7.5,0.5,13.75,272.0,242.625,215.0,191.958
2017-08-21,186.375,1.417,94.0,84.917,70.0,6.208,10.5,11.333,0.833,13.292,1.333,22.0,293.0,260.375,239.0,192.583
2017-08-22,184.917,1.292,99.0,86.083,75.0,7.375,10.167,11.375,1.208,18.375,0.292,30.792,304.0,271.167,234.0,192.292
2017-08-23,186.375,1.417,94.0,76.458,57.0,8.75,11.391,12.304,0.913,17.25,0.609,27.083,318.0,286.083,245.0,195.125
2017-08-24,186.174,1.696,94.0,76.792,49.0,12.826,14.348,15.696,1.348,21.913,0.739,34.261,333.0,285.917,254.0,199.0
2017-08-25,183.826,1.391,93.0,74.958,59.0,14.043,13.958,15.583,1.625,17.083,0.583,25.75,324.0,290.375,250.0,197.87
2017-08-26,188.917,1.708,93.0,75.667,55.0,14.0,11.917,12.708,0.792,16.208,1.083,25.208,300.0,279.875,257.0,202.917
2017-08-27,189.833,1.292,77.0,67.792,58.0,9.708,8.0,8.167,0.167,13.565,1.25,20.042,278.0,256.708,226.0,199.542
2017-08-28,189.167,1.5,94.0,80.083,63.0,9.833,9.708,10.333,0.625,14.375,1.0,22.792,296.0,249.75,209.0,199.0
2017-08-29,181.875,0.583,95.0,82.583,72.0,9.458,9.304,10.348,1.043,14.833,0.913,24.25,307.0,275.0,237.0,191.333
2017-08-30,186.273,0.957,99.0,88.417,72.0,11.682,11.652,13.391,1.739,16.391,0.739,30.087,317.0,264.625,231.0,197.955
2017-08-31,188.913,1.0,99.0,90.5,74.0,8.0,8.0,8.583,0.583,6.5,0.292,15.458,228.0,212.542,197.0,196.913
2017-09-01,188.958,1.0,94.0,73.667,51.0,7.042,6.583,6.792,0.208,6.375,0.708,9.208,257.0,208.958,168.0,196.0
2017-09-02,188.208,1.0,99.0,81.2,66.0,6.25,5.125,5.417,0.292,4.208,0.042,6.542,234.0,193.6,152.0,194.458
2017-09-03,188.417,1.125,96.0,82.375,65.0,8.125,6.292,6.542,0.25,8.042,0.875,12.208,252.0,213.667,167.0,196.542
2017-09-04,190.833,1.125,99.0,86.083,76.0,9.167,12.522,13.435,0.913,9.375,0.957,14.875,207.0,198.208,181.0,200.0
2017-09-05,191.75,1.583,99.0,83.292,67.0,11.417,13.583,14.542,0.958,12.708,0.917,18.417,261.0,224.833,181.0,203.167
2017-09-06,192.826,1.739,99.0,98.375,95.0,12.826,17.333,18.333,1.0,11.75,0.583,18.792,222.0,209.792,193.0,205.652
2017-09-07,196.739,2.826,99.0,97.875,93.0,19.087,22.0,24.087,2.087,27.13,1.043,36.739,228.0,216.875,202.0,215.826
2017-09-08,193.583,2.042,99.0,89.708,73.0,14.542,15.792,16.5,0.708,19.917,0.958,28.375,270.0,233.542,213.0,208.125
2017-09-09,188.833,1.333,95.0,79.708,54.0,9.208,11.125,11.792,0.667,11.792,1.208,16.917,279.0,233.875,203.0,198.042
2017-09-10,186.875,1.333,92.0,82.625,68.0,8.292,7.739,8.13,0.391,12.958,0.957,19.292,283.0,241.458,206.0,195.167
2017-09-11,184.542,0.625,99.0,83.417,65.0,6.792,6.625,7.167,0.542,9.292,0.208,14.917,277.0,243.25,209.0,191.333
2017-09-12,189.696,1.957,99.0,95.75,90.0,14.913,17.292,23.125,5.833,7.958,0.333,14.833,248.0,234.458,224.0,204.609
2017-09-13,189.417,1.583,99.0,80.792,56.0,11.333,10.917,14.583,3.667,8.958,0.667,14.958,296.0,250.25,219.0,200.75
2017-09-14,189.13,1.435,88.0,73.625,51.0,9.87,11.391,12.043,0.652,12.5,1.13,18.13,291.0,247.25,218.0,199.0
2017-09-15,189.167,1.292,80.0,64.042,45.0,7.042,9.833,10.167,0.333,8.542,1.042,12.083,261.0,227.167,206.0,196.208
2017-09-16,192.083,1.292,99.0,84.0,68.0,9.417,12.652,13.522,0.87,10.522,0.696,16.333,209.0,192.125,173.0,201.5
2017-09-17,188.958,1.0,99.0,99.0,99.0,5.958,5.625,5.875,0.25,2.25,0.0,4.792,190.0,176.125,165.0,194.917
2017-09-18,186.174,0.565,99.0,66.958,47.0,6.087,5.083,5.208,0.125,4.917,0.417,11.458,318.0,265.667,215.0,192.261
2017-09-19,189.125,1.833,92.0,72.542,56.0,9.917,13.667,14.875,1.208,10.917,1.417,16.625,270.0,236.708,200.0,199.042
2017-09-20,194.167,2.375,88.0,82.208,76.0,15.208,22.083,23.5,1.417,16.875,1.292,25.208,231.0,218.5,204.0,209.375
2017-09-21,192.318,2.13,91.0,65.0,42.0,11.136,14.864,15.727,0.864,16.696,1.261,20.913,273.0,224.625,175.0,203.455
2017-09-22,192.0,2.042,99.0,86.042,72.0,11.042,17.261,18.696,1.435,12.875,0.739,17.792,233.0,200.5,184.0,203.042
2017-09-23,188.25,1.417,99.0,91.333,73.0,9.375,7.25,7.5,0.25,5.375,0.167,9.667,221.0,191.417,173.0,197.625
2017-09-24,190.348,2.0,98.0,84.917,70.0,9.957,10.25,10.958,0.708,9.167,0.667,14.583,245.0,210.417,181.0,200.304
2017-09-25,189.625,2.042,96.0,82.167,61.0,9.167,11.417,12.208,0.792,13.75,1.125,19.25,268.0,226.625,199.0,198.792
2017-09-26,188.583,1.375,93.0,81.917,62.0,8.708,10.583,10.958,0.375,14.333,0.792,18.625,264.0,225.125,191.0,197.292
2017-09-27,187.667,1.208,98.0,83.125,69.0,7.792,9.333,10.417,1.083,12.458,0.167,17.083,251.0,221.625,188.0,195.458
2017-09-28,188.091,1.0,99.0,93.875,77.0,6.045,8.136,8.364,0.227,6.0,0.045,9.826,237.0,184.583,153.0,194.136
2017-09-29,188.208,1.417,98.0,81.75,61.0,7.167,10.917,11.542,0.625,7.708,0.75,11.958,232.0,188.625,152.0,195.375
2017-09-30,191.739,1.696,93.0,77.292,62.0,10.478,14.25,14.75,0.5,13.333,0.833,18.25,227.0,189.917,163.0,202.217
2017-10-01,190.125,1.708,95.0,77.208,57.0,7.708,9.042,9.333,0.292,12.583,1.083,17.565,237.0,193.833,143.0,197.833
2017-10-02,190.583,1.583,99.0,85.833,69.0,10.042,14.292,15.625,1.333,11.75,0.333,17.958,234.0,205.75,183.0,200.625
2017-10-03,190.625,1.417,99.0,79.375,55.0,8.292,10.833,11.667,0.833,12.208,0.792,16.917,269.0,218.458,183.0,198.917
2017-10-04,188.333,1.042,88.0,62.125,44.0,5.958,5.913,6.087,0.174,6.5,0.348,10.125,197.0,177.333,151.0,194.292
2017-10-05,191.435,1.13,79.0,62.292,51.0,6.783,13.13,13.913,0.783,7.609,0.783,9.522,182.0,153.417,132.0,198.217
2017-10-06,191.217,1.304,99.0,81.75,66.0,8.391,14.833,15.917,1.083,9.167,1.125,12.917,165.0,145.417,132.0,199.609
2017-10-07,189.333,1.417,99.0,92.75,75.0,7.625,9.667,10.417,0.75,2.708,0.417,6.083,218.0,179.125,145.0,196.958
2017-10-08,191.792,1.333,99.0,86.667,65.0,9.792,8.5,9.708,1.208,7.792,0.917,12.667,248.0,202.542,165.0,201.583
2017-10-09,190.833,1.75,99.0,83.5,62.0,8.125,9.958,10.375,0.417,10.917,1.333,14.083,252.0,204.833,169.0,198.958
2017-10-10,192.208,2.25,98.0,82.75,58.0,11.917,14.391,15.609,1.217,18.792,0.87,25.125,277.0,220.458,173.0,204.125
2017-10-11,197.583,2.667,99.0,91.083,84.0,15.125,21.042,22.917,1.875,28.375,0.875,38.125,234.0,209.792,190.0,212.708
2017-10-12,194.591,2.273,99.0,82.542,59.0,13.318,15.043,16.957,1.913,21.917,0.826,29.391,275.0,222.792,185.0,207.909
2017-10-13,189.667,1.0,99.0,97.0,86.0,7.083,10.833,11.292,0.458,3.833,0.375,6.0,181.0,146.667,137.0,196.75
2017-10-14,190.708,1.292,99.0,97.0,92.0,7.5,10.833,11.5,0.667,5.125,0.625,8.083,146.0,139.458,129.0,198.208
2017-10-15,191.667,1.042,99.0,97.542,92.0,7.333,9.583,10.208,0.625,6.625,1.0,10.083,147.0,140.5,129.0,199.0
2017-10-16,191.208,1.0,99.0,99.0,99.0,5.667,9.435,10.0,0.565,4.542,0.783,7.417,129.0,117.458,109.0,196.875
2017-10-17,193.167,1.5,99.0,97.083,92.0,8.625,16.75,18.542,1.792,6.5,1.125,9.167,140.0,125.25,111.0,201.792
2017-10-18,194.087,1.304,99.0,78.542,59.0,8.174,12.042,14.833,2.792,10.833,1.0,13.958,173.0,133.125,99.0,202.261
2017-10-19,191.913,1.0,99.0,98.167,89.0,5.826,9.957,10.522,0.565,6.435,0.913,8.609,108.0,100.75,92.0,197.739
2017-10-20,190.292,1.0,99.0,98.25,94.0,5.75,8.458,9.042,0.583,1.5,0.667,3.917,157.0,137.583,109.0,196.042
2017-10-21,190.75,1.083,99.0,99.0,99.0,6.25,10.208,10.75,0.542,1.458,0.375,4.583,163.0,158.625,152.0,197.0
2017-10-22,191.042,0.917,99.0,99.0,99.0,5.667,5.609,5.652,0.043,1.333,0.0,3.0,170.0,165.833,157.0,196.708
2017-10-23,193.417,0.75,99.0,66.625,37.0,4.667,5.333,5.583,0.25,1.667,0.625,5.5,216.0,176.708,138.0,198.083
2017-10-24,193.524,1.409,80.0,66.083,58.0,8.429,14.826,15.739,0.913,9.0,0.783,12.522,162.0,141.667,128.0,201.952
2017-10-25,194.625,1.792,99.0,90.958,77.0,11.875,18.792,22.542,3.75,13.458,0.875,17.417,138.0,118.917,104.0,206.5
2017-10-26,194.875,2.167,98.0,77.667,45.0,13.042,20.042,23.458,3.417,10.833,0.958,13.958,184.0,129.042,90.0,207.917
2017-10-27,195.167,2.375,96.0,76.042,50.0,15.042,21.458,27.167,5.708,14.042,0.875,19.333,187.0,131.458,78.0,210.208
2017-10-28,191.875,2.083,99.0,87.833,77.0,10.042,16.087,17.435,1.348,17.125,1.087,22.083,150.0,135.417,128.0,201.917
2017-10-29,190.917,1.208,99.0,99.0,99.0,6.75,8.125,8.292,0.167,4.125,0.417,7.583,160.0,141.0,128.0,197.667
2017-10-30,190.909,1.045,99.0,54.333,35.0,5.182,5.348,5.783,0.435,5.13,0.696,7.043,175.0,146.083,98.0,196.091
2017-10-31,190.583,2.0,87.0,61.125,42.0,8.5,14.625,16.833,2.208,8.292,0.917,10.75,156.0,114.292,72.0,199.083
2017-11-01,193.667,2.917,94.0,77.0,56.0,13.75,22.667,30.125,7.458,12.333,1.042,16.375,162.0,116.25,78.0,207.417
2017-11-02,193.458,2.667,98.0,75.625,52.0,13.042,20.25,26.583,6.333,14.75,1.167,20.208,189.0,137.208,75.0,206.5
2017-11-03,189.708,1.875,99.0,77.542,48.0,8.292,12.783,13.739,0.957,13.458,0.565,17.667,208.0,158.083,122.0,198.0
2017-11-04,191.708,2.167,92.0,69.042,51.0,8.5,11.917,13.875,1.958,12.458,0.708,15.375,207.0,149.042,114.0,200.208
2017-11-05,191.565,1.696,88.0,60.792,41.0,7.217,10.417,10.875,0.458,14.042,0.542,16.625,158.0,115.5,79.0,198.783
2017-11-06,194.958,2.792,93.0,76.875,59.0,15.75,24.208,29.75,5.542,18.25,0.75,22.792,186.0,119.833,65.0,210.708
2017-11-07,193.417,2.5,97.0,79.167,57.0,14.333,22.5,33.9,11.4,19.792,0.708,23.5,206.0,140.5,80.0,207.75
2017-11-08,198.826,4.391,95.0,90.542,84.0,26.652,,,,29.043,0.87,,153.0,133.75,111.0,225.478
2017-11-09,192.625,1.5,96.0,57.875,38.0,6.917,8.375,8.75,0.375,12.5,0.652,15.083,170.0,131.375,94.0,199.542
2017-11-10,195.5,2.625,87.0,72.583,56.0,14.625,24.25,30.292,6.042,17.625,1.042,21.792,165.0,109.125,62.0,210.125
2017-11-11,191.957,0.913,75.0,52.792,42.0,4.696,6.917,7.625,0.708,7.125,0.583,9.083,183.0,152.375,113.0,196.652
2017-11-12,192.25,1.542,65.0,48.875,39.0,6.167,9.292,9.792,0.5,7.0,1.083,8.167,148.0,115.083,84.0,198.417
2017-11-13,194.0,2.25,98.0,73.958,55.0,12.042,22.792,28.083,5.292,14.833,1.458,18.583,161.0,103.125,56.0,206.042
2017-11-14,196.417,2.333,99.0,91.625,71.0,16.292,25.708,33.542,7.833,20.083,0.917,28.125,139.0,114.292,95.0,212.708
2017-11-15,196.375,,99.0,87.667,71.0,14.167,22.13,30.0,7.87,15.125,0.913,20.292,155.0,117.0,93.0,210.542
2017-11-16,193.522,1.0,95.0,63.75,39.0,8.739,14.478,18.913,4.435,8.708,0.609,10.348,140.0,100.0,63.0,202.261
2017-11-17,196.565,2.5,86.0,67.917,48.0,12.522,23.542,30.0,6.458,10.0,1.417,11.458,120.0,80.708,42.0,209.087
2017-11-18,199.125,3.042,83.0,76.125,45.0,18.0,24.875,35.75,10.875,24.125,1.208,25.083,118.0,90.708,66.0,217.125
2017-11-19,194.625,1.417,64.0,48.958,39.0,5.125,8.0,8.625,0.625,4.417,1.583,5.375,108.0,79.167,45.0,199.75
2017-11-20,196.625,2.458,81.0,65.708,48.0,9.75,23.708,33.375,9.667,13.708,1.042,14.0,91.0,53.583,24.0,206.375
2017-11-21,,2.0,81.0,55.542,36.0,,16.913,21.043,4.13,6.417,1.0,8.042,104.0,65.042,21.0,
2017-11-22,198.444,2.609,97.0,74.542,53.0,15.889,27.583,35.083,7.5,21.87,1.0,21.208,95.0,54.208,18.0,214.333
2017-11-23,197.217,1.958,99.0,81.417,54.0,10.087,15.792,19.833,4.042,15.75,0.917,16.292,149.0,86.75,51.0,207.304
2017-11-24,195.913,2.304,77.0,61.167,40.0,10.696,18.783,24.0,5.217,5.739,0.783,7.348,128.0,80.667,42.0,206.609
2017-11-25,199.083,2.958,80.0,62.333,36.0,16.958,27.083,34.542,7.458,9.833,0.917,10.958,130.0,71.708,18.0,216.042
2017-11-26,194.0,2.0,87.0,62.75,33.0,11.583,13.667,15.542,1.875,10.917,1.0,13.042,162.0,97.875,24.0,205.583
2017-11-27,194.333,2.042,77.0,65.542,52.0,9.583,16.565,18.261,1.696,9.583,1.0,12.167,128.0,103.958,71.0,203.917
2017-11-28,194.208,2.435,94.0,79.0,68.0,13.958,20.417,25.75,5.333,18.417,1.125,21.208,142.0,105.708,80.0,208.167
2017-11-29,195.273,2.304,95.0,72.0,50.0,13.5,20.478,25.391,4.913,14.208,0.957,16.696,182.0,121.25,51.0,208.773
2017-11-30,198.208,2.125,99.0,84.667,64.0,13.0,20.167,23.667,3.5,14.958,0.875,17.0,124.0,99.458,72.0,211.208
2017-12-01,195.458,1.833,99.0,90.917,80.0,9.792,18.917,22.167,3.25,9.333,0.583,9.625,87.0,75.583,65.0,205.25
2017-12-02,197.083,2.292,92.0,70.5,47.0,13.375,20.583,26.042,5.458,10.167,1.0,10.0,96.0,62.5,33.0,210.458
2017-12-03,195.917,2.792,89.0,72.167,54.0,12.375,16.217,19.565,3.348,14.458,1.391,14.5,113.0,67.667,27.0,208.292
2017-12-04,195.875,2.348,89.0,71.875,48.0,14.0,23.375,31.333,7.958,11.583,1.0,13.917,119.0,73.375,15.0,209.875
2017-12-05,193.522,1.458,92.0,58.5,29.0,7.261,14.167,18.0,3.833,6.792,0.792,8.125,138.0,83.542,31.0,200.783
2017-12-06,197.727,2.696,71.0,57.875,40.0,14.682,21.522,28.565,7.043,13.261,0.913,15.0,93.0,53.083,18.0,212.409
2017-12-07,198.917,3.25,86.0,69.875,51.0,17.958,25.625,37.375,11.75,15.167,1.542,14.292,107.0,54.042,9.0,216.875
2017-12-08,199.375,3.167,90.0,80.083,61.0,15.667,23.417,35.958,12.542,16.727,0.875,15.792,81.0,42.375,13.0,215.042
2017-12-09,198.042,2.917,89.0,65.542,43.0,11.292,20.826,25.609,4.783,7.333,1.391,7.625,95.0,42.958,2.0,209.333
2017-12-10,198.042,2.826,85.0,67.583,49.0,12.792,18.125,21.708,3.583,14.091,0.917,13.167,116.0,52.042,1.0,210.833
2017-12-11,198.478,2.75,84.0,59.125,27.0,11.913,20.083,29.542,9.458,13.565,1.042,14.583,151.0,80.875,27.0,210.391
2017-12-12,195.25,1.458,53.0,38.625,28.0,4.917,13.625,15.042,1.417,4.773,0.875,5.583,90.0,56.875,24.0,200.167
2017-12-13,197.87,2.0,67.0,48.542,32.0,9.783,18.955,26.045,7.091,6.318,1.043,6.739,87.0,37.083,-10.0,207.652
2017-12-14,194.542,1.667,66.0,45.625,26.0,5.042,14.875,17.75,2.875,4.609,1.042,5.417,92.0,41.208,-3.0,199.583
2017-12-15,201.417,3.833,72.0,59.75,45.0,18.0,32.13,50.826,18.696,13.895,1.13,14.167,71.0,32.583,4.0,219.417
2017-12-16,201.042,3.87,79.0,65.0,49.0,19.583,31.833,46.917,15.083,20.042,1.375,22.042,128.0,60.792,7.0,220.625
2017-12-17,195.391,1.708,85.0,50.0,32.0,5.13,11.125,13.125,2.0,6.0,1.125,7.375,74.0,43.375,13.0,200.522
2017-12-18,198.417,2.958,75.0,61.167,46.0,13.542,25.75,37.542,11.792,13.375,1.375,13.708,86.0,28.292,-19.0,211.958
2017-12-19,196.542,2.5,84.0,57.625,38.0,8.917,19.417,27.875,8.458,9.458,1.042,10.042,126.0,49.5,-3.0,205.458
2017-12-20,200.167,3.208,74.0,59.792,42.0,15.25,28.0,43.167,15.167,12.0,1.208,12.0,83.0,37.5,4.0,215.417
2017-12-21,201.348,3.435,83.0,66.417,46.0,19.435,29.381,46.048,16.667,17.0,1.136,17.652,89.0,35.625,-15.0,220.783
2017-12-22,201.875,3.87,84.0,70.292,49.0,22.083,35.417,48.208,12.792,23.0,1.5,22.292,99.0,41.708,-4.0,223.958
2017-12-23,199.783,3.083,88.0,65.042,37.0,17.261,25.696,31.174,5.478,18.292,1.167,19.25,132.0,58.333,-4.0,217.043
2017-12-24,203.583,3.75,92.0,68.833,49.0,20.25,26.125,33.042,6.917,23.875,1.25,24.667,101.0,60.792,14.0,223.833
2017-12-25,198.333,2.417,97.0,64.917,37.0,8.458,14.5,16.333,1.833,18.375,1.083,20.042,141.0,81.083,45.0,206.792
2017-12-26,197.667,1.583,78.0,49.208,28.0,7.625,13.333,17.75,4.417,5.292,0.875,5.0,126.0,67.125,15.0,205.292
2017-12-27,198.292,1.583,78.0,49.292,27.0,7.458,13.5,17.208,3.708,4.292,1.0,4.5,78.0,29.708,-15.0,205.75
2017-12-28,197.182,1.727,71.0,48.167,27.0,10.409,18.304,23.783,5.478,4.875,1.13,5.565,81.0,24.75,-29.0,207.591
2017-12-29,196.348,1.958,68.0,50.542,29.0,9.565,15.913,18.739,2.826,6.875,1.125,7.375,87.0,37.083,-14.0,205.913
2017-12-30,195.625,1.292,62.0,44.417,26.0,5.917,9.125,10.0,0.875,5.125,1.125,5.833,101.0,51.583,5.0,201.542
2017-12-31,199.667,2.333,83.0,67.333,58.0,12.375,15.833,18.125,2.292,12.5,1.042,12.917,51.0,25.375,5.0,212.042
2018-01-01,198.417,1.958,85.0,62.0,38.0,8.917,12.375,13.917,1.542,7.542,0.458,10.5,102.0,40.792,-15.0,207.333
2018-01-02,197.25,1.375,81.0,55.875,33.0,6.333,10.417,11.417,1.0,4.25,0.478,5.583,99.0,44.708,-2.0,203.583
2018-01-03,197.125,1.625,76.0,53.208,24.0,6.708,10.174,11.478,1.304,3.583,0.125,4.917,101.0,36.083,-20.0,203.833
2018-01-04,197.042,2.0,75.0,55.625,37.0,7.583,14.25,17.125,2.875,5.625,0.292,7.625,97.0,41.792,-23.0,204.625
2018-01-05,199.913,2.174,84.0,59.75,41.0,7.957,13.583,15.625,2.042,5.833,0.625,7.875,131.0,60.708,-8.0,207.87
2018-01-06,196.25,1.292,72.0,49.625,41.0,4.208,7.792,8.583,0.792,4.667,0.083,6.292,70.0,40.75,2.0,200.458
2018-01-07,197.625,1.833,77.0,49.042,25.0,8.75,17.667,20.042,2.375,4.917,0.25,6.833,99.0,41.0,-13.0,206.375
2018-01-08,202.958,2.958,74.0,60.833,44.0,17.25,31.875,45.167,13.292,12.0,0.783,15.417,99.0,36.833,-22.0,220.208
2018-01-09,195.833,1.333,73.0,44.958,23.0,5.833,11.13,12.13,1.0,5.917,0.833,8.208,72.0,38.792,-6.0,201.667
2018-01-10,206.261,3.739,69.0,54.75,41.0,19.652,35.636,58.364,22.727,15.826,0.864,18.957,43.0,8.5,-26.0,225.913
2018-01-11,198.696,1.304,72.0,50.458,23.0,6.826,15.292,19.5,4.208,6.875,0.708,10.083,125.0,57.583,-10.0,205.522
2018-01-12,200.958,2.125,87.0,67.333,56.0,11.708,24.875,28.042,3.167,15.5,1.083,19.125,59.0,39.917,27.0,212.667
2018-01-13,199.958,1.417,86.0,61.792,43.0,7.375,12.333,13.292,0.958,12.333,1.0,15.625,91.0,56.75,21.0,207.333
2018-01-14,200.522,1.792,85.0,63.583,39.0,10.217,17.583,19.958,2.375,9.25,0.304,12.292,86.0,38.5,-7.0,210.739
2018-01-15,204.583,3.25,92.0,78.833,63.0,16.917,30.87,52.348,21.478,16.875,1.042,19.0,95.0,36.583,-10.0,221.5
2018-01-16,205.167,3.333,92.0,56.375,37.0,10.042,16.167,21.792,5.625,10.292,0.75,12.833,97.0,55.042,12.0,215.208
2018-01-17,207.682,3.864,77.0,60.75,47.0,16.136,23.478,32.391,8.913,12.917,1.0,16.217,107.0,53.792,5.0,223.818
2018-01-18,198.708,1.667,77.0,40.542,21.0,8.5,14.917,16.792,1.875,5.583,0.667,8.333,89.0,47.792,17.0,207.208
2018-01-19,199.292,1.958,76.0,50.875,29.0,11.25,19.917,23.125,3.208,7.667,0.958,10.042,105.0,47.125,-14.0,210.542
2018-01-20,200.792,2.292,80.0,61.875,40.0,11.417,16.25,18.542,2.292,9.875,0.739,12.375,117.0,58.25,1.0,212.208
2018-01-21,200.833,2.042,68.0,44.292,28.0,8.208,16.565,18.652,2.087,6.333,1.083,8.042,92.0,50.417,17.0,209.042
2018-01-22,200.125,2.125,76.0,55.833,37.0,10.708,17.792,23.958,6.167,7.042,0.792,9.833,93.0,37.542,-11.0,210.833
2018-01-23,203.091,2.696,76.0,63.333,40.0,16.0,27.125,38.917,11.792,11.583,1.0,15.125,104.0,48.917,-10.0,219.091
2018-01-24,196.478,1.043,59.0,39.167,21.0,4.87,8.261,9.13,0.87,3.739,0.739,6.0,95.0,55.0,24.0,201.348
2018-01-25,198.542,1.833,67.0,44.5,30.0,9.667,20.208,22.792,2.583,7.625,0.75,9.583,81.0,45.583,13.0,208.208
2018-01-26,197.375,1.375,74.0,44.792,22.0,7.208,10.833,12.125,1.292,5.542,0.478,7.583,81.0,39.0,13.0,204.583
2018-01-27,195.375,1.125,60.0,40.583,24.0,4.75,6.826,7.478,0.652,2.833,0.125,5.042,90.0,39.875,-4.0,200.125
2018-01-28,200.875,2.542,64.0,50.667,24.0,13.583,25.5,35.75,10.25,10.167,0.875,12.583,129.0,48.625,-10.0,214.458
2018-01-29,195.682,1.409,64.0,34.542,21.0,4.455,7.773,8.364,0.591,9.739,0.696,13.273,90.0,57.208,23.0,200.136
2018-01-30,198.708,2.583,71.0,55.125,40.0,13.417,25.875,30.458,4.583,16.375,1.0,21.167,96.0,38.208,-14.0,212.125
2018-01-31,202.292,3.25,94.0,73.25,43.0,16.208,25.333,40.375,15.042,15.208,0.875,19.208,107.0,43.0,3.0,218.5
2018-02-01,195.292,1.208,75.0,45.5,28.0,4.792,8.667,9.417,0.75,4.917,0.261,6.667,75.0,36.417,-2.0,200.083
2018-02-02,198.125,2.292,79.0,62.792,38.0,11.833,20.391,25.565,5.174,8.458,0.5,11.458,120.0,46.625,-28.0,209.958
2018-02-03,197.0,2.125,87.0,65.875,43.0,10.708,15.292,17.083,1.792,10.375,0.667,13.875,132.0,66.708,4.0,207.708
2018-02-04,197.913,2.304,99.0,59.333,31.0,7.783,12.458,14.083,1.625,7.909,0.542,11.917,185.0,108.75,53.0,205.696
2018-02-05,196.667,2.083,73.0,56.0,41.0,7.542,14.833,16.0,1.167,15.375,0.833,19.792,78.0,59.833,39.0,204.208
2018-02-06,200.875,3.792,97.0,86.375,66.0,18.167,29.25,44.167,14.917,22.0,1.167,27.167,80.0,56.125,41.0,219.042
2018-02-07,197.957,2.261,97.0,77.333,55.0,13.0,19.913,28.0,8.087,13.609,0.682,17.783,160.0,88.75,25.0,210.957
2018-02-08,196.458,1.375,55.0,44.75,35.0,5.0,7.0,7.783,0.783,4.667,0.125,6.25,81.0,45.75,16.0,201.458
2018-02-09,198.125,2.167,96.0,75.333,47.0,8.292,13.917,15.042,1.125,18.042,0.792,17.25,17.0,3.333,-4.0,206.417
2018-02-10,195.609,1.087,94.0,52.875,34.0,3.696,7.208,7.667,0.458,8.167,0.792,9.5,64.0,29.75,-4.0,199.304
2018-02-11,197.833,1.75,78.0,60.083,44.0,8.25,14.5,15.75,1.25,15.208,0.875,15.833,46.0,24.917,6.0,206.083
2018-02-12,196.875,1.583,84.0,51.5,39.0,6.917,15.25,16.583,1.333,7.875,1.167,10.125,87.0,51.292,-6.0,203.792
2018-02-13,199.042,2.083,57.0,47.625,40.0,9.708,21.417,23.667,2.25,12.917,1.304,15.625,78.0,50.333,29.0,208.75
2018-02-14,194.818,1.174,58.0,41.833,33.0,4.364,8.429,9.095,0.667,8.583,0.909,10.591,72.0,36.542,8.0,199.182
2018-02-15,199.833,2.458,82.0,64.708,43.0,11.5,29.792,34.708,4.917,18.0,1.542,18.25,50.0,23.292,-15.0,211.333
2018-02-16,200.913,2.609,76.0,55.208,37.0,10.826,18.833,23.875,5.042,18.125,1.25,20.375,123.0,59.708,14.0,211.739
2018-02-17,196.792,1.833,51.0,35.917,23.0,3.958,6.625,6.875,0.25,11.667,0.958,14.417,107.0,62.0,28.0,200.75
2018-02-18,198.125,2.625,81.0,57.792,36.0,9.417,18.417,21.875,3.458,12.875,1.125,15.458,132.0,65.417,-4.0,207.542
2018-02-19,200.042,3.125,94.0,69.333,55.0,15.208,29.5,33.167,3.667,22.333,1.043,25.5,125.0,82.917,57.0,215.25
2018-02-20,200.042,2.875,99.0,81.708,54.0,13.167,17.609,25.565,7.957,20.167,0.792,24.333,179.0,114.25,50.0,213.208
2018-02-21,195.364,1.174,91.0,46.792,31.0,3.818,7.304,7.826,0.522,4.609,0.522,6.565,132.0,94.792,66.0,199.182
2018-02-22,200.304,2.261,81.0,63.667,45.0,11.478,24.292,27.667,3.375,10.833,1.625,13.875,134.0,83.458,29.0,211.783
2018-02-23,197.958,1.417,74.0,45.375,31.0,6.167,8.25,8.75,0.5,16.125,0.708,21.0,123.0,82.958,55.0,204.125
2018-02-24,196.833,1.458,68.0,54.042,35.0,6.417,8.958,9.75,0.792,14.708,0.917,18.333,120.0,76.958,9.0,203.25
2018-02-25,202.333,2.875,75.0,62.958,46.0,15.208,28.25,33.417,5.167,17.333,1.13,23.5,158.0,108.708,61.0,217.542
2018-02-26,198.208,1.75,73.0,54.958,33.0,7.292,14.522,15.391,0.87,19.708,1.083,26.542,114.0,98.375,72.0,205.5
2018-02-27,198.125,2.333,87.0,50.583,37.0,7.75,17.167,18.5,1.333,17.5,1.5,22.333,98.0,73.5,45.0,205.875
2018-02-28,200.773,2.455,99.0,82.5,48.0,11.455,24.043,28.348,4.304,22.917,0.826,26.087,78.0,69.75,62.0,212.227
2018-03-01,198.125,1.667,99.0,80.667,50.0,7.5,17.0,18.375,1.375,16.083,0.75,17.75,120.0,89.583,68.0,205.625
2018-03-02,196.625,2.042,56.0,40.5,27.0,3.958,10.208,10.667,0.458,20.208,1.583,25.458,132.0,96.625,57.0,200.583
2018-03-03,197.167,2.042,99.0,79.583,43.0,6.167,11.167,11.792,0.625,20.667,0.957,25.917,89.0,64.208,52.0,203.333
2018-03-04,195.333,1.042,99.0,96.625,92.0,3.417,8.348,8.87,0.522,2.875,0.375,4.875,94.0,78.292,51.0,198.75
2018-03-05,197.083,1.667,96.0,73.542,42.0,5.958,12.917,13.958,1.042,16.083,1.25,21.167,146.0,92.625,47.0,203.042
2018-03-06,202.435,2.696,97.0,86.292,75.0,14.826,23.75,26.083,2.333,29.208,1.167,37.542,135.0,101.458,77.0,217.261
2018-03-07,196.818,1.609,98.0,88.792,59.0,7.318,12.174,12.87,0.696,14.13,0.957,18.174,98.0,79.708,56.0,204.136
2018-03-08,192.208,1.042,65.0,49.792,33.0,3.833,8.167,8.833,0.667,7.333,1.042,9.625,105.0,65.417,31.0,196.042
2018-03-09,192.333,1.5,84.0,59.417,30.0,7.625,12.5,15.458,2.958,7.875,0.565,11.375,158.0,90.125,8.0,199.958
2018-03-10,193.125,1.375,99.0,69.208,46.0,7.167,9.913,10.739,0.826,10.042,0.542,12.792,164.0,116.167,74.0,200.292
2018-03-11,192.042,1.125,99.0,77.25,53.0,6.292,8.833,9.458,0.625,3.417,0.125,5.5,168.0,120.792,87.0,198.333
2018-03-12,197.87,2.043,87.0,63.583,44.0,9.217,17.0,19.917,2.917,8.542,1.25,13.0,163.0,112.625,52.0,207.087
2018-03-13,196.833,1.708,84.0,49.792,21.0,6.583,10.375,11.833,1.458,8.042,0.458,10.917,171.0,107.708,50.0,203.417
2018-03-14,196.455,1.261,56.0,38.75,31.0,4.364,9.043,9.87,0.826,8.625,0.783,10.435,114.0,76.417,33.0,200.818
2018-03-15,197.5,2.208,72.0,53.333,35.0,8.208,16.958,19.208,2.25,12.542,0.957,16.333,133.0,84.208,21.0,205.708
2018-03-16,198.292,2.083,79.0,59.125,40.0,7.792,13.696,14.783,1.087,15.167,0.875,18.333,119.0,82.167,54.0,206.083
2018-03-17,197.0,1.625,71.0,48.917,35.0,5.167,8.292,8.958,0.667,8.958,0.792,11.125,132.0,81.958,31.0,202.167
2018-03-18,196.304,1.13,66.0,53.0,31.0,5.957,10.417,11.833,1.417,5.958,0.917,7.5,138.0,89.208,29.0,202.261
2018-03-19,199.174,1.957,75.0,51.083,32.0,11.957,21.913,25.348,3.435,11.261,1.174,15.043,167.0,117.625,63.0,211.13
2018-03-20,195.458,1.292,71.0,48.542,22.0,7.25,13.625,15.375,1.75,10.833,1.333,15.292,202.0,140.417,68.0,202.708
2018-03-21,192.958,1.0,89.0,72.583,55.0,4.042,5.25,5.708,0.458,6.75,0.478,12.542,196.0,168.125,140.0,197.0
2018-03-22,197.25,1.625,92.0,57.833,37.0,6.333,9.435,10.348,0.913,6.458,0.417,11.167,199.0,147.625,92.0,203.583
2018-03-23,196.125,1.125,85.0,56.5,39.0,3.792,7.25,7.75,0.5,6.708,0.375,9.167,84.0,60.708,36.0,199.917
2018-03-24,196.609,1.087,80.0,45.542,30.0,3.391,7.292,7.917,0.625,8.75,0.792,11.542,135.0,69.5,6.0,200.0
2018-03-25,196.087,1.375,67.0,53.958,45.0,5.348,12.5,13.333,0.833,12.167,1.208,16.0,144.0,93.625,30.0,201.435
2018-03-26,198.0,1.75,72.0,56.25,39.0,8.958,17.458,18.75,1.292,16.125,1.375,20.833,150.0,116.125,92.0,206.958
2018-03-27,196.625,1.292,66.0,45.833,21.0,4.417,10.583,11.375,0.792,14.958,0.957,21.333,200.0,135.0,55.0,201.042
2018-03-28,196.043,1.13,59.0,40.5,33.0,2.565,6.636,7.0,0.364,10.833,0.957,14.87,160.0,128.875,75.0,198.609
2018-03-29,197.375,1.208,68.0,53.625,41.0,3.833,14.125,15.083,0.958,10.667,1.292,15.083,90.0,75.958,63.0,201.208
2018-03-30,199.13,1.652,97.0,73.125,62.0,9.043,15.125,16.542,1.417,22.042,1.042,27.125,120.0,82.417,65.0,208.174
2018-03-31,199.292,1.625,99.0,75.583,32.0,6.708,9.083,9.583,0.5,19.167,0.375,21.875,156.0,99.75,69.0,206.0
2018-04-01,195.083,1.375,86.0,68.542,49.0,7.708,8.958,9.542,0.583,13.458,0.708,20.958,206.0,149.458,81.0,202.792
2018-04-02,195.875,2.083,88.0,67.333,38.0,8.167,14.375,15.25,0.875,20.917,1.957,32.833,237.0,173.208,116.0,204.042
2018-04-03,195.25,2.13,88.0,77.0,58.0,8.208,10.917,11.417,0.5,28.5,1.375,45.917,225.0,174.25,136.0,203.458
2018-04-04,193.913,1.708,93.0,65.0,43.0,8.087,11.913,12.652,0.739,27.375,1.208,43.875,263.0,197.875,135.0,202.0
2018-04-05,193.136,1.13,98.0,70.75,52.0,5.5,8.227,8.591,0.364,7.609,0.773,12.955,147.0,125.792,113.0,198.636
2018-04-06,192.042,1.125,99.0,80.667,51.0,6.042,6.875,7.958,1.083,12.917,0.583,24.833,220.0,170.833,102.0,198.083
2018-04-07,193.708,1.125,99.0,64.5,39.0,5.167,5.958,6.25,0.292,7.917,0.375,17.542,204.0,153.5,89.0,198.875
2018-04-08,196.833,1.958,78.0,44.458,28.0,5.875,7.375,7.542,0.167,9.875,0.696,17.542,146.0,105.5,59.0,202.708
2018-04-09,195.167,1.174,69.0,47.042,30.0,5.375,9.542,10.417,0.875,9.875,1.0,14.958,178.0,119.417,46.0,200.542
2018-04-10,194.478,1.25,82.0,55.667,33.0,6.304,10.957,11.652,0.696,13.125,1.083,19.708,176.0,125.667,72.0,200.783
2018-04-11,192.083,0.542,84.0,71.5,59.0,5.25,6.833,7.125,0.292,12.333,0.5,22.833,202.0,160.417,92.0,197.333
2018-04-12,193.522,1.043,94.0,61.375,26.0,8.304,11.565,12.391,0.826,12.458,0.739,20.478,243.0,181.167,137.0,201.826
2018-04-13,194.125,1.167,67.0,37.875,23.0,5.5,8.25,8.5,0.25,10.333,0.875,16.667,179.0,142.0,108.0,199.625
2018-04-14,194.708,1.542,80.0,65.25,54.0,7.083,9.708,10.333,0.625,9.333,1.0,15.542,175.0,141.292,97.0,201.792
2018-04-15,194.167,1.261,99.0,73.5,46.0,5.542,5.833,6.25,0.417,6.708,0.375,15.333,207.0,155.042,119.0,199.708
2018-04-16,194.435,1.417,79.0,52.042,40.0,5.043,8.13,8.348,0.217,15.417,0.958,30.625,168.0,137.583,110.0,199.478
2018-04-17,194.292,1.833,99.0,85.75,74.0,7.083,13.417,14.167,0.75,9.125,0.792,15.542,118.0,110.583,101.0,201.375
2018-04-18,194.792,1.542,99.0,90.958,72.0,7.333,11.875,12.292,0.417,7.833,0.25,13.583,155.0,123.583,104.0,202.125
2018-04-19,195.0,1.913,97.0,78.708,64.0,9.478,13.087,15.261,2.174,11.739,1.13,18.13,198.0,153.167,113.0,204.478
2018-04-20,194.75,2.042,96.0,67.083,32.0,9.5,12.083,13.167,1.083,16.917,1.304,27.708,245.0,175.542,113.0,204.25
2018-04-21,194.167,2.0,90.0,69.0,49.0,10.417,11.958,12.25,0.292,19.625,1.167,32.083,245.0,185.625,115.0,204.583
2018-04-22,194.565,2.292,91.0,67.375,38.0,11.435,10.913,11.304,0.391,22.417,1.125,37.083,273.0,201.958,138.0,206.0
2018-04-23,195.25,2.5,94.0,84.208,76.0,10.083,13.833,14.042,0.208,28.167,1.167,44.792,171.0,159.833,144.0,205.333
2018-04-24,193.292,1.583,98.0,85.5,62.0,7.042,9.75,10.25,0.5,14.833,1.125,28.708,198.0,168.292,142.0,200.333
2018-04-25,193.292,1.167,99.0,89.208,61.0,8.833,10.917,11.958,1.042,4.208,0.083,14.667,212.0,179.875,147.0,202.125
2018-04-26,191.545,0.957,86.0,61.333,31.0,5.455,6.913,7.13,0.217,4.174,0.773,8.652,235.0,178.958,145.0,197.0
2018-04-27,191.333,1.304,92.0,78.583,65.0,8.708,12.292,13.125,0.833,8.083,0.875,15.792,198.0,169.875,134.0,200.042
2018-04-28,191.043,1.125,81.0,58.042,29.0,6.348,6.609,6.609,0.0,12.958,1.042,19.042,240.0,185.0,133.0,197.391
2018-04-29,190.833,1.417,90.0,64.667,41.0,7.458,6.625,6.792,0.167,15.458,1.083,23.125,239.0,186.875,128.0,198.292
2018-04-30,188.875,1.042,79.0,64.292,48.0,6.333,6.292,6.417,0.125,14.292,0.792,22.0,246.0,198.542,141.0,195.208
2018-05-01,190.458,1.417,92.0,66.167,34.0,7.833,9.708,9.958,0.25,16.875,1.333,26.042,270.0,211.375,162.0,198.292
2018-05-02,190.174,1.478,99.0,75.958,49.0,8.348,11.217,11.739,0.522,17.458,1.136,26.083,238.0,194.208,168.0,198.522
2018-05-03,190.333,1.391,99.0,81.958,55.0,6.083,4.042,4.292,0.25,7.75,0.0,20.958,257.0,204.083,154.0,196.417
2018-05-04,192.391,1.083,85.0,60.125,31.0,5.565,5.0,5.043,0.043,6.417,0.5,10.208,215.0,172.417,138.0,197.957
2018-05-05,192.417,1.375,88.0,57.167,34.0,6.583,6.542,6.625,0.083,10.739,0.833,16.75,227.0,176.542,107.0,199.0
2018-05-06,192.417,1.458,76.0,57.333,37.0,7.625,6.833,7.0,0.167,14.583,1.042,22.708,257.0,200.25,138.0,200.042
2018-05-07,189.417,0.833,99.0,81.542,50.0,5.542,6.25,6.292,0.042,6.5,0.0,10.5,204.0,176.417,132.0,194.958
2018-05-08,192.25,1.0,99.0,94.917,84.0,5.708,8.167,8.417,0.25,5.042,0.13,9.333,132.0,119.25,106.0,197.958
2018-05-09,191.708,1.0,99.0,89.542,78.0,4.917,6.667,7.042,0.375,2.25,0.458,4.625,131.0,113.375,95.0,196.625
2018-05-10,193.318,1.13,99.0,80.708,51.0,6.818,12.318,12.909,0.591,4.636,1.0,7.773,156.0,122.792,102.0,200.136
2018-05-11,193.583,1.292,96.0,75.833,59.0,6.625,11.292,13.0,1.708,7.957,0.792,13.667,194.0,149.042,83.0,200.208
2018-05-12,193.167,1.625,95.0,70.5,47.0,8.083,10.375,10.792,0.417,12.375,1.042,21.417,235.0,184.75,122.0,201.25
2018-05-13,192.583,1.292,99.0,86.458,63.0,6.875,7.208,7.208,0.0,10.875,0.5,19.542,198.0,168.083,143.0,199.458
2018-05-14,194.833,1.5,99.0,69.042,35.0,7.083,9.292,9.833,0.542,11.435,0.522,19.292,265.0,198.458,148.0,201.917
2018-05-15,191.917,1.304,83.0,63.208,45.0,6.833,9.5,9.75,0.25,9.458,0.667,16.625,264.0,212.75,149.0,198.75
2018-05-16,192.13,1.167,90.0,68.875,53.0,7.478,9.565,10.087,0.522,13.826,0.708,22.375,273.0,226.208,173.0,199.609
2018-05-17,192.652,1.739,86.0,71.5,61.0,9.609,12.783,13.391,0.609,21.217,0.522,34.0,275.0,241.583,210.0,202.261
2018-05-18,198.542,2.958,92.0,81.667,70.0,18.375,22.875,24.583,1.708,31.25,2.167,52.0,271.0,236.792,203.0,216.917
2018-05-19,192.083,0.833,95.0,64.5,41.0,6.333,6.708,7.25,0.542,9.625,0.333,17.875,248.0,203.917,144.0,198.417
2018-05-20,190.542,0.417,61.0,50.292,33.0,4.333,5.042,5.042,0.0,3.542,0.652,4.958,204.0,166.833,133.0,194.875
2018-05-21,191.792,1.13,69.0,51.125,28.0,7.042,11.167,11.708,0.542,8.583,1.083,12.167,251.0,195.0,140.0,198.833
2018-05-22,191.609,1.042,80.0,60.75,35.0,8.348,11.348,11.913,0.565,10.5,0.958,15.5,255.0,195.042,135.0,199.957
2018-05-23,192.042,1.125,99.0,86.708,68.0,7.125,11.292,12.0,0.708,8.583,0.792,14.0,201.0,170.167,146.0,199.167
2018-05-24,193.818,1.174,99.0,89.458,69.0,8.0,10.0,10.522,0.522,10.087,0.522,17.391,233.0,191.458,152.0,201.818
2018-05-25,193.667,1.542,98.0,78.292,63.0,10.75,12.917,13.958,1.042,12.333,0.833,23.375,258.0,214.833,163.0,204.417
2018-05-26,195.875,1.333,84.0,68.708,52.0,9.292,12.125,12.417,0.292,17.333,1.13,33.083,242.0,211.833,181.0,205.167
2018-05-27,194.917,1.609,89.0,74.333,56.0,8.417,8.083,8.25,0.167,15.25,1.25,26.708,255.0,207.292,156.0,203.333
2018-05-28,192.043,1.0,89.0,80.25,67.0,7.478,9.478,9.739,0.261,11.542,1.083,22.792,239.0,208.375,184.0,199.522
2018-05-29,191.333,0.917,94.0,82.208,59.0,8.958,11.042,11.875,0.833,16.0,0.792,28.8,255.0,215.708,191.0,200.292
2018-05-30,189.583,0.833,99.0,89.958,72.0,6.042,7.583,7.667,0.083,,0.583,,227.0,200.708,167.0,195.625
2018-05-31,192.435,1.261,99.0,91.875,70.0,9.087,12.696,13.565,0.87,9.0,0.652,18.333,201.0,184.875,162.0,201.522
2018-06-01,192.333,1.0,83.0,61.375,40.0,4.542,6.125,6.208,0.083,5.667,0.652,9.875,249.0,208.417,159.0,196.875
2018-06-02,192.417,1.609,93.0,72.5,56.0,6.875,8.458,8.542,0.083,8.417,1.458,13.542,258.0,210.75,177.0,199.292
2018-06-03,191.783,1.125,94.0,70.833,35.0,6.348,6.478,6.652,0.174,10.625,0.875,16.875,271.0,216.375,163.0,198.13
2018-06-04,192.208,1.083,89.0,67.542,39.0,6.75,9.042,9.25,0.208,10.333,0.958,15.792,284.0,224.833,176.0,198.958
2018-06-05,192.083,1.042,91.0,72.083,51.0,8.125,9.708,10.042,0.333,9.542,0.958,15.167,266.0,222.25,178.0,200.208
2018-06-06,191.083,1.167,99.0,94.583,82.0,9.083,11.458,11.708,0.25,10.75,0.333,18.708,213.0,193.958,173.0,200.167
2018-06-07,189.455,1.087,99.0,84.708,61.0,7.182,8.045,8.227,0.182,8.565,0.524,15.435,267.0,213.5,176.0,196.636
2018-06-08,188.25,1.0,99.0,82.208,67.0,6.25,7.417,7.625,0.208,9.833,0.417,16.542,257.0,229.333,188.0,194.5
2018-06-09,190.217,1.333,99.0,74.583,49.0,7.043,7.174,7.609,0.435,12.625,0.667,23.458,294.0,253.542,204.0,197.261
2018-06-10,191.167,1.0,99.0,96.167,85.0,4.375,4.75,4.75,0.0,7.792,0.0,13.583,200.0,184.167,169.0,195.542
2018-06-11,192.208,0.667,99.0,99.0,99.0,4.333,6.125,6.583,0.458,0.667,0.042,2.25,194.0,181.625,170.0,196.542
2018-06-12,196.583,1.417,99.0,94.75,83.0,8.5,13.917,15.0,1.083,9.333,0.875,19.125,238.0,202.125,185.0,205.083
2018-06-13,193.833,1.083,99.0,84.75,66.0,7.75,10.875,11.625,0.75,8.917,0.609,15.792,239.0,206.75,182.0,201.583
2018-06-14,193.174,1.045,92.0,76.667,66.0,8.522,13.0,13.696,0.696,7.125,1.609,13.478,231.0,199.208,178.0,201.696
2018-06-15,192.957,0.792,99.0,98.042,93.0,6.87,10.826,11.391,0.565,5.0,0.583,10.25,193.0,167.042,149.0,199.826
2018-06-16,190.0,0.458,99.0,94.542,82.0,4.875,7.375,7.792,0.417,3.042,0.083,6.208,164.0,147.042,137.0,194.875
2018-06-17,190.708,1.208,97.0,86.583,69.0,6.458,7.542,8.0,0.458,7.625,1.0,13.792,207.0,172.667,143.0,197.167
2018-06-18,192.833,1.5,99.0,95.583,90.0,9.292,14.292,15.542,1.25,10.042,0.875,18.708,189.0,176.667,167.0,202.125
2018-06-19,190.417,0.708,99.0,79.792,60.0,6.708,9.083,9.875,0.792,5.833,0.739,11.25,263.0,217.667,173.0,197.125
2018-06-20,188.792,1.043,99.0,98.042,91.0,7.0,9.833,10.458,0.625,3.917,0.125,8.917,209.0,200.0,192.0,195.792
2018-06-21,192.364,1.348,99.0,96.875,93.0,9.455,12.273,13.182,0.909,5.913,0.13,13.304,223.0,205.958,187.0,201.818
2018-06-22,193.125,1.792,99.0,78.042,54.0,10.167,11.583,13.208,1.625,14.167,0.667,28.286,269.0,226.708,188.0,203.292
2018-06-23,198.875,1.75,99.0,94.875,86.0,10.417,12.375,12.833,0.458,17.458,0.625,28.625,220.0,196.875,177.0,209.292
2018-06-24,192.333,1.125,99.0,88.125,68.0,8.083,7.167,7.5,0.333,7.458,0.042,15.167,259.0,209.5,173.0,200.417
2018-06-25,191.708,1.333,99.0,74.0,45.0,9.125,9.542,10.333,0.792,13.292,0.826,23.208,314.0,253.625,193.0,200.833
2018-06-26,190.625,1.13,89.0,77.333,66.0,6.708,7.583,7.792,0.208,15.458,0.833,24.833,281.0,249.708,210.0,197.333
2018-06-27,179.826,0.0,82.0,75.625,66.0,4.522,5.0,6.174,1.174,5.125,0.125,10.75,303.0,269.958,248.0,184.348
2018-06-28,179.636,0.0,89.0,78.042,67.0,6.909,5.476,7.19,1.714,9.833,0.381,20.091,303.0,272.083,256.0,186.545
2018-06-29,179.542,0.0,93.0,75.708,60.0,7.375,3.833,5.542,1.708,4.75,0.625,13.25,313.0,277.0,249.0,186.917
2018-06-30,179.125,0.0,93.0,77.625,63.0,7.625,3.565,4.913,1.348,4.625,0.261,12.0,313.0,278.917,247.0,186.75
2018-07-01,179.333,0.0,95.0,78.792,67.0,7.625,2.958,3.833,0.875,8.167,0.042,18.583,302.0,273.75,246.0,186.958
2018-07-02,182.875,0.0,89.0,74.167,63.0,10.125,6.583,7.958,1.375,9.0,0.125,18.958,320.0,281.667,240.0,193.0
2018-07-03,183.174,0.0,87.0,73.708,60.0,10.0,6.375,7.583,1.208,8.333,0.208,18.583,314.0,277.458,252.0,193.174
2018-07-04,181.318,0.0,89.0,76.208,64.0,6.545,3.773,4.909,1.136,5.955,0.0,15.5,297.0,269.125,248.0,187.864
2018-07-05,180.75,0.0,85.0,76.542,70.0,5.75,4.75,6.042,1.292,4.875,0.0,12.708,281.0,270.292,251.0,186.5
2018-07-06,186.875,0.625,99.0,98.542,88.0,8.083,10.174,11.0,0.826,3.333,0.0,8.417,248.0,209.292,184.0,194.958
2018-07-07,184.292,0.5,99.0,94.208,85.0,7.542,5.875,7.542,1.667,3.625,0.0,11.208,267.0,229.667,183.0,191.833
2018-07-08,180.25,0.0,98.0,86.333,70.0,6.083,3.833,4.792,0.958,5.167,0.042,12.542,293.0,260.0,231.0,186.333
2018-07-09,180.522,0.167,99.0,85.625,73.0,7.348,6.083,8.0,1.917,5.875,0.25,14.458,302.0,265.667,225.0,187.87
2018-07-10,180.542,0.0,97.0,81.75,65.0,7.708,7.125,8.458,1.333,6.417,0.375,13.75,312.0,273.583,240.0,188.25
2018-07-11,183.958,0.792,94.0,77.708,54.0,11.667,10.042,10.75,0.708,11.25,0.5,21.417,320.0,282.292,254.0,195.625
2018-07-12,187.652,0.87,99.0,93.208,74.0,9.957,10.727,11.591,0.864,12.625,0.409,25.652,287.0,249.708,228.0,197.609
2018-07-13,187.708,1.167,99.0,84.583,66.0,9.958,8.833,9.583,0.75,15.417,0.375,30.833,317.0,273.667,236.0,197.667
2018-07-14,186.917,1.0,93.0,75.458,52.0,10.25,8.917,9.958,1.042,16.5,0.583,31.708,344.0,293.875,259.0,197.167
2018-07-15,185.304,0.875,95.0,83.083,68.0,7.609,4.625,4.792,0.167,22.083,0.583,44.083,324.0,287.667,264.0,192.913
2018-07-16,184.667,0.958,93.0,81.917,71.0,8.958,7.125,7.625,0.5,22.583,0.5,46.583,326.0,290.917,261.0,193.625
2018-07-17,186.0,0.625,94.0,81.0,66.0,9.25,9.0,9.958,0.958,23.833,0.292,48.625,332.0,293.75,261.0,195.25
2018-07-18,184.958,0.625,95.0,81.417,64.0,9.542,10.174,11.174,1.0,24.708,0.87,50.417,336.0,296.833,269.0,194.5
2018-07-19,184.5,0.304,98.0,83.458,67.0,8.091,8.696,9.87,1.174,16.783,0.696,36.652,327.0,288.208,265.0,192.591
2018-07-20,183.792,0.174,94.0,79.75,67.0,7.625,7.458,9.125,1.667,8.625,0.458,18.667,327.0,291.583,264.0,191.417
2018-07-21,184.609,0.583,93.0,77.958,65.0,11.0,9.0,10.458,1.458,9.292,0.708,20.458,332.0,298.417,266.0,195.609
2018-07-22,186.458,1.0,91.0,76.458,62.0,10.417,6.708,7.125,0.417,16.25,0.875,31.708,345.0,305.958,269.0,196.875
2018-07-23,187.542,1.0,87.0,67.125,40.0,8.875,8.042,8.583,0.542,15.542,1.083,28.208,357.0,311.292,275.0,196.417
2018-07-24,189.75,0.875,92.0,77.75,55.0,8.667,9.348,10.043,0.696,20.708,1.304,38.792,342.0,294.625,260.0,198.417
2018-07-25,190.25,0.917,95.0,82.917,67.0,8.667,9.458,10.0,0.542,16.167,1.25,32.333,316.0,283.125,259.0,198.917
2018-07-26,192.957,1.0,87.0,74.917,64.0,6.609,9.217,9.609,0.391,9.292,1.478,22.348,279.0,259.708,239.0,199.565
2018-07-27,191.565,0.917,85.0,71.292,59.0,5.261,8.25,8.625,0.375,9.458,1.25,16.375,283.0,251.083,228.0,196.826
2018-07-28,187.125,0.083,99.0,97.542,90.0,3.75,4.833,5.292,0.458,4.958,0.75,14.667,263.0,231.583,198.0,190.875
2018-07-29,184.542,0.542,99.0,90.167,72.0,4.792,4.5,4.708,0.208,6.042,1.042,18.125,301.0,269.042,246.0,189.333
2018-07-30,187.375,0.792,99.0,85.667,70.0,6.333,8.304,9.609,1.304,8.208,0.957,18.667,304.0,269.375,226.0,193.708
2018-07-31,185.542,1.167,98.0,84.083,63.0,8.542,10.333,13.25,2.917,9.75,1.958,20.375,321.0,279.625,251.0,194.083
2018-08-01,186.625,1.217,96.0,77.333,60.0,8.542,11.458,12.125,0.667,14.625,0.958,29.792,342.0,297.375,250.0,195.167
2018-08-02,191.864,1.391,86.0,73.958,55.0,11.909,13.478,14.174,0.696,19.0,1.091,36.591,342.0,304.792,271.0,203.773
2018-08-03,194.125,2.042,88.0,75.875,55.0,13.125,13.375,13.875,0.5,24.542,2.208,50.833,342.0,299.583,268.0,207.25
2018-08-04,191.0,1.208,93.0,79.792,66.0,10.125,8.958,9.375,0.417,20.5,1.208,42.042,322.0,287.917,260.0,201.125
2018-08-05,187.458,1.0,95.0,82.917,68.0,8.542,4.522,4.565,0.043,25.458,0.87,59.792,332.0,297.875,272.0,196.0
2018-08-06,195.333,1.708,99.0,84.042,69.0,9.792,9.417,9.875,0.458,21.958,0.875,49.917,325.0,284.542,231.0,205.125
2018-08-07,190.208,1.0,99.0,97.375,90.0,6.833,6.5,6.958,0.458,1.542,0.083,6.125,230.0,213.917,204.0,197.042
2018-08-08,185.478,0.25,99.0,98.208,89.0,5.783,4.417,5.0,0.583,1.25,0.0,4.0,243.0,234.292,213.0,191.261
2018-08-09,186.955,0.652,99.0,89.583,74.0,7.091,5.727,5.955,0.227,7.043,0.273,18.136,311.0,270.25,233.0,194.045
2018-08-10,189.083,1.0,96.0,81.542,67.0,8.167,8.792,9.375,0.583,13.042,0.458,30.083,329.0,291.958,264.0,197.25
2018-08-11,189.083,1.375,99.0,89.375,70.0,9.167,7.478,7.652,0.174,12.125,0.435,29.167,326.0,280.875,263.0,198.25
2018-08-12,190.25,0.958,99.0,91.292,85.0,7.458,5.792,6.0,0.208,11.917,0.75,26.917,286.0,265.625,250.0,197.708
2018-08-13,185.75,0.739,99.0,92.708,71.0,7.917,6.25,6.833,0.583,7.417,0.083,12.231,327.0,264.5,242.0,193.667
2018-08-14,181.522,0.125,99.0,83.0,71.0,6.261,4.708,5.792,1.083,4.458,0.25,13.042,314.0,278.167,234.0,187.783
2018-08-15,180.125,0.0,87.0,78.458,67.0,4.792,3.583,4.542,0.958,3.833,0.125,10.0,314.0,285.292,261.0,184.917
2018-08-16,182.0,0.087,89.0,80.542,67.0,4.682,4.348,5.087,0.739,4.217,0.174,10.87,296.0,275.833,252.0,186.682
2018-08-17,188.75,0.25,84.0,50.5,35.0,3.833,4.0,4.217,0.217,3.25,0.348,5.792,279.0,253.667,212.0,192.583
2018-08-18,190.917,0.917,78.0,59.917,41.0,5.25,7.875,8.208,0.333,6.833,0.625,11.708,264.0,220.167,175.0,196.167
2018-08-19,190.708,1.304,85.0,68.75,51.0,6.5,7.25,7.417,0.167,9.292,1.125,15.542,269.0,224.542,175.0,197.208
2018-08-20,192.182,1.375,98.0,83.208,66.0,8.545,11.167,11.833,0.667,9.583,0.667,17.875,262.0,228.167,193.0,200.727
2018-08-21,185.25,0.708,96.0,86.875,70.0,8.125,9.083,10.458,1.375,9.042,0.417,24.917,309.0,269.708,230.0,193.375
2018-08-22,177.667,0.0,98.0,84.625,69.0,4.542,3.833,5.458,1.625,5.75,0.167,20.5,320.0,284.167,258.0,182.208
2018-08-23,179.136,0.0,97.0,83.0,69.0,5.091,3.955,6.364,2.409,7.708,0.273,24.348,312.0,282.042,248.0,184.227
2018-08-24,180.208,0.0,99.0,88.875,80.0,4.542,2.75,3.792,1.042,6.625,0.0,23.708,290.0,273.625,250.0,184.75
2018-08-25,183.292,0.609,86.0,74.042,60.0,6.875,6.25,7.25,1.0,7.583,0.25,18.208,343.0,305.583,272.0,190.167
2018-08-26,185.348,1.083,95.0,75.667,59.0,9.304,6.25,6.542,0.292,11.917,0.958,24.25,349.0,304.917,263.0,194.652
2018-08-27,187.708,1.625,99.0,79.417,59.0,9.5,10.75,11.375,0.625,16.5,1.583,29.875,337.0,284.917,233.0,197.208
2018-08-28,192.792,1.458,99.0,90.417,77.0,9.625,11.042,11.667,0.625,12.708,1.292,27.25,287.0,258.875,234.0,202.417
2018-08-29,193.667,1.708,98.0,91.625,83.0,9.25,12.348,13.522,1.174,16.25,1.348,31.917,275.0,255.625,238.0,202.917
2018-08-30,186.957,0.957,99.0,83.042,66.0,9.391,11.304,12.652,1.348,15.783,0.957,31.217,316.0,281.25,248.0,196.348
2018-08-31,187.75,1.0,96.0,79.958,57.0,10.083,12.417,13.708,1.292,11.292,1.0,21.917,347.0,282.542,251.0,197.833
2018-09-01,189.652,1.0,99.0,89.875,77.0,9.391,10.417,11.208,0.792,7.708,0.875,15.083,287.0,250.708,200.0,199.043
2018-09-02,192.75,1.083,99.0,98.583,97.0,6.375,6.208,6.292,0.083,3.375,0.458,7.792,218.0,206.208,195.0,199.125
2018-09-03,194.792,1.667,99.0,95.292,84.0,9.5,14.667,16.083,1.417,7.417,0.792,15.292,259.0,227.708,208.0,204.292
2018-09-04,189.208,0.833,99.0,95.5,83.0,8.208,6.174,9.87,3.696,7.833,0.217,27.375,272.0,247.833,219.0,197.417
2018-09-05,189.833,0.75,99.0,83.789,67.0,6.625,4.792,5.125,0.333,11.583,0.458,28.125,297.0,257.263,224.0,196.458
2018-09-06,194.476,1.409,90.0,75.375,64.0,9.238,10.409,10.682,0.273,17.0,1.091,30.318,287.0,261.417,228.0,203.714
2018-09-07,185.391,0.375,99.0,85.792,73.0,6.957,4.958,6.292,1.333,7.75,0.25,14.917,290.0,261.375,231.0,192.348
2018-09-08,183.875,0.25,99.0,83.083,68.0,6.917,4.542,5.583,1.042,4.083,0.167,9.667,317.0,272.75,231.0,190.792
2018-09-09,185.625,0.25,99.0,84.958,62.0,6.833,3.833,4.5,0.667,4.125,0.042,9.792,303.0,264.042,226.0,192.458
2018-09-10,182.917,0.0,99.0,92.75,76.0,6.417,5.522,7.043,1.522,2.875,0.174,7.583,283.0,246.542,204.0,189.333
2018-09-11,190.208,0.542,99.0,86.0,74.0,5.833,6.25,6.583,0.333,3.208,0.042,8.208,227.0,208.292,194.0,196.042
2018-09-12,191.667,1.0,87.0,74.833,65.0,6.625,7.583,7.792,0.208,6.125,0.708,11.792,221.0,201.917,183.0,198.292
2018-09-13,194.05,1.609,99.0,82.5,69.0,11.45,14.043,15.087,1.043,9.217,1.043,19.261,251.0,213.083,173.0,205.5
2018-09-14,192.667,1.5,99.0,95.625,84.0,10.5,12.333,12.917,0.583,6.958,0.5,15.625,225.0,209.25,198.0,203.167
2018-09-15,191.458,1.5,99.0,99.0,99.0,9.542,10.25,10.708,0.458,3.875,0.0,10.167,206.0,202.417,196.0,201.0
2018-09-16,194.417,2.625,99.0,93.375,82.0,11.333,9.522,9.739,0.217,14.333,1.217,26.583,256.0,225.167,202.0,205.75
2018-09-17,194.75,1.958,99.0,86.917,63.0,10.75,7.333,7.708,0.375,11.375,0.625,21.75,290.0,240.25,204.0,205.5
2018-09-18,192.125,1.435,99.0,87.25,66.0,10.417,9.333,9.833,0.5,7.917,0.917,15.375,271.0,234.208,210.0,202.542
2018-09-19,194.609,1.583,98.0,73.667,49.0,8.391,10.958,11.417,0.458,7.083,1.542,12.917,252.0,220.125,192.0,203.0
2018-09-20,198.174,1.826,99.0,89.583,76.0,12.261,15.478,16.304,0.826,7.957,1.13,15.217,216.0,190.083,152.0,210.435
2018-09-21,191.875,1.0,99.0,99.0,99.0,6.292,8.0,8.5,0.5,1.417,0.167,4.125,192.0,172.958,150.0,198.167
2018-09-22,194.792,1.458,99.0,91.833,79.0,11.875,13.348,14.217,0.87,3.958,0.348,10.125,255.0,217.75,190.0,206.667
2018-09-23,194.792,2.208,94.0,79.708,60.0,10.167,9.333,9.583,0.25,5.875,1.333,13.5,270.0,237.333,212.0,204.958
2018-09-24,195.375,1.522,91.0,83.792,74.0,10.917,9.625,9.875,0.25,9.333,1.167,19.667,272.0,243.375,216.0,206.292
2018-09-25,195.957,1.292,99.0,96.875,91.0,10.348,13.0,13.583,0.583,6.042,0.625,12.792,237.0,207.417,181.0,206.304
2018-09-26,194.25,1.0,99.0,98.5,92.0,6.75,8.458,9.0,0.542,2.792,0.0,6.958,178.0,164.958,152.0,201.0
2018-09-27,196.455,1.174,99.0,97.125,92.0,8.318,9.909,10.955,1.045,3.0,0.273,7.087,170.0,154.625,141.0,204.773
2018-09-28,196.542,1.458,99.0,79.417,46.0,10.458,12.913,15.478,2.565,5.167,0.609,9.667,249.0,192.042,137.0,207.0
2018-09-29,196.958,1.708,99.0,96.917,92.0,12.375,13.917,15.5,1.583,7.917,0.417,15.5,189.0,177.542,166.0,209.333
2018-09-30,192.75,0.783,99.0,97.708,88.0,6.542,5.375,5.542,0.167,2.75,0.0,11.083,251.0,196.333,160.0,199.292
2018-10-01,192.913,0.417,99.0,69.292,48.0,6.609,5.917,6.167,0.25,7.667,0.083,19.042,303.0,253.333,197.0,199.522
2018-10-02,196.958,1.542,92.0,68.75,46.0,10.125,12.875,13.75,0.875,10.792,0.667,18.833,254.0,204.708,153.0,207.083
2018-10-03,198.478,2.174,94.0,81.417,71.0,12.913,21.304,22.609,1.304,12.217,0.957,22.87,225.0,197.5,158.0,211.391
2018-10-04,195.458,1.208,94.0,85.333,71.0,7.875,13.696,14.304,0.609,8.583,1.0,16.875,201.0,192.875,178.0,203.333
2018-10-05,193.583,1.042,99.0,90.583,81.0,6.417,11.583,12.25,0.667,8.083,0.875,15.708,197.0,184.0,179.0,200.0
2018-10-06,192.0,1.261,99.0,94.0,81.0,6.958,8.75,9.292,0.542,7.875,0.458,19.208,274.0,226.5,182.0,198.958
2018-10-07,189.739,0.292,83.0,66.708,52.0,3.957,3.417,3.458,0.042,5.333,0.042,11.375,302.0,268.667,240.0,193.696
2018-10-08,192.25,0.708,89.0,78.0,66.0,6.125,8.208,8.333,0.125,5.875,0.708,11.0,231.0,214.375,198.0,198.375
2018-10-09,192.208,1.0,98.0,80.667,64.0,6.417,9.917,10.458,0.542,8.083,0.833,15.208,246.0,212.125,173.0,198.625
2018-10-10,193.625,1.5,99.0,84.917,60.0,9.625,14.609,16.261,1.652,10.375,1.391,19.042,254.0,214.917,180.0,203.25
2018-10-11,195.818,1.478,99.0,98.625,96.0,11.682,17.0,18.409,1.409,16.333,0.273,31.304,212.0,200.042,191.0,207.5
2018-10-12,195.333,1.087,99.0,75.667,56.0,5.667,8.833,9.417,0.583,3.292,0.417,6.208,210.0,191.75,175.0,201.0
2018-10-13,195.182,1.083,89.0,70.167,64.0,5.682,9.5,9.875,0.375,6.083,0.792,9.875,172.0,163.542,147.0,200.864
2018-10-14,194.542,1.375,99.0,87.083,69.0,6.042,7.875,8.25,0.375,5.25,0.833,10.542,189.0,157.375,126.0,200.583
2018-10-15,198.083,2.167,97.0,88.292,75.0,11.333,18.833,21.333,2.5,8.625,1.0,16.625,192.0,172.458,157.0,209.417
2018-10-16,197.625,1.917,99.0,83.75,68.0,10.917,15.0,18.0,3.0,11.0,1.0,18.083,195.0,171.167,144.0,208.542
2018-10-17,195.5,1.333,99.0,78.917,59.0,7.125,12.375,14.5,2.125,8.333,1.083,14.583,202.0,174.417,149.0,202.625
2018-10-18,195.435,1.091,95.0,78.375,61.0,6.87,11.739,12.87,1.13,7.217,1.0,12.087,196.0,164.792,135.0,202.304
2018-10-19,195.13,1.25,99.0,84.625,74.0,6.739,12.542,13.458,0.917,7.25,1.042,12.542,176.0,156.667,140.0,201.87
2018-10-20,194.542,1.167,94.0,77.458,55.0,4.667,7.208,7.792,0.583,5.292,1.167,8.375,202.0,160.0,132.0,199.208
2018-10-21,194.375,1.417,77.0,55.458,28.0,9.125,8.375,8.667,0.292,5.125,1.125,7.625,203.0,157.625,118.0,203.5
2018-10-22,195.25,1.667,85.0,67.625,41.0,9.417,16.0,17.522,1.522,7.783,1.043,12.958,197.0,145.667,96.0,204.667
2018-10-23,194.0,1.458,86.0,78.542,72.0,7.958,14.958,16.042,1.083,9.25,1.333,15.708,160.0,144.792,123.0,201.958
2018-10-24,194.417,1.174,92.0,78.25,61.0,8.25,14.125,15.0,0.875,6.917,1.0,12.75,215.0,174.042,136.0,202.667
2018-10-25,197.048,1.652,92.0,71.375,48.0,9.857,16.174,17.0,0.826,12.5,1.435,21.435,207.0,169.333,131.0,206.905
2018-10-26,196.833,2.417,89.0,76.333,61.0,15.083,21.875,23.292,1.417,14.958,1.167,29.042,197.0,168.458,151.0,211.917
2018-10-27,196.917,2.0,99.0,88.417,68.0,12.208,15.417,16.583,1.167,13.625,0.917,25.625,236.0,180.375,144.0,209.125
2018-10-28,196.125,1.667,95.0,72.625,59.0,6.667,8.913,9.217,0.304,8.417,1.043,14.25,196.0,161.667,131.0,202.792
2018-10-29,195.5,1.625,96.0,72.25,48.0,8.083,11.5,13.333,1.833,9.208,0.833,14.958,213.0,160.292,110.0,203.583
2018-10-30,195.0,1.652,89.0,63.875,46.0,7.625,11.375,12.417,1.042,7.917,1.083,13.25,210.0,159.625,109.0,202.625
2018-10-31,195.783,1.583,89.0,62.0,40.0,9.217,14.333,16.875,2.542,5.042,1.375,7.583,177.0,136.958,101.0,205.0
2018-11-01,195.087,1.522,91.0,60.25,39.0,7.348,12.696,14.522,1.826,4.545,1.0,7.545,176.0,131.208,77.0,202.435
2018-11-02,195.5,1.75,88.0,64.542,42.0,9.542,19.875,22.25,2.375,7.167,1.208,10.0,175.0,129.208,77.0,205.042
2018-11-03,195.625,2.167,89.0,73.083,55.0,10.792,16.13,17.913,1.783,8.417,1.0,12.917,179.0,135.625,87.0,206.417
2018-11-04,195.042,2.0,99.0,89.042,74.0,9.208,12.542,13.458,0.917,12.375,0.875,18.583,155.0,138.792,117.0,204.25
2018-11-05,196.042,2.652,99.0,93.542,82.0,12.375,12.5,14.3,1.8,22.3,0.875,33.7,198.0,168.792,145.0,208.417
2018-11-06,194.87,1.833,99.0,98.792,96.0,12.174,,,,,0.0,,177.0,166.625,159.0,207.043
2018-11-07,192.083,1.208,97.0,75.5,58.0,6.125,15.333,15.889,0.556,7.786,0.333,11.786,190.0,166.167,136.0,198.208
2018-11-08,193.591,1.522,85.0,74.917,64.0,7.091,13.087,14.304,1.217,12.125,1.0,18.783,186.0,158.208,128.0,200.682
2018-11-09,195.833,2.333,99.0,96.583,81.0,11.375,19.957,22.913,2.957,16.333,0.652,24.542,159.0,149.417,135.0,207.208
2018-11-10,193.75,1.708,99.0,77.875,55.0,6.5,9.292,10.792,1.5,7.75,0.75,12.5,215.0,174.125,145.0,200.25
2018-11-11,196.833,2.478,91.0,71.417,51.0,9.75,12.542,13.625,1.083,11.833,1.708,20.042,189.0,152.625,124.0,206.583
2018-11-12,200.087,2.75,93.0,82.708,73.0,13.522,19.75,23.042,3.292,18.25,1.0,29.167,173.0,147.958,120.0,213.609
2018-11-13,199.708,2.125,99.0,86.542,75.0,10.667,17.292,19.125,1.833,13.75,1.0,23.375,152.0,142.292,120.0,210.375
2018-11-14,195.958,1.375,93.0,69.458,53.0,7.083,13.25,14.0,0.75,6.583,1.083,10.083,155.0,124.542,101.0,203.042
2018-11-15,197.636,2.043,89.0,70.5,45.0,13.364,18.773,23.545,4.773,6.435,1.045,9.478,153.0,106.708,65.0,211.0
2018-11-16,197.833,2.292,90.0,76.208,55.0,11.292,23.583,27.125,3.542,9.333,1.542,14.75,162.0,114.375,69.0,209.125
2018-11-17,197.125,1.826,92.0,69.25,42.0,9.292,16.292,19.208,2.917,9.167,1.042,14.75,184.0,140.167,98.0,206.417
2018-11-18,197.783,1.75,79.0,72.667,68.0,5.609,10.5,10.875,0.375,7.917,1.292,12.958,148.0,133.25,117.0,203.391
2018-11-19,199.0,2.125,93.0,80.417,68.0,8.333,16.125,17.5,1.375,12.375,1.083,19.042,157.0,133.167,118.0,207.333
2018-11-20,195.25,1.333,81.0,61.292,50.0,4.375,13.333,14.042,0.708,4.75,1.042,7.458,129.0,113.083,78.0,199.625
2018-11-21,199.042,2.708,92.0,73.875,57.0,11.375,23.304,27.043,3.739,12.417,1.696,17.708,156.0,105.958,51.0,210.417
2018-11-22,201.136,3.348,90.0,72.125,58.0,15.5,26.261,30.565,4.304,21.478,1.783,26.696,136.0,112.25,87.0,216.636
2018-11-23,196.625,1.174,89.0,55.583,38.0,7.083,10.833,11.875,1.042,5.583,1.083,8.333,139.0,99.5,63.0,203.708
2018-11-24,197.913,1.5,82.0,61.167,51.0,9.261,15.417,16.542,1.125,5.5,1.0,7.417,110.0,83.625,53.0,207.174
2018-11-25,198.042,1.958,90.0,76.083,61.0,9.167,13.125,14.458,1.333,9.792,1.0,12.792,134.0,89.75,40.0,207.208
2018-11-26,201.083,2.958,93.0,72.708,52.0,14.667,26.25,31.667,5.417,11.292,1.375,16.75,163.0,112.667,56.0,215.75
2018-11-27,201.25,3.375,94.0,79.417,66.0,17.375,29.783,36.13,6.348,17.458,1.609,24.75,171.0,131.75,107.0,218.625
2018-11-28,201.542,3.167,97.0,78.292,60.0,16.0,26.375,30.917,4.542,21.375,1.208,29.458,176.0,132.333,77.0,217.542
2018-11-29,196.957,1.591,98.0,81.042,62.0,6.783,14.348,15.652,1.304,11.783,1.174,19.348,140.0,121.25,101.0,203.739
2018-11-30,198.783,2.417,87.0,62.5,40.0,11.87,21.208,23.167,1.958,11.167,1.5,18.417,152.0,109.958,74.0,210.652
2018-12-01,197.375,1.792,85.0,63.917,46.0,7.5,12.167,14.375,2.208,7.542,1.083,11.792,163.0,109.375,65.0,204.875
2018-12-02,195.792,1.458,87.0,63.5,52.0,8.125,10.208,10.75,0.542,9.875,1.0,13.542,108.0,90.958,71.0,203.917
2018-12-03,200.583,3.0,92.0,80.042,71.0,18.292,26.609,38.087,11.478,15.583,1.217,23.292,155.0,122.875,88.0,218.875
2018-12-04,197.125,2.25,99.0,83.375,65.0,14.375,17.042,26.833,9.792,14.792,1.333,24.0,237.0,170.708,120.0,211.5
2018-12-05,196.875,1.435,99.0,60.958,46.0,6.833,10.042,10.667,0.625,3.458,1.0,6.5,184.0,162.625,133.0,203.708
2018-12-06,198.0,1.739,99.0,89.708,59.0,9.048,16.0,17.818,1.818,11.087,1.0,14.783,129.0,100.333,87.0,207.048
2018-12-07,205.958,3.333,99.0,82.75,52.0,22.417,23.792,41.792,18.0,17.083,1.208,22.125,164.0,119.0,90.0,228.375
2018-12-08,198.333,1.708,82.0,61.75,44.0,7.75,15.0,16.167,1.167,5.667,1.167,7.042,114.0,91.75,63.0,206.083
2018-12-09,195.792,1.333,79.0,50.75,41.0,5.083,7.652,8.174,0.522,3.5,1.087,4.958,87.0,64.542,42.0,200.875
2018-12-10,196.167,1.75,71.0,51.458,40.0,7.542,16.875,18.542,1.667,5.667,1.042,7.708,81.0,54.208,27.0,203.708
2018-12-11,196.458,1.625,97.0,74.417,50.0,10.708,18.875,24.833,5.958,10.083,1.0,11.542,71.0,37.625,4.0,207.167
2018-12-12,195.0,1.565,99.0,83.667,56.0,4.714,16.083,19.667,3.583,5.708,,5.875,98.0,67.458,32.0,199.714
2018-12-13,,1.957,89.0,62.375,43.0,,15.435,17.87,2.435,5.292,0.0,6.957,75.0,58.75,27.0,
2018-12-14,,2.25,91.0,55.625,36.0,,11.5,15.0,3.5,5.375,0.083,7.625,89.0,53.0,12.0,
2018-12-15,195.3,1.958,71.0,42.208,30.0,8.7,8.13,8.652,0.522,5.917,0.565,7.875,84.0,53.0,9.0,204.0
2018-12-16,202.833,3.417,84.0,74.25,61.0,16.792,20.292,23.75,3.458,13.167,0.375,15.083,49.0,19.375,-18.0,219.625
2018-12-17,208.458,4.375,99.0,82.75,59.0,22.583,29.625,52.5,22.875,16.333,1.042,19.042,117.0,63.75,19.0,231.042
2018-12-18,202.087,2.522,94.0,69.083,47.0,12.174,18.208,21.125,2.917,5.5,0.625,7.833,123.0,75.625,39.0,214.261
2018-12-19,201.208,2.333,83.0,62.125,43.0,13.708,20.708,26.5,5.792,5.875,0.583,7.667,125.0,70.083,11.0,214.917
2018-12-20,205.652,3.522,86.0,68.417,52.0,19.478,32.696,43.826,11.13,13.391,1.696,17.652,131.0,74.583,15.0,225.13
2018-12-21,205.833,3.333,92.0,69.25,42.0,18.833,31.261,44.565,13.304,16.042,1.261,20.708,128.0,74.5,22.0,224.667
2018-12-22,204.875,3.458,86.0,75.875,62.0,19.375,29.083,36.25,7.167,26.042,1.208,30.667,110.0,89.417,54.0,224.25
2018-12-23,204.583,2.875,90.0,85.25,75.0,16.333,20.542,22.5,1.958,21.625,0.708,26.75,111.0,98.417,72.0,220.917
2018-12-24,200.304,1.522,97.0,57.875,35.0,7.696,9.958,11.792,1.833,8.25,0.5,10.208,99.0,68.917,35.0,208.0
2018-12-25,202.583,2.292,71.0,54.375,38.0,12.917,25.083,33.792,8.708,9.5,1.0,10.75,84.0,45.542,18.0,215.5
2018-12-26,204.783,3.87,84.0,66.083,46.0,21.696,34.136,53.636,19.5,15.478,1.0,19.13,117.0,62.917,4.0,226.478
2018-12-27,200.625,2.542,83.0,62.042,46.0,12.833,22.542,30.833,8.292,9.708,0.739,12.5,119.0,73.75,37.0,213.458
2018-12-28,195.542,1.083,57.0,37.042,22.0,2.833,6.043,6.696,0.652,1.958,0.083,2.542,72.0,39.167,0.0,198.375
2018-12-29,196.167,1.458,55.0,39.542,23.0,4.542,8.333,9.958,1.625,2.667,0.292,3.958,84.0,31.167,-19.0,200.708
2018-12-30,194.435,0.913,55.0,35.708,22.0,2.87,4.833,5.292,0.458,2.042,0.042,3.625,94.0,38.167,-19.0,197.304
2018-12-31,195.792,1.375,61.0,45.5,34.0,6.125,10.208,11.042,0.833,5.125,0.125,6.208,82.0,40.875,3.0,201.917
