date,NO2_mean,NOX_mean,NO_mean,PM25_mean,SO2_mean,SPM_mean
2011-01-01,4.833,4.833,0.0,,6.958,45.458
2011-01-02,2.833,2.833,0.0,,2.708,16.375
2011-01-03,3.708,3.708,0.0,,5.375,33.875
2011-01-04,2.583,2.583,0.0,,2.417,20.958
2011-01-05,3.25,3.25,0.0,,1.167,12.375
2011-01-06,6.125,6.375,0.25,,2.375,18.875
2011-01-07,6.174,6.565,0.391,,1.826,17.696
2011-01-08,4.417,4.875,0.458,,1.333,10.042
2011-01-09,8.167,8.708,0.542,,10.792,51.375
2011-01-10,8.792,9.542,0.75,,10.458,60.708
2011-01-11,5.208,5.25,0.042,,3.417,25.542
2011-01-12,4.875,5.083,0.208,,3.125,15.667
2011-01-13,3.75,3.75,0.0,,5.333,31.917
2011-01-14,8.625,9.333,0.708,,4.292,35.208
2011-01-15,6.083,6.292,0.208,,2.375,19.208
2011-01-16,8.167,8.792,0.625,,2.25,14.292
2011-01-17,6.833,7.25,0.417,,1.25,9.125
2011-01-18,10.0,11.0,1.0,,1.87,12.458
2011-01-19,9.375,10.667,1.292,,1.708,13.583
2011-01-20,3.5,3.708,0.208,,1.167,10.917
2011-01-21,2.125,2.125,0.0,,0.583,8.542
2011-01-22,3.958,4.542,0.583,,1.333,12.25
2011-01-23,2.167,2.208,0.042,,1.0,9.652
2011-01-24,2.125,2.125,0.0,,2.5,18.625
2011-01-25,2.708,2.708,0.0,,3.375,18.292
2011-01-26,2.167,2.167,0.0,,2.667,14.375
2011-01-27,5.917,6.5,0.583,,3.792,31.083
2011-01-28,3.958,4.042,0.083,,3.292,30.625
2011-01-29,4.417,4.542,0.125,,4.708,30.417
2011-01-30,5.875,6.0,0.125,,2.375,14.333
2011-01-31,6.042,6.292,0.25,,7.208,36.583
2011-02-01,3.833,3.875,0.042,,3.75,28.625
2011-02-02,2.667,2.667,0.0,,1.958,10.625
2011-02-03,2.542,2.542,0.0,,1.348,12.208
2011-02-04,4.217,4.783,0.565,,5.522,34.304
2011-02-05,7.5,8.417,0.917,,4.5,42.458
2011-02-06,11.417,13.167,1.75,,4.0,33.208
2011-02-07,5.792,6.542,0.75,,2.625,23.25
2011-02-08,2.25,2.25,0.0,,1.167,9.375
2011-02-09,2.875,2.958,0.083,,1.625,13.167
2011-02-10,5.875,6.5,0.625,,2.458,12.417
2011-02-11,7.042,7.708,0.667,,1.75,11.708
2011-02-12,5.583,6.042,0.458,,2.75,15.042
2011-02-13,10.625,11.833,1.208,,3.208,13.667
2011-02-14,15.417,18.458,3.042,,1.958,11.542
2011-02-15,8.708,10.0,1.292,,2.458,32.417
2011-02-16,7.5,8.583,1.083,,1.75,16.25
2011-02-17,4.0,4.304,0.304,,2.522,16.913
2011-02-18,3.75,3.75,0.0,,1.5,13.917
2011-02-19,4.417,4.458,0.042,,1.875,14.125
2011-02-20,5.292,6.0,0.708,,1.292,12.667
2011-02-21,8.875,10.0,1.125,,1.667,12.125
2011-02-22,12.625,14.375,1.75,,2.583,15.958
2011-02-23,13.792,16.833,3.042,,1.875,23.417
2011-02-24,5.292,6.083,0.792,,3.583,38.875
2011-02-25,9.333,10.75,1.417,,1.833,27.125
2011-02-26,5.417,6.417,1.0,,0.708,11.292
2011-02-27,5.5,6.417,0.917,,0.667,9.0
2011-02-28,11.375,12.375,1.0,,3.87,13.043
2011-03-01,17.333,20.583,3.25,,3.667,18.875
2011-03-02,7.583,9.667,2.083,,0.875,9.333
2011-03-03,4.792,5.542,0.75,,1.0,21.0
2011-03-04,11.292,12.292,1.0,,2.0,15.375
2011-03-05,7.708,8.875,1.167,,1.125,6.333
2011-03-06,9.708,11.625,1.917,,1.542,24.583
2011-03-07,11.0,12.083,1.083,,4.292,54.667
2011-03-08,8.083,9.083,1.0,,2.625,51.458
2011-03-09,5.125,6.083,0.958,,1.167,25.625
2011-03-10,6.458,7.208,0.75,,0.917,20.708
2011-03-11,5.87,6.783,0.913,,4.435,32.875
2011-03-12,5.833,6.5,0.667,,1.042,12.25
2011-03-13,7.75,8.583,0.833,,1.792,12.958
2011-03-14,10.5,11.75,1.25,,3.5,25.917
2011-03-15,11.917,13.125,1.208,,5.417,45.542
2011-03-16,14.333,16.083,1.75,,5.375,35.292
2011-03-17,16.958,20.25,3.292,,1.167,27.083
2011-03-18,16.333,19.625,3.292,,1.5,22.75
2011-03-19,7.958,9.167,1.208,,1.0,18.792
2011-03-20,11.292,12.958,1.667,,1.625,20.625
2011-03-21,12.625,14.125,1.5,,2.208,21.958
2011-03-22,11.667,13.167,1.5,,1.625,17.25
2011-03-23,13.083,15.375,2.292,,1.875,17.625
2011-03-24,5.917,6.917,1.0,,3.25,36.708
2011-03-25,5.0,5.708,0.708,,1.792,20.208
2011-03-26,5.304,5.87,0.565,,1.538,18.043
2011-03-27,13.125,15.167,2.042,,1.917,21.625
2011-03-28,19.958,22.75,2.792,,4.417,51.875
2011-03-29,22.625,26.75,4.125,,4.917,44.792
2011-03-30,20.542,24.75,4.208,,3.375,36.0
2011-03-31,10.75,12.583,1.833,,2.25,28.292
2011-04-01,0.5,0.545,0.045,,3.217,47.833
2011-04-02,0.25,0.292,0.042,,1.667,33.208
2011-04-03,1.0,1.0,0.0,,0.875,15.167
2011-04-04,1.292,1.583,0.292,,0.0,12.0
2011-04-05,3.792,4.167,0.375,,1.667,14.667
2011-04-06,2.0,2.25,0.25,,2.625,19.667
2011-04-07,0.0,0.0,0.0,,2.333,15.375
2011-04-08,0.391,0.391,0.0,,0.333,30.609
2011-04-09,0.667,0.708,0.042,,1.042,38.875
2011-04-10,0.5,0.542,0.042,,1.833,38.667
2011-04-11,2.042,2.042,0.0,,1.25,37.417
2011-04-12,2.792,2.833,0.042,,0.875,29.375
2011-04-13,2.875,2.875,0.0,,4.167,42.0
2011-04-14,1.042,1.042,0.0,,1.667,21.167
2011-04-15,0.727,0.727,0.0,,1.174,42.292
2011-04-16,1.583,1.583,0.0,,0.625,48.0
2011-04-17,2.0,2.0,0.0,,0.625,18.583
2011-04-18,1.958,1.958,0.0,,0.625,22.042
2011-04-19,2.5,2.5,0.0,,0.458,12.917
2011-04-20,1.417,1.417,0.0,,0.583,19.75
2011-04-21,0.75,0.75,0.0,,1.25,34.042
2011-04-22,0.522,0.609,0.087,,1.208,27.417
2011-04-23,1.625,1.625,0.0,,1.083,27.917
2011-04-24,1.875,1.875,0.0,,1.625,32.125
2011-04-25,1.739,1.739,0.0,,2.304,26.087
2011-04-26,0.292,0.333,0.042,,1.25,32.5
2011-04-27,0.792,0.875,0.083,,0.75,39.583
2011-04-28,2.417,2.5,0.083,,1.167,22.583
2011-04-29,2.682,2.864,0.182,,2.217,15.375
2011-04-30,0.0,0.0,0.0,,2.125,31.583
2011-05-01,0.125,0.208,0.083,,0.917,85.708
2011-05-02,1.708,2.208,0.5,,1.5,198.875
2011-05-03,1.042,1.292,0.25,,0.875,154.875
2011-05-04,0.292,0.375,0.083,,1.417,72.167
2011-05-05,0.208,0.25,0.042,,1.042,34.333
2011-05-06,1.087,1.565,0.478,,1.708,35.208
2011-05-07,0.083,0.083,0.0,,0.958,24.458
2011-05-08,0.125,0.25,0.125,,0.333,20.542
2011-05-09,0.042,0.417,0.375,,0.125,17.75
2011-05-10,0.0,0.667,0.667,,0.0,10.833
2011-05-11,0.042,0.833,0.792,,0.0,14.125
2011-05-12,0.167,0.25,0.083,,0.0,11.625
2011-05-13,1.773,1.818,0.045,,2.478,57.708
2011-05-14,0.958,0.958,0.0,,3.375,55.792
2011-05-15,0.792,0.792,0.0,,1.75,58.75
2011-05-16,0.625,0.833,0.208,,1.833,52.542
2011-05-17,0.833,0.833,0.0,,1.583,48.542
2011-05-18,0.625,0.667,0.042,,1.125,40.833
2011-05-19,0.667,0.875,0.208,,2.083,29.75
2011-05-20,0.261,0.435,0.174,,2.042,19.208
2011-05-21,0.208,0.75,0.542,,1.458,19.667
2011-05-22,0.167,0.167,0.0,,0.417,22.542
2011-05-23,1.667,1.708,0.042,,0.167,19.667
2011-05-24,0.792,0.792,0.0,,0.583,15.333
2011-05-25,1.125,1.708,0.583,,2.125,23.667
2011-05-26,3.609,3.783,0.174,,0.826,24.391
2011-05-27,0.455,0.545,0.091,,0.739,22.542
2011-05-28,0.542,0.542,0.0,,0.583,29.375
2011-05-29,0.708,0.708,0.0,,0.0,14.583
2011-05-30,1.25,1.25,0.0,,0.583,22.375
2011-05-31,1.208,1.208,0.0,,0.625,12.833
2011-06-01,0.583,0.583,0.0,,1.125,25.625
2011-06-02,0.208,0.75,0.542,,1.208,43.375
2011-06-03,0.304,0.391,0.087,,1.0,49.292
2011-06-04,0.042,0.125,0.083,,0.875,27.458
2011-06-05,0.375,1.5,1.125,,2.75,36.25
2011-06-06,0.208,0.583,0.375,,1.583,43.958
2011-06-07,0.583,0.875,0.292,,1.333,33.5
2011-06-08,0.083,0.208,0.125,,1.25,36.125
2011-06-09,0.208,0.375,0.167,,1.083,40.958
2011-06-10,0.0,0.091,0.091,,0.217,15.792
2011-06-11,0.0,0.042,0.042,,0.5,12.167
2011-06-12,0.0,0.0,0.0,,0.0,12.75
2011-06-13,0.0,0.0,0.0,,0.375,37.958
2011-06-14,0.042,0.042,0.0,,0.5,45.125
2011-06-15,0.208,0.542,0.333,,2.417,53.083
2011-06-16,0.167,0.292,0.125,,0.417,10.542
2011-06-17,0.174,0.174,0.0,,0.583,18.333
2011-06-18,0.125,0.125,0.0,,0.125,18.25
2011-06-19,0.417,0.875,0.458,,0.875,17.958
2011-06-20,0.042,0.5,0.458,,0.0,12.833
2011-06-21,0.042,0.083,0.042,,0.0,8.625
2011-06-22,0.0,0.375,0.375,,0.0,15.708
2011-06-23,0.0,0.348,0.348,,0.0,22.261
2011-06-24,0.0,0.227,0.227,,0.217,24.25
2011-06-25,0.25,0.917,0.667,,0.875,24.708
2011-06-26,0.0,0.0,0.0,,0.208,23.667
2011-06-27,0.0,0.0,0.0,,0.0,23.083
2011-06-28,0.0,0.083,0.083,,0.0,22.25
2011-06-29,0.083,0.375,0.292,,0.708,23.333
2011-06-30,0.042,0.333,0.292,,0.375,15.042
2011-07-01,,,,,0.0,24.042
2011-07-02,,,,,0.0,32.292
2011-07-03,,,,,0.0,37.833
2011-07-04,,,,,0.0,38.292
2011-07-05,,,,,0.708,41.667
2011-07-06,,,,,0.043,20.125
2011-07-07,,,,,0.0,26.583
2011-07-08,,,,,0.783,18.125
2011-07-09,,,,,1.583,17.458
2011-07-10,,,,,1.5,20.0
2011-07-11,,,,,2.167,25.042
2011-07-12,,,,,1.458,21.667
2011-07-13,,,,,1.417,19.25
2011-07-14,,,,,1.75,20.167
2011-07-15,,,,,1.375,17.333
2011-07-16,,,,,1.75,28.083
2011-07-17,,,,,1.958,21.958
2011-07-18,,,,,2.625,25.458
2011-07-19,,,,,0.0,33.087
2011-07-20,,,,,0.0,28.875
2011-07-21,,,,,0.0,17.833
2011-07-22,,,,,0.478,21.75
2011-07-23,,,,,0.5,21.958
2011-07-24,,,,,0.625,25.958
2011-07-25,,,,,1.083,37.875
2011-07-26,,,,,1.625,23.5
2011-07-27,,,,,0.667,13.652
2011-07-28,,,,,0.708,19.5
2011-07-29,,,,,0.0,12.652
2011-07-30,,,,,0.167,17.542
2011-07-31,,,,,0.583,13.5
2011-08-01,,,,,1.375,20.292
2011-08-02,,,,,2.375,44.348
2011-08-03,,,,,2.417,33.375
2011-08-04,,,,,1.833,13.0
2011-08-05,,,,,3.739,23.792
2011-08-06,6.455,7.0,0.545,,1.292,13.273
2011-08-07,2.458,2.542,0.083,,0.625,11.958
2011-08-08,2.833,2.833,0.0,,0.5,34.5
2011-08-09,2.667,2.792,0.125,,0.0,18.625
2011-08-10,2.042,2.375,0.333,,0.042,14.458
2011-08-11,2.333,2.458,0.125,,0.417,13.5
2011-08-12,2.375,2.625,0.25,,0.083,15.583
2011-08-13,2.375,2.5,0.125,,0.167,12.583
2011-08-14,2.083,2.083,0.0,,0.0,13.583
2011-08-15,2.042,2.083,0.042,,0.333,39.083
2011-08-16,2.292,2.375,0.083,,0.042,35.375
2011-08-17,2.25,2.333,0.083,,0.0,43.083
2011-08-18,2.042,2.042,0.0,,0.125,22.708
2011-08-19,2.667,2.667,0.0,,0.696,22.792
2011-08-20,3.5,3.75,0.25,,0.5,24.708
2011-08-21,1.917,1.917,0.0,,0.0,13.708
2011-08-22,3.591,4.182,0.591,,0.087,13.13
2011-08-23,3.208,4.417,1.208,,0.042,8.042
2011-08-24,2.583,3.542,0.958,,0.083,15.542
2011-08-25,0.708,1.5,0.792,,0.0,14.083
2011-08-26,2.792,3.792,1.0,,0.25,15.5
2011-08-27,3.292,5.083,1.792,,0.875,19.667
2011-08-28,1.458,2.292,0.833,,0.667,27.0
2011-08-29,4.5,6.042,1.542,,1.583,31.0
2011-08-30,1.458,2.417,0.958,,0.75,26.833
2011-08-31,0.792,1.667,0.875,,0.333,23.833
2011-09-01,0.917,1.625,0.708,,0.375,31.792
2011-09-02,0.238,0.571,0.333,,0.048,29.25
2011-09-03,0.0,0.375,0.375,,0.0,24.25
2011-09-04,0.0,0.333,0.333,,0.0,16.583
2011-09-05,0.75,1.417,0.667,,0.083,14.5
2011-09-06,2.833,3.625,0.792,,0.458,16.125
2011-09-07,2.125,2.833,0.708,,0.625,17.417
2011-09-08,2.0,2.417,0.417,,0.583,20.292
2011-09-09,6.583,7.5,0.917,,2.125,39.417
2011-09-10,4.125,6.667,2.542,,0.833,26.792
2011-09-11,2.375,3.167,0.792,,0.75,25.708
2011-09-12,3.125,4.167,1.042,,0.708,22.0
2011-09-13,4.417,6.083,1.667,,1.292,30.375
2011-09-14,6.167,7.583,1.417,,1.5,32.667
2011-09-15,8.261,9.348,1.087,,1.391,19.0
2011-09-16,9.208,13.25,4.042,,2.348,16.708
2011-09-17,7.167,10.083,2.917,,1.333,18.25
2011-09-18,2.667,4.0,1.333,,0.458,10.75
2011-09-19,0.083,0.333,0.25,,0.042,8.708
2011-09-20,0.042,0.375,0.333,,0.042,9.083
2011-09-21,0.042,0.542,0.5,,0.167,10.333
2011-09-22,2.75,3.375,0.625,,0.542,13.833
2011-09-23,5.292,5.875,0.583,,1.125,24.5
2011-09-24,4.958,5.5,0.542,,1.417,19.381
2011-09-25,6.5,7.375,0.875,,2.208,14.667
2011-09-26,2.5,2.958,0.458,,1.417,19.125
2011-09-27,1.833,2.333,0.5,,1.375,22.75
2011-09-28,4.0,4.5,0.5,,1.542,24.458
2011-09-29,2.792,3.375,0.583,,0.875,31.292
2011-09-30,3.333,3.792,0.458,,0.565,20.583
2011-10-01,4.333,4.75,0.417,,0.75,15.625
2011-10-02,2.833,3.042,0.208,,0.958,13.542
2011-10-03,1.417,1.542,0.125,,0.667,9.833
2011-10-04,7.75,8.542,0.792,,1.833,16.375
2011-10-05,7.917,8.958,1.042,,0.708,14.875
2011-10-06,4.375,5.125,0.75,,2.708,35.208
2011-10-07,7.25,7.917,0.667,,1.625,43.583
2011-10-08,4.208,4.667,0.458,,1.125,24.375
2011-10-09,5.542,5.75,0.208,,2.25,41.083
2011-10-10,4.348,4.957,0.609,,1.391,49.478
2011-10-11,4.583,5.375,0.792,,0.625,33.708
2011-10-12,5.792,6.167,0.375,,1.958,55.75
2011-10-13,7.208,7.792,0.583,,1.792,49.875
2011-10-14,5.417,6.042,0.625,,1.304,32.667
2011-10-15,1.458,1.667,0.208,,0.792,22.667
2011-10-16,2.0,2.125,0.125,,3.375,28.25
2011-10-17,3.958,4.292,0.333,,2.333,19.958
2011-10-18,2.458,2.833,0.375,,0.708,14.833
2011-10-19,3.417,3.958,0.542,,0.875,14.917
2011-10-20,8.917,9.958,1.042,,2.625,24.0
2011-10-21,5.667,6.333,0.667,,0.5,14.542
2011-10-22,1.792,2.083,0.292,,0.0,4.208
2011-10-23,2.292,2.458,0.167,,0.375,10.0
2011-10-24,4.0,4.583,0.583,,0.667,12.292
2011-10-25,2.739,2.913,0.174,,1.087,14.042
2011-10-26,1.625,1.708,0.083,,0.042,11.708
2011-10-27,9.708,10.458,0.75,,1.75,15.458
2011-10-28,11.25,12.625,1.375,,2.435,24.375
2011-10-29,7.167,7.583,0.417,,0.542,20.875
2011-10-30,2.667,2.792,0.125,,0.458,11.792
2011-10-31,1.375,1.375,0.0,,0.292,13.417
2011-11-01,9.75,10.458,0.708,,2.125,17.625
2011-11-02,9.417,10.417,1.0,,1.125,28.042
2011-11-03,10.083,11.625,1.542,,1.667,23.125
2011-11-04,16.292,18.542,2.25,,3.833,35.542
2011-11-05,3.583,3.667,0.083,,0.125,15.958
2011-11-06,1.417,1.542,0.125,,0.0,8.792
2011-11-07,1.708,1.833,0.125,,0.042,14.333
2011-11-08,7.522,8.043,0.522,,1.304,12.348
2011-11-09,6.5,6.958,0.458,,1.625,11.167
2011-11-10,10.042,10.625,0.583,,1.958,12.083
2011-11-11,12.792,14.375,1.583,,2.13,20.667
2011-11-12,3.75,4.208,0.458,,0.958,15.833
2011-11-13,3.833,3.875,0.042,,4.583,52.417
2011-11-14,6.333,6.625,0.292,,3.75,31.167
2011-11-15,5.625,5.958,0.333,,2.542,14.583
2011-11-16,7.125,7.583,0.458,,1.333,9.5
2011-11-17,12.167,12.917,0.75,,3.083,22.917
2011-11-18,2.042,2.208,0.167,,1.042,15.542
2011-11-19,3.083,3.292,0.208,,0.375,11.333
2011-11-20,1.958,1.958,0.0,,1.167,13.792
2011-11-21,4.583,4.917,0.333,,0.667,7.958
2011-11-22,7.25,8.042,0.792,,0.667,12.458
2011-11-23,2.625,2.625,0.0,,2.167,24.167
2011-11-24,3.0,3.208,0.208,,1.167,7.75
2011-11-25,7.208,7.792,0.583,,2.087,16.625
2011-11-26,7.792,8.833,1.042,,1.208,15.167
2011-11-27,4.875,4.917,0.042,,4.333,25.0
2011-11-28,9.708,10.417,0.708,,5.042,28.708
2011-11-29,9.917,10.917,1.0,,2.792,29.667
2011-11-30,2.611,2.722,0.111,,1.333,22.353
2011-12-01,1.0,1.0,0.0,,0.083,7.875
2011-12-02,3.875,4.458,0.583,,0.958,7.875
2011-12-03,1.708,1.917,0.208,,0.792,7.208
2011-12-04,2.708,2.833,0.125,,1.083,15.25
2011-12-05,3.542,3.792,0.25,,1.208,17.208
2011-12-06,6.125,7.167,1.042,,1.417,17.083
2011-12-07,7.667,8.875,1.208,,1.625,21.042
2011-12-08,4.208,4.917,0.708,,2.292,23.708
2011-12-09,2.174,2.174,0.0,,1.042,13.667
2011-12-10,2.25,2.25,0.0,,1.208,14.875
2011-12-11,2.167,2.167,0.0,,1.167,20.792
2011-12-12,4.375,4.708,0.333,,1.583,27.25
2011-12-13,8.833,10.333,1.5,,1.708,28.667
2011-12-14,3.333,3.75,0.417,,1.458,16.083
2011-12-15,4.208,4.625,0.417,,3.625,35.542
2011-12-16,2.375,2.375,0.0,,1.042,8.542
2011-12-17,3.667,3.708,0.042,,1.208,9.0
2011-12-18,3.875,3.917,0.042,,2.0,18.25
2011-12-19,5.667,5.958,0.292,,1.625,16.708
2011-12-20,9.542,11.167,1.625,,2.542,27.833
2011-12-21,6.696,7.304,0.609,,4.217,25.458
2011-12-22,4.917,5.125,0.208,,4.708,30.708
2011-12-23,4.458,4.458,0.0,,1.0,9.958
2011-12-24,4.083,4.208,0.125,,3.125,15.333
2011-12-25,2.292,2.292,0.0,,1.917,12.542
2011-12-26,3.333,3.333,0.0,,1.25,11.708
2011-12-27,9.583,10.792,1.208,,1.917,11.958
2011-12-28,8.792,9.583,0.792,,1.083,12.292
2011-12-29,8.417,9.0,0.583,,4.542,30.208
2011-12-30,5.167,5.542,0.375,,1.5,11.792
2011-12-31,3.792,4.083,0.292,,1.125,13.125
2012-01-01,2.792,2.792,0.0,18.542,3.125,31.542
2012-01-02,2.792,2.792,0.0,23.417,4.708,38.583
2012-01-03,2.583,2.583,0.0,5.833,1.5,7.917
2012-01-04,5.917,6.042,0.125,6.333,1.333,8.583
2012-01-05,3.417,3.417,0.0,5.792,1.792,9.083
2012-01-06,3.833,3.833,0.0,18.875,2.375,23.208
2012-01-07,4.333,4.5,0.167,21.083,3.208,25.75
2012-01-08,5.292,5.583,0.292,16.75,2.042,21.167
2012-01-09,4.913,5.087,0.174,27.913,6.87,32.542
2012-01-10,3.625,3.667,0.042,9.583,1.792,10.625
2012-01-11,,,,12.708,2.125,15.375
2012-01-12,,,,11.667,1.917,14.958
2012-01-13,,,,17.958,2.083,23.25
2012-01-14,,,,25.458,3.458,31.625
2012-01-15,,,,25.583,2.5,30.208
2012-01-16,,,,33.083,3.25,40.5
2012-01-17,,,,21.75,2.5,25.833
2012-01-18,,,,15.917,1.792,20.833
2012-01-19,,,,15.375,1.875,19.667
2012-01-20,,,,26.458,2.833,32.667
2012-01-21,,,,17.958,2.826,27.87
2012-01-22,,,,8.583,1.167,13.583
2012-01-23,,,,7.583,1.333,11.708
2012-01-24,,,,35.958,3.125,44.167
2012-01-25,,,,13.375,2.75,17.5
2012-01-26,,,,22.5,5.5,27.625
2012-01-27,,,,8.583,1.958,11.917
2012-01-28,,,,6.0,1.583,9.25
2012-01-29,,,,16.083,3.083,21.583
2012-01-30,,,,29.792,3.958,37.417
2012-01-31,,,,40.583,6.125,51.833
2012-02-01,0.0,1.0,1.0,21.167,4.375,33.75
2012-02-02,0.0,1.75,1.75,14.25,2.167,21.625
2012-02-03,0.0,1.042,1.042,9.0,2.0,14.083
2012-02-04,0.0,0.958,0.958,11.292,1.458,21.167
2012-02-05,0.0,1.0,1.0,18.792,2.458,26.583
2012-02-06,1.682,2.136,0.455,16.913,1.739,22.167
2012-02-07,2.583,2.583,0.0,16.75,2.208,20.875
2012-02-08,2.583,2.625,0.042,7.542,1.167,8.792
2012-02-09,3.292,3.417,0.125,9.917,1.5,13.167
2012-02-10,4.167,4.292,0.125,20.208,3.333,26.75
2012-02-11,3.5,3.5,0.0,19.375,3.125,23.917
2012-02-12,5.333,5.542,0.208,16.208,2.958,20.333
2012-02-13,4.5,4.5,0.0,20.875,3.875,24.167
2012-02-14,7.458,7.875,0.417,17.917,2.0,22.833
2012-02-15,5.875,6.042,0.167,19.042,2.667,23.458
2012-02-16,4.917,5.042,0.125,9.625,1.792,11.417
2012-02-17,5.0,5.0,0.0,13.708,1.917,18.75
2012-02-18,2.167,2.167,0.0,9.958,1.0,20.083
2012-02-19,1.957,1.957,0.0,7.875,0.87,13.304
2012-02-20,4.25,4.25,0.0,4.792,1.0,9.292
2012-02-21,5.5,5.542,0.042,29.333,5.417,34.0
2012-02-22,5.333,5.625,0.292,40.208,5.5,49.083
2012-02-23,4.042,4.042,0.0,30.833,5.333,35.208
2012-02-24,3.875,3.875,0.0,9.208,2.042,12.333
2012-02-25,7.042,7.292,0.25,18.75,3.458,23.125
2012-02-26,10.208,10.417,0.208,17.708,4.375,25.375
2012-02-27,7.458,7.542,0.083,23.917,2.625,31.333
2012-02-28,8.917,9.083,0.167,28.083,2.667,34.625
2012-02-29,,,,,,
2012-03-01,3.25,3.25,0.0,14.042,2.333,25.75
2012-03-02,3.375,3.375,0.0,17.458,1.958,21.792
2012-03-03,2.667,2.667,0.0,12.708,1.542,15.833
2012-03-04,5.231,5.385,0.154,16.182,5.308,44.389
2012-03-05,2.769,2.846,0.077,19.545,1.692,34.174
2012-03-06,2.542,2.792,0.25,17.167,1.25,25.833
2012-03-07,2.917,2.917,0.0,34.292,1.417,58.583
2012-03-08,3.792,3.833,0.042,52.833,2.75,86.0
2012-03-09,3.042,3.083,0.042,40.875,1.542,70.583
2012-03-10,1.667,1.667,0.0,34.917,0.292,54.833
2012-03-11,2.583,2.75,0.167,15.208,0.208,22.25
2012-03-12,5.167,5.917,0.75,15.375,1.583,27.25
2012-03-13,1.708,1.75,0.042,12.792,0.292,26.875
2012-03-14,0.708,0.708,0.0,10.25,0.0,15.958
2012-03-15,2.375,2.625,0.25,11.25,0.208,17.417
2012-03-16,3.25,3.292,0.042,5.792,0.458,11.083
2012-03-17,4.167,4.375,0.208,13.583,0.917,27.25
2012-03-18,1.167,1.208,0.042,10.417,0.417,29.917
2012-03-19,3.833,3.833,0.0,78.0,3.0,112.167
2012-03-20,3.833,3.833,0.0,33.292,0.833,55.542
2012-03-21,2.435,2.435,0.0,9.375,0.826,14.5
2012-03-22,2.708,2.792,0.083,7.208,0.708,14.875
2012-03-23,4.667,4.917,0.25,27.917,1.125,39.458
2012-03-24,4.042,4.083,0.042,24.167,1.292,35.5
2012-03-25,3.25,3.375,0.125,18.708,1.25,28.208
2012-03-26,6.083,6.5,0.417,11.667,1.167,16.917
2012-03-27,6.625,7.0,0.375,13.875,1.333,23.083
2012-03-28,5.833,6.0,0.167,17.167,1.167,26.625
2012-03-29,3.375,3.583,0.208,24.667,1.458,37.292
2012-03-30,2.375,2.417,0.042,13.542,0.417,20.167
2012-03-31,1.583,1.583,0.0,14.875,0.375,21.042
2012-04-01,8.583,9.833,1.25,12.542,1.833,19.667
2012-04-02,13.292,16.042,2.75,12.083,2.875,20.417
2012-04-03,7.0,8.458,1.458,17.25,1.708,34.458
2012-04-04,7.417,8.25,0.833,11.833,1.917,20.5
2012-04-05,10.917,12.25,1.333,31.583,3.083,46.5
2012-04-06,7.667,8.792,1.125,11.125,1.708,18.583
2012-04-07,7.625,8.625,1.0,10.0,1.333,16.0
2012-04-08,14.375,17.0,2.625,11.083,1.667,19.708
2012-04-09,20.625,25.542,4.917,22.208,3.0,32.5
2012-04-10,13.818,16.818,3.0,19.652,3.652,34.333
2012-04-11,12.833,15.75,2.917,14.833,1.083,22.25
2012-04-12,12.042,13.75,1.708,13.542,1.333,21.583
2012-04-13,12.042,13.5,1.458,11.125,1.708,18.625
2012-04-14,11.208,12.625,1.417,17.167,1.542,24.708
2012-04-15,14.75,16.917,2.167,19.875,2.208,29.167
2012-04-16,19.208,22.25,3.042,21.958,3.625,30.417
2012-04-17,8.625,9.5,0.875,22.708,1.042,31.917
2012-04-18,6.417,6.667,0.25,14.167,1.042,24.458
2012-04-19,9.417,10.583,1.167,20.542,1.625,31.25
2012-04-20,8.833,9.25,0.417,19.667,2.042,27.75
2012-04-21,9.417,10.583,1.167,9.667,1.708,15.833
2012-04-22,10.333,11.958,1.625,9.542,1.0,17.667
2012-04-23,11.304,12.348,1.043,37.667,2.348,49.609
2012-04-24,13.292,14.833,1.542,42.0,2.458,58.625
2012-04-25,10.792,12.125,1.333,25.75,7.25,45.0
2012-04-26,8.583,9.625,1.042,9.667,1.333,19.167
2012-04-27,10.208,11.042,0.833,12.875,1.875,19.167
2012-04-28,10.125,11.25,1.125,14.333,1.292,21.167
2012-04-29,13.458,14.875,1.417,27.333,4.5,36.458
2012-04-30,12.13,13.13,1.0,9.609,2.043,18.652
2012-05-01,20.958,26.167,5.208,8.25,4.292,14.542
2012-05-02,6.25,7.292,1.042,7.792,1.0,17.417
2012-05-03,7.5,8.583,1.083,6.333,0.833,12.917
2012-05-04,9.958,11.917,1.958,12.0,1.333,19.833
2012-05-05,16.083,19.25,3.167,14.083,1.5,24.958
2012-05-06,16.333,18.75,2.417,29.875,2.458,47.042
2012-05-07,7.609,8.174,0.565,54.261,2.913,82.75
2012-05-08,3.833,3.833,0.0,32.167,1.542,45.833
2012-05-09,2.75,2.75,0.0,28.833,0.875,39.875
2012-05-10,1.542,1.542,0.0,28.042,0.667,38.042
2012-05-11,1.333,1.333,0.0,7.208,0.333,11.792
2012-05-12,1.333,1.333,0.0,6.292,0.542,11.333
2012-05-13,6.583,6.583,0.0,21.75,2.375,31.083
2012-05-14,6.083,6.083,0.0,33.125,1.833,46.292
2012-05-15,3.417,3.417,0.0,13.417,0.958,21.542
2012-05-16,4.0,4.0,0.0,31.0,1.5,46.292
2012-05-17,3.25,3.25,0.0,33.208,2.083,49.0
2012-05-18,4.25,4.25,0.0,22.875,1.958,28.583
2012-05-19,4.833,4.833,0.0,25.292,3.625,34.125
2012-05-20,9.792,10.083,0.292,31.333,5.667,42.542
2012-05-21,9.261,9.478,0.217,19.333,2.522,27.739
2012-05-22,2.417,2.417,0.0,17.708,1.167,25.875
2012-05-23,4.375,4.375,0.0,21.083,1.042,31.458
2012-05-24,6.125,6.25,0.125,19.458,1.833,32.792
2012-05-25,4.667,4.667,0.0,18.208,1.375,27.5
2012-05-26,5.625,5.625,0.0,31.958,3.833,44.125
2012-05-27,4.625,4.625,0.0,37.958,2.25,51.083
2012-05-28,3.833,3.833,0.0,41.708,2.333,54.792
2012-05-29,3.875,3.875,0.0,27.292,1.625,39.167
2012-05-30,3.708,3.708,0.0,24.625,1.667,35.625
2012-05-31,2.125,2.125,0.0,14.625,1.042,25.042
2012-06-01,1.917,1.917,0.0,18.25,0.917,28.167
2012-06-02,1.958,1.958,0.0,15.25,1.0,24.958
2012-06-03,1.792,1.792,0.0,18.917,1.042,28.792
2012-06-04,6.167,6.208,0.042,22.0,3.583,31.5
2012-06-05,8.0,8.087,0.087,14.261,3.087,20.261
2012-06-06,6.125,6.25,0.125,14.875,1.75,21.208
2012-06-07,4.292,4.417,0.125,16.125,1.208,22.458
2012-06-08,4.708,4.917,0.208,11.875,1.0,20.583
2012-06-09,2.792,2.792,0.0,14.417,0.792,21.25
2012-06-10,1.958,1.958,0.0,12.917,0.875,19.542
2012-06-11,11.0,11.833,0.833,28.042,2.75,39.417
2012-06-12,10.375,10.792,0.417,29.125,3.125,37.417
2012-06-13,4.958,5.125,0.167,14.333,1.375,21.708
2012-06-14,2.042,2.042,0.0,16.917,1.083,25.25
2012-06-15,9.917,10.917,1.0,13.0,2.292,24.917
2012-06-16,5.083,5.083,0.0,6.542,1.042,12.958
2012-06-17,3.375,3.417,0.042,12.083,1.042,19.0
2012-06-18,5.375,5.542,0.167,7.375,0.875,14.708
2012-06-19,5.167,5.458,0.292,5.542,1.042,12.792
2012-06-20,2.542,2.542,0.0,7.583,0.917,13.25
2012-06-21,6.261,6.957,0.696,12.375,1.826,19.333
2012-06-22,2.208,2.208,0.0,11.542,0.833,20.875
2012-06-23,5.292,5.625,0.333,15.708,1.792,23.5
2012-06-24,7.167,7.417,0.25,8.292,1.333,15.583
2012-06-25,1.458,1.458,0.0,12.042,0.625,22.583
2012-06-26,1.542,1.542,0.0,10.458,0.75,21.917
2012-06-27,7.5,7.958,0.458,12.0,1.625,20.75
2012-06-28,2.417,2.417,0.0,15.917,1.083,26.083
2012-06-29,3.458,3.667,0.208,15.667,1.167,27.0
2012-06-30,2.333,3.25,0.917,9.792,0.542,31.0
2012-07-01,2.375,2.792,0.417,9.208,0.667,26.958
2012-07-02,3.667,4.042,0.375,9.958,0.833,25.458
2012-07-03,2.875,3.042,0.167,6.458,0.625,17.958
2012-07-04,3.375,3.708,0.333,7.083,0.75,23.875
2012-07-05,2.167,3.542,1.375,7.542,0.542,24.167
2012-07-06,1.667,2.792,1.125,11.5,0.667,36.792
2012-07-07,1.708,1.708,0.0,15.125,0.833,26.875
2012-07-08,1.208,1.208,0.0,11.958,0.583,18.708
2012-07-09,2.826,2.913,0.087,10.174,0.87,16.75
2012-07-10,4.208,4.333,0.125,32.0,3.125,44.083
2012-07-11,2.333,2.75,0.417,16.208,1.208,34.625
2012-07-12,3.625,3.875,0.25,41.417,0.75,82.583
2012-07-13,2.958,3.208,0.25,10.0,0.458,26.292
2012-07-14,3.042,3.458,0.417,22.542,0.5,50.0
2012-07-15,1.75,2.667,0.917,11.583,0.458,30.708
2012-07-16,4.0,4.667,0.667,11.083,1.042,24.792
2012-07-17,6.292,8.292,2.0,13.083,1.917,22.542
2012-07-18,2.708,3.75,1.042,10.25,1.042,19.625
2012-07-19,2.174,3.826,1.652,9.0,0.609,25.0
2012-07-20,3.667,5.833,2.167,19.958,1.167,32.042
2012-07-21,2.792,5.125,2.333,15.75,1.0,25.417
2012-07-22,3.652,4.304,0.652,29.458,1.087,46.957
2012-07-23,3.0,3.458,0.458,15.667,1.0,26.125
2012-07-24,2.667,3.25,0.583,32.125,2.25,48.667
2012-07-25,2.458,3.0,0.542,37.917,1.792,61.708
2012-07-26,2.0,2.333,0.333,32.958,1.667,54.417
2012-07-27,2.667,3.625,0.958,21.667,1.208,37.458
2012-07-28,1.25,1.833,0.583,8.0,0.625,14.333
2012-07-29,1.417,1.667,0.25,11.042,0.708,15.75
2012-07-30,2.958,3.625,0.667,14.333,0.917,21.667
2012-07-31,6.333,6.875,0.542,23.25,2.917,37.0
2012-08-01,7.5,8.167,0.667,14.042,2.5,22.083
2012-08-02,3.75,4.417,0.667,9.875,1.333,16.609
2012-08-03,6.0,6.958,0.958,12.708,2.0,19.333
2012-08-04,7.208,8.542,1.333,17.333,2.375,25.25
2012-08-05,6.304,7.87,1.565,14.0,2.522,21.261
2012-08-06,4.333,6.083,1.75,8.958,1.792,17.958
2012-08-07,1.333,1.333,0.0,13.5,0.917,27.0
2012-08-08,2.5,2.5,0.0,10.917,0.875,20.792
2012-08-09,3.333,3.333,0.0,14.583,1.042,22.167
2012-08-10,3.042,3.083,0.042,16.708,1.25,23.625
2012-08-11,4.75,4.958,0.208,15.208,1.292,26.833
2012-08-12,2.833,3.333,0.5,11.792,0.917,23.5
2012-08-13,2.125,2.833,0.708,12.625,0.75,30.292
2012-08-14,2.125,2.792,0.667,6.5,0.5,18.708
2012-08-15,1.542,2.792,1.25,10.75,0.875,29.625
2012-08-16,1.958,3.083,1.125,10.708,1.833,25.0
2012-08-17,5.042,6.292,1.25,16.0,1.708,31.792
2012-08-18,2.417,3.125,0.708,16.208,1.417,29.167
2012-08-19,2.5,3.042,0.542,17.708,2.25,29.792
2012-08-20,2.208,2.708,0.5,12.958,4.375,21.625
2012-08-21,3.208,3.75,0.542,13.458,2.333,23.042
2012-08-22,2.667,3.583,0.917,7.0,0.75,15.083
2012-08-23,5.652,7.957,2.304,7.208,1.783,15.417
2012-08-24,6.167,7.75,1.583,9.292,1.708,19.125
2012-08-25,6.167,7.25,1.083,8.625,1.958,16.875
2012-08-26,5.042,7.417,2.375,8.042,2.125,16.042
2012-08-27,2.125,3.083,0.958,7.208,0.917,15.417
2012-08-28,1.458,2.292,0.833,12.125,0.792,29.292
2012-08-29,2.708,3.667,0.958,10.958,0.708,23.208
2012-08-30,2.0,2.833,0.833,11.083,0.708,27.333
2012-08-31,2.5,2.583,0.083,8.042,0.833,14.667
2012-09-01,2.542,2.792,0.25,7.583,0.833,12.75
2012-09-02,2.958,3.083,0.125,11.875,1.333,19.458
2012-09-03,2.708,3.25,0.542,14.333,1.042,24.5
2012-09-04,2.667,3.667,1.0,11.375,1.083,18.917
2012-09-05,2.083,2.958,0.875,6.333,0.792,13.167
2012-09-06,2.739,3.522,0.783,11.913,0.783,19.583
2012-09-07,3.875,4.208,0.333,18.958,1.125,26.458
2012-09-08,2.333,3.333,1.0,7.917,0.667,17.292
2012-09-09,1.792,2.792,1.0,5.75,0.625,16.958
2012-09-10,2.208,2.792,0.583,4.375,0.5,13.875
2012-09-11,1.375,1.417,0.042,9.0,0.583,14.167
2012-09-12,2.208,2.333,0.125,11.167,0.75,15.875
2012-09-13,3.042,3.667,0.625,14.792,0.917,21.667
2012-09-14,2.792,3.458,0.667,11.25,0.583,19.708
2012-09-15,1.875,1.958,0.083,7.375,0.583,17.167
2012-09-16,2.75,3.625,0.875,6.0,0.75,20.667
2012-09-17,1.833,2.833,1.0,9.25,0.75,22.167
2012-09-18,2.125,2.417,0.292,17.875,1.292,27.917
2012-09-19,2.583,2.583,0.0,15.5,1.167,22.708
2012-09-20,3.208,3.208,0.0,19.833,1.458,26.375
2012-09-21,5.5,5.708,0.208,20.375,1.458,26.458
2012-09-22,4.833,5.0,0.167,23.333,1.458,29.833
2012-09-23,1.958,1.958,0.0,18.083,0.875,26.476
2012-09-24,1.591,1.591,0.0,10.955,0.905,20.545
2012-09-25,1.667,1.667,0.0,12.458,0.875,18.458
2012-09-26,2.542,2.542,0.0,10.583,1.083,17.292
2012-09-27,4.25,4.458,0.208,10.5,1.5,17.75
2012-09-28,2.583,2.583,0.0,10.958,1.167,15.625
2012-09-29,3.958,3.958,0.0,24.917,1.625,30.75
2012-09-30,2.958,2.958,0.0,10.958,1.167,13.917
2012-10-01,3.542,3.625,0.083,8.792,0.833,16.292
2012-10-02,2.0,2.0,0.0,5.625,0.958,8.542
2012-10-03,1.708,1.708,0.0,6.583,0.917,9.667
2012-10-04,3.292,3.292,0.0,7.083,0.75,10.917
2012-10-05,5.458,5.583,0.125,10.25,1.375,14.217
2012-10-06,3.375,3.375,0.0,10.917,1.208,15.25
2012-10-07,1.875,1.875,0.0,12.5,1.0,17.833
2012-10-08,1.875,1.875,0.0,6.5,0.958,10.208
2012-10-09,2.304,2.304,0.0,6.348,0.957,10.261
2012-10-10,2.958,2.958,0.0,11.542,1.333,17.042
2012-10-11,5.208,5.25,0.042,24.0,2.0,32.833
2012-10-12,2.125,2.125,0.0,6.292,0.875,11.875
2012-10-13,4.875,4.958,0.083,9.417,2.375,15.167
2012-10-14,8.958,9.208,0.25,19.0,3.792,26.083
2012-10-15,3.292,3.292,0.0,16.625,1.5,26.042
2012-10-16,6.083,6.25,0.167,21.333,2.167,31.125
2012-10-17,5.042,5.042,0.0,18.208,1.542,27.5
2012-10-18,2.875,2.875,0.0,7.042,1.0,13.542
2012-10-19,5.333,5.375,0.042,11.0,1.375,17.417
2012-10-20,5.583,5.625,0.042,18.5,1.792,26.0
2012-10-21,5.542,5.542,0.0,27.208,2.542,38.625
2012-10-22,3.261,3.348,0.087,16.917,1.957,27.696
2012-10-23,4.208,4.208,0.0,8.125,1.167,16.125
2012-10-24,6.917,7.042,0.125,8.875,1.417,15.375
2012-10-25,5.625,5.625,0.0,10.292,1.417,15.792
2012-10-26,6.875,6.875,0.0,13.083,1.667,18.917
2012-10-27,5.125,5.125,0.0,14.833,2.208,23.792
2012-10-28,3.5,3.5,0.0,23.958,2.167,34.25
2012-10-29,7.25,7.583,0.333,16.458,1.667,24.958
2012-10-30,6.458,6.458,0.0,21.583,3.208,29.958
2012-10-31,3.875,3.875,0.0,14.625,2.0,20.208
2012-11-01,3.125,3.125,0.0,9.333,1.458,12.792
2012-11-02,6.833,7.0,0.167,9.917,1.583,15.583
2012-11-03,4.125,4.125,0.0,10.333,1.458,16.208
2012-11-04,4.458,4.458,0.0,15.583,3.167,24.0
2012-11-05,2.958,2.958,0.0,21.708,1.792,39.667
2012-11-06,3.083,3.083,0.0,20.083,2.292,27.958
2012-11-07,2.696,2.696,0.0,23.955,1.304,31.542
2012-11-08,4.5,4.542,0.042,31.667,3.958,41.75
2012-11-09,4.875,4.875,0.0,44.0,5.333,55.75
2012-11-10,5.542,5.542,0.0,21.458,1.5,29.958
2012-11-11,2.833,2.833,0.0,13.875,1.583,24.5
2012-11-12,2.167,2.167,0.0,18.333,2.75,30.833
2012-11-13,3.042,3.042,0.0,19.917,5.0,28.583
2012-11-14,2.667,2.667,0.0,12.125,2.0,16.958
2012-11-15,3.0,3.0,0.0,7.042,0.917,11.5
2012-11-16,4.042,4.042,0.0,9.042,2.542,14.708
2012-11-17,3.375,3.375,0.0,12.958,1.75,19.833
2012-11-18,4.042,4.042,0.0,9.083,1.25,13.458
2012-11-19,2.542,2.542,0.0,17.5,2.417,26.417
2012-11-20,6.417,6.5,0.083,9.458,1.542,13.958
2012-11-21,9.522,10.087,0.565,13.708,1.522,18.957
2012-11-22,6.083,6.25,0.167,8.792,1.625,14.292
2012-11-23,7.167,7.167,0.0,36.167,7.25,50.087
2012-11-24,7.333,7.333,0.0,26.583,4.583,33.917
2012-11-25,4.042,4.083,0.042,8.208,1.5,13.25
2012-11-26,2.833,2.833,0.0,8.125,1.75,13.042
2012-11-27,3.583,3.583,0.0,6.625,1.208,10.0
2012-11-28,3.875,3.875,0.0,8.5,1.792,15.583
2012-11-29,8.833,9.208,0.375,22.208,2.292,35.708
2012-11-30,6.0,6.292,0.292,10.625,1.167,25.542
2012-12-01,5.0,5.083,0.083,13.625,3.208,22.0
2012-12-02,6.833,6.958,0.125,12.042,3.75,18.333
2012-12-03,6.167,6.167,0.0,13.333,2.792,19.167
2012-12-04,3.292,3.292,0.0,10.792,1.917,15.583
2012-12-05,4.625,4.625,0.0,9.792,3.083,15.875
2012-12-06,3.087,3.087,0.0,9.391,2.217,11.875
2012-12-07,4.458,4.5,0.042,14.75,2.417,22.208
2012-12-08,2.75,2.75,0.0,15.625,4.25,20.583
2012-12-09,2.333,2.333,0.0,10.417,2.333,13.708
2012-12-10,3.125,3.167,0.042,5.792,1.042,8.917
2012-12-11,3.75,3.75,0.0,7.042,1.5,9.917
2012-12-12,6.542,6.75,0.208,8.458,1.542,11.917
2012-12-13,8.583,9.292,0.708,10.083,1.583,13.75
2012-12-14,3.958,3.958,0.0,8.75,5.25,19.333
2012-12-15,6.875,10.958,4.083,19.75,1.417,30.0
2012-12-16,4.958,4.958,0.0,11.25,1.458,16.25
2012-12-17,7.208,7.75,0.542,19.667,1.833,26.375
2012-12-18,3.708,3.708,0.0,11.667,1.667,15.333
2012-12-19,5.0,5.042,0.042,7.333,1.208,10.417
2012-12-20,7.273,7.727,0.455,6.136,1.455,9.409
2012-12-21,7.417,7.542,0.125,5.333,2.292,11.375
2012-12-22,4.583,4.583,0.0,12.542,2.083,18.75
2012-12-23,3.417,3.417,0.0,15.375,3.0,20.125
2012-12-24,1.667,1.667,0.0,8.333,2.042,12.833
2012-12-25,2.958,2.958,0.0,21.792,3.125,27.583
2012-12-26,4.833,4.958,0.125,6.083,1.333,9.208
2012-12-27,7.833,8.292,0.458,12.125,1.875,16.792
2012-12-28,7.833,8.167,0.333,4.5,2.292,12.167
2012-12-29,4.583,4.875,0.292,8.083,1.125,14.25
2012-12-30,3.25,3.25,0.0,9.0,2.5,12.917
2012-12-31,1.708,1.708,0.0,9.292,2.0,14.583
2013-01-01,5.875,6.125,0.25,29.375,6.208,50.333
2013-01-02,5.708,5.917,0.208,21.292,5.333,32.625
2013-01-03,6.333,6.542,0.208,16.875,1.958,29.375
2013-01-04,8.083,8.667,0.583,26.917,4.875,38.0
2013-01-05,4.042,4.292,0.25,7.333,1.083,12.75
2013-01-06,6.667,7.0,0.333,22.217,3.0,29.043
2013-01-07,5.667,5.958,0.292,15.5,3.25,18.792
2013-01-08,4.708,4.708,0.0,13.667,1.417,18.75
2013-01-09,3.792,4.083,0.292,8.333,1.208,11.167
2013-01-10,4.25,4.542,0.292,13.208,3.042,15.875
2013-01-11,5.958,6.292,0.333,27.5,4.833,31.375
2013-01-12,5.417,5.542,0.125,39.333,6.292,47.417
2013-01-13,5.958,6.292,0.333,21.833,3.25,26.375
2013-01-14,4.75,4.875,0.125,6.333,0.875,9.458
2013-01-15,7.25,7.833,0.583,11.208,2.208,12.875
2013-01-16,9.792,10.708,0.917,15.167,2.125,17.0
2013-01-17,9.708,10.083,0.375,43.625,6.333,52.167
2013-01-18,5.833,5.917,0.083,40.375,7.167,47.667
2013-01-19,6.5,6.958,0.458,13.208,1.583,15.042
2013-01-20,4.875,4.958,0.083,30.708,3.083,42.25
2013-01-21,3.826,3.87,0.043,20.542,2.217,25.652
2013-01-22,6.708,6.833,0.125,23.042,2.583,27.458
2013-01-23,6.667,7.25,0.583,14.458,2.167,19.083
2013-01-24,4.958,5.375,0.417,9.875,1.625,14.75
2013-01-25,5.0,5.292,0.292,12.375,1.667,21.583
2013-01-26,3.583,3.75,0.167,19.042,1.583,22.917
2013-01-27,5.208,5.917,0.708,7.417,1.25,10.292
2013-01-28,4.25,4.458,0.208,15.708,1.625,20.75
2013-01-29,9.458,10.167,0.708,23.125,3.625,29.667
2013-01-30,4.125,4.208,0.083,24.375,1.625,35.208
2013-01-31,7.125,7.917,0.792,22.625,2.417,29.25
2013-02-01,5.667,5.75,0.083,30.417,2.375,44.667
2013-02-02,4.208,4.375,0.167,22.167,1.25,32.917
2013-02-03,3.875,4.042,0.167,33.783,1.167,49.348
2013-02-04,4.333,4.667,0.333,7.542,1.208,10.458
2013-02-05,5.083,5.458,0.375,8.667,0.833,11.708
2013-02-06,5.833,6.167,0.333,4.833,1.0,6.583
2013-02-07,11.917,12.667,0.75,7.167,2.208,9.0
2013-02-08,2.333,2.333,0.0,2.958,0.417,8.0
2013-02-09,2.875,2.917,0.042,4.25,0.375,6.458
2013-02-10,2.833,3.0,0.167,4.125,0.583,7.292
2013-02-11,1.167,1.167,0.0,4.958,0.125,8.375
2013-02-12,2.75,2.958,0.208,4.083,0.458,8.5
2013-02-13,2.957,3.087,0.13,4.417,0.739,8.217
2013-02-14,3.167,3.25,0.083,6.583,0.708,11.042
2013-02-15,1.333,1.333,0.0,7.042,0.417,13.333
2013-02-16,3.75,3.875,0.125,16.583,1.583,24.125
2013-02-17,7.792,8.125,0.333,16.917,2.583,24.458
2013-02-18,2.542,2.542,0.0,9.917,0.833,14.042
2013-02-19,1.5,1.5,0.0,10.292,0.583,17.125
2013-02-20,3.167,3.167,0.0,10.25,0.75,15.292
2013-02-21,8.375,8.875,0.5,23.458,1.542,28.042
2013-02-22,6.583,6.667,0.083,22.583,1.5,27.75
2013-02-23,6.0,6.208,0.208,15.875,1.333,19.917
2013-02-24,7.5,7.917,0.417,22.125,1.917,27.667
2013-02-25,9.708,10.042,0.333,46.375,3.75,56.583
2013-02-26,18.0,18.652,0.652,39.292,5.348,49.565
2013-02-27,5.125,5.333,0.208,19.583,1.583,25.75
2013-02-28,7.5,8.375,0.875,48.5,1.708,57.792
2013-03-01,4.333,4.458,0.125,24.75,1.167,35.375
2013-03-02,2.583,2.583,0.0,14.042,0.75,18.917
2013-03-03,2.292,2.292,0.0,6.875,0.792,11.0
2013-03-04,8.708,9.833,1.125,10.75,4.583,16.708
2013-03-05,4.958,5.25,0.292,20.25,2.375,27.833
2013-03-06,4.833,5.042,0.208,12.458,1.417,16.167
2013-03-07,3.792,3.833,0.042,14.304,2.167,18.652
2013-03-08,5.708,6.0,0.292,19.458,2.667,22.083
2013-03-09,4.917,4.917,0.0,33.958,4.458,41.625
2013-03-10,4.75,5.167,0.417,10.458,1.708,13.667
2013-03-11,3.542,3.833,0.292,6.167,1.125,12.125
2013-03-12,4.125,4.667,0.542,7.333,2.417,13.708
2013-03-13,2.25,2.25,0.0,7.25,0.667,10.958
2013-03-14,4.75,4.792,0.042,17.917,1.0,23.125
2013-03-15,4.292,4.333,0.042,22.75,2.792,32.292
2013-03-16,3.583,3.625,0.042,28.083,3.25,42.667
2013-03-17,3.875,4.333,0.458,19.0,1.917,29.75
2013-03-18,3.25,3.583,0.333,27.583,1.375,43.625
2013-03-19,3.417,3.542,0.125,24.208,1.125,43.5
2013-03-20,3.846,4.0,0.154,15.333,1.733,27.048
2013-03-21,4.875,4.875,0.0,9.25,0.0,18.773
2013-03-22,3.55,3.55,0.0,17.727,0.739,25.955
2013-03-23,6.625,6.792,0.167,42.042,2.958,58.125
2013-03-24,6.5,6.708,0.208,34.0,3.042,49.667
2013-03-25,4.417,4.583,0.167,13.042,0.125,22.75
2013-03-26,4.0,4.208,0.208,16.042,0.0,34.542
2013-03-27,4.625,4.792,0.167,8.833,0.0,15.042
2013-03-28,5.958,6.333,0.375,18.458,0.75,32.875
2013-03-29,3.375,3.375,0.0,9.458,1.042,19.0
2013-03-30,2.542,2.542,0.0,15.0,0.0,26.875
2013-03-31,5.833,6.25,0.417,15.417,0.583,26.25
2013-04-01,7.208,7.75,0.542,20.333,2.75,30.75
2013-04-02,2.625,2.625,0.0,27.5,0.917,39.75
2013-04-03,3.042,3.083,0.042,17.458,0.958,25.25
2013-04-04,3.792,3.875,0.083,19.417,1.417,31.458
2013-04-05,12.875,15.583,2.708,32.391,3.833,47.375
2013-04-06,3.833,3.875,0.042,8.833,0.542,17.083
2013-04-07,1.167,1.167,0.0,14.25,0.208,21.375
2013-04-08,1.833,1.875,0.042,16.375,1.458,24.708
2013-04-09,1.917,1.917,0.0,20.333,2.208,30.333
2013-04-10,1.167,1.167,0.0,14.292,0.625,20.583
2013-04-11,1.792,1.792,0.0,18.542,2.625,26.958
2013-04-12,2.75,2.75,0.0,18.167,2.792,25.458
2013-04-13,3.417,3.5,0.083,13.333,1.375,21.333
2013-04-14,2.167,2.167,0.0,28.833,1.583,47.958
2013-04-15,3.583,3.75,0.167,7.833,1.083,15.333
2013-04-16,1.958,1.958,0.0,22.125,0.958,40.458
2013-04-17,1.292,1.5,0.208,16.0,0.5,29.875
2013-04-18,1.167,1.208,0.042,18.417,0.125,28.958
2013-04-19,1.208,1.333,0.125,15.625,0.208,20.5
2013-04-20,5.25,5.333,0.083,11.292,0.875,17.167
2013-04-21,1.542,1.542,0.0,7.75,0.167,11.875
2013-04-22,3.5,3.583,0.083,16.792,0.708,22.625
2013-04-23,2.583,2.583,0.0,14.208,2.458,22.708
2013-04-24,1.208,1.25,0.042,13.167,0.167,24.0
2013-04-25,2.522,2.565,0.043,38.696,1.545,56.957
2013-04-26,2.542,2.542,0.0,18.25,1.375,26.708
2013-04-27,3.5,3.542,0.042,18.375,1.833,23.917
2013-04-28,4.708,4.708,0.0,25.5,3.042,33.0
2013-04-29,2.375,2.375,0.0,20.833,3.042,32.208
2013-04-30,4.75,4.75,0.0,10.875,0.792,21.5
2013-05-01,1.417,1.417,0.0,7.833,0.5,17.917
2013-05-02,1.833,1.875,0.042,6.625,0.5,12.083
2013-05-03,2.958,2.958,0.0,21.375,0.958,30.417
2013-05-04,3.458,3.458,0.0,23.417,1.083,30.542
2013-05-05,3.167,3.167,0.0,26.958,1.125,37.458
2013-05-06,2.667,2.667,0.0,25.333,1.0,37.333
2013-05-07,1.083,1.083,0.0,13.958,0.25,22.667
2013-05-08,6.708,7.625,0.917,8.833,1.833,15.958
2013-05-09,3.958,3.958,0.0,28.542,2.833,42.0
2013-05-10,1.667,1.667,0.0,11.5,0.25,25.583
2013-05-11,3.083,3.083,0.0,23.708,1.292,38.333
2013-05-12,3.792,3.833,0.042,62.417,1.917,91.0
2013-05-13,3.833,3.833,0.0,33.917,1.375,49.167
2013-05-14,4.125,4.167,0.042,28.042,2.833,41.292
2013-05-15,3.792,3.792,0.0,19.375,1.875,29.583
2013-05-16,0.958,0.958,0.0,22.0,0.375,37.667
2013-05-17,1.667,1.667,0.0,13.917,0.792,24.333
2013-05-18,6.417,6.583,0.167,25.583,2.5,40.167
2013-05-19,2.083,2.083,0.0,11.125,0.375,24.375
2013-05-20,2.292,2.333,0.042,16.5,0.417,29.333
2013-05-21,2.917,2.917,0.0,45.083,1.0,66.333
2013-05-22,3.917,3.917,0.0,49.667,1.083,77.375
2013-05-23,4.522,4.565,0.043,42.696,1.783,62.478
2013-05-24,5.625,5.833,0.208,37.125,2.167,52.417
2013-05-25,3.708,3.708,0.0,44.458,2.0,64.043
2013-05-26,3.0,3.083,0.083,35.167,1.667,52.667
2013-05-27,3.708,3.708,0.0,12.583,2.875,21.25
2013-05-28,1.875,1.875,0.0,6.167,0.333,17.875
2013-05-29,3.708,3.708,0.0,38.417,1.458,59.667
2013-05-30,4.875,4.875,0.0,27.375,1.25,45.917
2013-05-31,7.0,7.333,0.333,21.375,2.333,45.333
2013-06-01,5.125,5.208,0.083,16.208,0.792,30.957
2013-06-02,5.083,5.167,0.083,5.083,1.125,12.667
2013-06-03,3.182,3.182,0.0,12.364,0.909,29.174
2013-06-04,5.643,6.0,0.357,16.643,1.786,32.5
2013-06-05,7.792,7.958,0.167,17.667,1.875,37.0
2013-06-06,6.75,7.375,0.625,19.083,1.917,32.125
2013-06-07,2.375,2.375,0.0,16.667,0.917,28.917
2013-06-08,9.708,10.458,0.75,22.125,3.042,37.708
2013-06-09,5.208,5.208,0.0,18.083,1.375,30.875
2013-06-10,5.083,5.25,0.167,10.792,1.75,21.0
2013-06-11,8.917,9.25,0.333,9.174,2.25,17.792
2013-06-12,3.417,3.458,0.042,11.167,0.792,22.208
2013-06-13,2.792,2.833,0.042,17.875,0.792,34.333
2013-06-14,7.042,7.917,0.875,18.875,1.292,36.167
2013-06-15,3.625,3.833,0.208,13.417,0.458,25.917
2013-06-16,1.625,1.625,0.0,12.083,0.208,25.625
2013-06-17,1.958,2.083,0.125,8.125,0.667,19.667
2013-06-18,2.083,2.292,0.208,8.875,0.5,26.708
2013-06-19,1.409,1.591,0.182,6.571,0.381,38.81
2013-06-20,3.667,4.792,1.125,6.042,0.083,17.042
2013-06-21,4.5,4.542,0.042,4.958,0.583,12.042
2013-06-22,6.375,7.042,0.667,7.417,1.25,15.583
2013-06-23,2.125,2.125,0.0,10.917,0.167,25.417
2013-06-24,2.333,2.333,0.0,14.167,0.458,24.917
2013-06-25,9.667,10.583,0.917,21.458,1.833,41.25
2013-06-26,2.167,2.167,0.0,7.583,0.292,17.708
2013-06-27,1.958,1.958,0.0,9.5,0.417,21.458
2013-06-28,4.125,4.583,0.458,12.917,1.125,30.739
2013-06-29,6.0,6.208,0.208,14.792,1.625,30.167
2013-06-30,7.25,7.5,0.25,8.5,1.375,16.458
2013-07-01,3.875,3.875,0.0,11.542,0.625,24.083
2013-07-02,2.708,2.833,0.125,12.833,1.0,32.875
2013-07-03,1.652,1.696,0.043,15.958,0.238,57.25
2013-07-04,1.792,1.833,0.042,14.417,0.0,60.417
2013-07-05,0.5,0.542,0.042,14.542,0.0,60.417
2013-07-06,1.625,1.625,0.0,7.833,0.0,33.833
2013-07-07,0.875,0.917,0.042,8.5,0.0,35.542
2013-07-08,1.125,1.25,0.125,6.917,0.083,23.25
2013-07-09,1.958,2.25,0.292,7.917,0.042,20.958
2013-07-10,2.208,2.5,0.292,6.5,0.0,15.792
2013-07-11,2.292,2.542,0.25,7.75,0.0,17.542
2013-07-12,1.958,2.208,0.25,10.458,0.542,29.792
2013-07-13,1.542,1.875,0.333,10.0,0.792,38.792
2013-07-14,1.167,1.333,0.167,9.208,0.417,32.917
2013-07-15,1.042,1.125,0.083,6.417,0.0,20.917
2013-07-16,1.333,1.458,0.125,5.833,0.083,16.042
2013-07-17,1.167,1.25,0.083,4.333,0.083,13.458
2013-07-18,1.125,1.25,0.125,6.174,0.042,14.478
2013-07-19,1.75,1.958,0.208,8.958,0.667,15.042
2013-07-20,3.0,3.583,0.583,8.833,0.333,14.875
2013-07-21,1.625,1.833,0.208,11.792,0.167,19.75
2013-07-22,1.417,1.75,0.333,9.75,0.167,18.292
2013-07-23,1.875,2.417,0.542,9.625,0.125,18.292
2013-07-24,1.542,1.917,0.375,12.042,0.125,27.958
2013-07-25,1.792,1.792,0.0,43.625,0.625,80.958
2013-07-26,1.833,1.875,0.042,29.208,0.75,58.5
2013-07-27,1.375,1.375,0.0,29.042,0.75,55.333
2013-07-28,1.917,2.0,0.083,15.208,0.208,34.833
2013-07-29,1.667,1.708,0.042,22.667,0.5,52.625
2013-07-30,1.667,1.75,0.083,22.708,0.417,52.348
2013-07-31,1.917,2.083,0.167,13.25,0.208,31.042
2013-08-01,1.636,1.773,0.136,13.0,0.364,34.0
2013-08-02,1.292,1.417,0.125,8.208,0.625,20.458
2013-08-03,1.292,1.5,0.208,6.708,0.125,16.125
2013-08-04,1.333,1.333,0.0,8.444,0.111,23.0
2013-08-05,2.5,2.571,0.071,18.846,0.071,46.462
2013-08-06,2.208,2.25,0.042,15.833,0.292,34.167
2013-08-07,1.667,1.792,0.125,16.208,0.292,42.333
2013-08-08,1.667,1.958,0.292,16.522,0.25,36.87
2013-08-09,1.75,1.833,0.083,17.208,0.208,37.042
2013-08-10,1.875,2.042,0.167,27.087,0.304,54.042
2013-08-11,1.583,1.625,0.042,29.333,0.792,57.583
2013-08-12,1.458,1.5,0.042,18.458,0.75,36.042
2013-08-13,1.25,1.25,0.0,12.917,0.75,21.833
2013-08-14,1.5,1.583,0.083,9.0,0.583,14.083
2013-08-15,2.417,2.5,0.083,9.833,0.75,16.667
2013-08-16,2.292,2.292,0.0,14.042,0.833,23.792
2013-08-17,2.667,2.667,0.0,31.667,3.208,51.542
2013-08-18,3.417,3.458,0.042,39.208,2.792,66.208
2013-08-19,5.292,5.958,0.667,18.5,1.625,31.375
2013-08-20,3.583,3.708,0.125,16.5,1.333,30.833
2013-08-21,6.583,7.167,0.583,13.625,1.625,30.042
2013-08-22,3.125,3.25,0.125,14.833,1.875,29.458
2013-08-23,1.958,2.292,0.333,6.792,0.5,21.708
2013-08-24,1.458,1.583,0.125,3.333,0.0,16.958
2013-08-25,3.042,3.208,0.167,8.292,0.708,21.333
2013-08-26,3.708,3.875,0.167,10.125,0.833,19.25
2013-08-27,2.652,2.696,0.043,16.167,0.955,26.583
2013-08-28,2.333,2.333,0.0,19.792,0.958,30.75
2013-08-29,1.625,2.0,0.375,9.375,0.75,25.958
2013-08-30,1.333,1.583,0.25,4.25,0.125,22.25
2013-08-31,1.833,1.833,0.0,10.375,0.375,24.333
2013-09-01,4.875,4.958,0.083,14.542,0.667,26.417
2013-09-02,1.417,1.417,0.0,6.042,0.667,14.042
2013-09-03,3.708,3.75,0.042,2.792,0.708,10.083
2013-09-04,1.375,1.375,0.0,5.458,0.583,12.583
2013-09-05,1.25,1.25,0.0,6.261,0.75,13.435
2013-09-06,5.292,6.042,0.75,9.083,1.583,15.542
2013-09-07,3.375,3.375,0.0,14.125,0.958,23.458
2013-09-08,1.083,1.083,0.0,4.375,0.75,8.583
2013-09-09,1.375,1.375,0.0,7.708,0.667,11.625
2013-09-10,2.25,2.375,0.125,8.958,0.792,15.208
2013-09-11,3.0,3.042,0.042,14.542,0.917,22.208
2013-09-12,3.625,3.75,0.125,18.708,1.042,28.0
2013-09-13,3.583,3.75,0.167,25.083,1.958,39.792
2013-09-14,3.792,4.083,0.292,25.542,2.0,38.958
2013-09-15,1.375,1.458,0.083,18.708,1.25,30.958
2013-09-16,1.875,1.875,0.0,10.458,0.917,17.708
2013-09-17,3.042,3.167,0.125,6.583,1.25,11.792
2013-09-18,7.208,7.875,0.667,9.917,2.167,16.708
2013-09-19,5.708,6.125,0.417,14.333,2.5,21.417
2013-09-20,4.417,4.458,0.042,20.375,3.0,27.375
2013-09-21,5.75,6.167,0.417,21.125,2.25,30.5
2013-09-22,1.542,1.625,0.083,18.75,1.042,31.833
2013-09-23,1.917,1.958,0.042,22.917,1.208,37.583
2013-09-24,4.909,5.045,0.136,26.708,1.591,38.227
2013-09-25,2.625,2.708,0.083,14.542,0.833,21.583
2013-09-26,1.5,1.5,0.0,6.333,0.833,10.75
2013-09-27,3.917,4.208,0.292,5.792,1.333,9.292
2013-09-28,5.792,5.917,0.125,17.875,2.917,23.5
2013-09-29,3.542,3.667,0.125,11.75,1.5,17.25
2013-09-30,4.917,5.583,0.667,5.25,0.875,10.167
2013-10-01,1.5,1.5,0.0,4.958,0.75,11.0
2013-10-02,2.208,2.292,0.083,7.458,0.917,12.375
2013-10-03,2.292,2.292,0.0,19.458,1.292,28.125
2013-10-04,2.75,2.792,0.042,8.708,1.292,13.042
2013-10-05,9.708,10.042,0.333,9.458,2.167,16.042
2013-10-06,9.583,10.75,1.167,10.583,2.5,16.292
2013-10-07,9.292,10.833,1.542,11.792,2.917,18.958
2013-10-08,7.333,8.167,0.833,9.458,1.333,25.167
2013-10-09,2.125,2.125,0.0,5.0,0.375,18.524
2013-10-10,4.75,5.292,0.542,7.792,0.625,20.375
2013-10-11,2.042,2.083,0.042,21.458,1.417,40.708
2013-10-12,2.375,2.375,0.0,7.708,1.0,13.292
2013-10-13,3.75,4.042,0.292,6.833,1.292,12.625
2013-10-14,10.542,10.792,0.25,17.375,3.0,28.292
2013-10-15,3.542,3.75,0.208,17.5,1.292,29.167
2013-10-16,1.167,1.167,0.0,7.792,0.375,14.958
2013-10-17,2.25,2.333,0.083,8.5,0.792,12.333
2013-10-18,6.25,6.792,0.542,9.333,2.0,14.25
2013-10-19,6.917,7.25,0.333,7.125,1.875,11.708
2013-10-20,5.875,6.083,0.208,7.042,1.583,13.292
2013-10-21,1.25,1.25,0.0,5.083,0.583,10.125
2013-10-22,1.167,1.167,0.0,7.667,0.75,13.583
2013-10-23,1.652,1.652,0.0,4.458,0.478,12.542
2013-10-24,1.5,1.5,0.0,2.0,0.417,8.75
2013-10-25,1.625,1.625,0.0,14.125,0.958,26.292
2013-10-26,2.75,2.75,0.0,13.792,0.958,22.583
2013-10-27,3.625,3.708,0.083,11.125,0.958,19.167
2013-10-28,5.208,5.208,0.0,14.333,1.333,20.958
2013-10-29,6.417,6.625,0.208,15.0,1.042,22.333
2013-10-30,5.542,5.833,0.292,23.0,2.083,33.5
2013-10-31,9.208,9.5,0.292,22.333,2.583,32.875
2013-11-01,4.875,5.0,0.125,21.875,2.292,30.333
2013-11-02,10.042,10.417,0.375,35.0,3.833,54.0
2013-11-03,5.292,5.458,0.167,20.875,1.792,35.375
2013-11-04,3.708,3.708,0.0,25.583,2.167,35.75
2013-11-05,4.417,4.542,0.125,15.625,1.333,22.5
2013-11-06,4.125,4.167,0.042,18.391,2.083,25.792
2013-11-07,3.208,3.208,0.0,34.5,4.25,47.417
2013-11-08,6.542,6.833,0.292,16.417,3.292,23.125
2013-11-09,5.583,6.083,0.5,26.125,2.542,37.917
2013-11-10,2.667,2.667,0.0,14.417,1.417,23.5
2013-11-11,4.542,4.917,0.375,5.75,1.042,9.083
2013-11-12,4.75,5.0,0.25,6.667,1.25,10.625
2013-11-13,7.625,8.625,1.0,12.833,1.5,17.5
2013-11-14,3.625,3.792,0.167,10.125,1.458,13.75
2013-11-15,5.292,5.417,0.125,17.708,2.208,26.042
2013-11-16,4.042,4.25,0.208,24.0,2.458,35.292
2013-11-17,3.25,3.292,0.042,28.0,3.417,46.458
2013-11-18,1.792,1.875,0.083,5.167,1.208,7.875
2013-11-19,1.667,1.667,0.0,9.917,0.958,14.0
2013-11-20,1.87,1.913,0.043,7.458,1.0,11.955
2013-11-21,3.083,3.292,0.208,7.25,1.875,12.0
2013-11-22,5.792,6.208,0.417,10.417,1.667,14.25
2013-11-23,3.958,4.125,0.167,15.042,1.958,19.833
2013-11-24,4.458,4.583,0.125,20.333,2.375,27.667
2013-11-25,3.125,3.208,0.083,13.625,2.75,21.083
2013-11-26,1.958,2.0,0.042,7.458,1.125,11.708
2013-11-27,3.375,3.5,0.125,14.0,2.375,22.917
2013-11-28,1.917,1.917,0.0,5.958,0.958,8.5
2013-11-29,2.542,2.75,0.208,8.583,1.417,11.667
2013-11-30,2.75,2.75,0.0,14.083,2.417,20.0
2013-12-01,4.5,4.583,0.083,23.125,2.917,30.875
2013-12-02,3.833,4.083,0.25,8.875,2.042,14.292
2013-12-03,3.792,3.917,0.125,13.625,2.083,17.417
2013-12-04,6.667,6.833,0.167,25.913,3.958,33.348
2013-12-05,3.714,3.714,0.0,25.167,5.0,33.625
2013-12-06,,,,55.542,10.292,71.833
2013-12-07,9.882,10.824,0.941,15.25,2.208,19.375
2013-12-08,7.042,7.375,0.333,19.333,1.5,22.417
2013-12-09,5.042,5.208,0.167,18.167,2.667,25.083
2013-12-10,4.167,4.333,0.167,20.875,2.375,25.167
2013-12-11,3.0,3.125,0.125,14.125,2.167,17.542
2013-12-12,2.333,2.5,0.167,7.458,1.292,9.667
2013-12-13,2.792,2.917,0.125,12.167,2.25,16.292
2013-12-14,2.75,2.75,0.0,11.458,2.042,14.875
2013-12-15,5.833,6.125,0.292,22.458,5.75,27.875
2013-12-16,3.583,3.75,0.167,6.292,1.125,9.417
2013-12-17,5.625,6.0,0.375,6.542,1.5,8.833
2013-12-18,4.125,4.208,0.083,3.25,0.875,7.042
2013-12-19,2.417,2.417,0.0,10.917,1.25,14.208
2013-12-20,2.5,2.583,0.083,12.708,1.667,17.042
2013-12-21,3.409,3.455,0.045,13.458,1.409,18.591
2013-12-22,5.458,5.625,0.167,14.875,1.458,17.542
2013-12-23,4.333,4.583,0.25,13.25,2.25,15.792
2013-12-24,5.792,6.25,0.458,10.5,1.125,13.875
2013-12-25,6.625,7.125,0.5,8.125,1.042,12.083
2013-12-26,6.208,6.417,0.208,21.292,4.0,26.292
2013-12-27,4.0,4.167,0.167,18.792,2.875,21.542
2013-12-28,2.75,2.792,0.042,5.458,1.208,7.125
2013-12-29,2.583,2.625,0.042,11.542,2.042,13.75
2013-12-30,3.75,3.833,0.083,19.375,2.5,24.667
2013-12-31,5.625,5.625,0.0,33.625,5.208,43.708
2014-01-01,1.625,1.625,0.0,9.292,1.292,13.375
2014-01-02,2.25,2.25,0.0,13.667,1.958,16.792
2014-01-03,1.917,1.958,0.042,7.833,1.083,12.083
2014-01-04,2.208,2.208,0.0,16.208,1.542,22.042
2014-01-05,5.217,5.348,0.13,25.739,2.478,34.304
2014-01-06,4.083,4.292,0.208,21.375,2.0,29.167
2014-01-07,3.708,4.0,0.292,4.958,1.042,8.708
2014-01-08,5.167,5.542,0.375,11.75,2.0,16.125
2014-01-09,4.25,4.542,0.292,18.292,3.208,22.917
2014-01-10,4.875,5.125,0.25,30.083,3.792,37.25
2014-01-11,3.667,3.667,0.0,27.167,3.417,31.792
2014-01-12,2.375,2.5,0.125,10.125,1.125,13.042
2014-01-13,5.208,5.542,0.333,7.083,1.375,10.042
2014-01-14,13.375,15.458,2.083,12.083,4.5,16.75
2014-01-15,2.864,3.0,0.136,8.292,1.136,12.708
2014-01-16,4.417,4.667,0.25,41.0,3.708,49.75
2014-01-17,3.417,3.417,0.0,20.875,2.75,24.833
2014-01-18,3.708,4.167,0.458,6.167,1.292,10.292
2014-01-19,3.5,3.583,0.083,37.333,3.667,45.958
2014-01-20,9.167,10.042,0.875,36.708,2.125,44.042
2014-01-21,9.333,9.833,0.5,32.333,3.708,42.083
2014-01-22,2.375,2.375,0.0,12.458,0.917,18.667
2014-01-23,3.917,4.0,0.083,15.292,1.0,20.25
2014-01-24,1.833,1.875,0.042,13.417,1.042,18.5
2014-01-25,4.458,4.667,0.208,16.458,1.542,21.792
2014-01-26,3.792,3.875,0.083,15.542,1.667,21.708
2014-01-27,6.333,6.708,0.375,27.333,1.625,33.792
2014-01-28,4.292,4.5,0.208,11.167,1.208,16.667
2014-01-29,6.458,6.917,0.458,9.75,1.917,12.25
2014-01-30,4.333,4.5,0.167,10.292,1.333,13.917
2014-01-31,3.5,3.833,0.333,12.042,1.417,16.042
2014-02-01,4.333,4.417,0.083,11.917,0.833,14.083
2014-02-02,7.125,7.625,0.5,12.625,1.417,14.917
2014-02-03,4.833,5.25,0.417,7.875,1.375,11.042
2014-02-04,5.667,5.875,0.208,22.75,3.208,25.667
2014-02-05,3.826,3.826,0.0,35.696,4.217,40.826
2014-02-06,3.958,4.167,0.208,24.625,2.167,28.583
2014-02-07,1.833,1.833,0.0,17.417,1.292,20.542
2014-02-08,2.542,2.625,0.083,28.417,2.917,32.708
2014-02-09,1.792,1.917,0.125,6.417,1.0,9.458
2014-02-10,2.375,2.458,0.083,24.875,2.375,27.792
2014-02-11,2.667,2.667,0.0,22.25,2.417,27.458
2014-02-12,3.458,3.542,0.083,28.0,2.792,34.333
2014-02-13,2.667,2.833,0.167,8.125,1.542,11.833
2014-02-14,2.875,2.958,0.083,10.875,2.0,15.375
2014-02-15,5.458,5.458,0.0,29.708,2.958,39.208
2014-02-16,9.792,10.292,0.5,41.667,3.667,51.833
2014-02-17,3.208,3.25,0.042,31.875,1.583,43.0
2014-02-18,4.042,4.083,0.042,41.333,2.375,47.375
2014-02-19,2.696,2.696,0.0,18.75,1.217,23.042
2014-02-20,1.875,1.875,0.0,8.875,0.625,12.708
2014-02-21,4.292,4.333,0.042,13.083,5.375,20.042
2014-02-22,1.583,1.583,0.0,13.042,1.833,19.375
2014-02-23,3.417,3.833,0.417,37.417,1.625,68.167
2014-02-24,4.917,5.25,0.333,27.083,1.75,44.875
2014-02-25,7.667,8.167,0.5,25.75,1.792,46.0
2014-02-26,4.125,4.417,0.292,15.708,1.583,21.667
2014-02-27,2.583,2.833,0.25,12.583,1.708,15.375
2014-02-28,3.0,3.25,0.25,20.545,1.583,29.7
2014-03-01,2.769,2.769,0.0,21.6,1.538,22.0
2014-03-02,2.667,2.667,0.0,21.667,1.167,39.625
2014-03-03,4.957,5.087,0.13,14.417,1.583,25.583
2014-03-04,2.083,2.25,0.167,16.417,1.458,25.792
2014-03-05,1.917,1.917,0.0,14.042,0.917,20.542
2014-03-06,3.875,3.958,0.083,15.083,1.417,20.417
2014-03-07,1.667,1.667,0.0,10.875,0.542,16.458
2014-03-08,1.167,1.167,0.0,10.625,0.625,17.208
2014-03-09,2.333,2.333,0.0,13.667,1.542,20.542
2014-03-10,1.333,1.333,0.0,10.125,1.167,16.25
2014-03-11,1.375,1.375,0.0,15.583,1.792,23.375
2014-03-12,1.833,1.833,0.0,23.833,2.208,32.917
2014-03-13,2.917,3.042,0.125,19.417,2.208,29.292
2014-03-14,3.5,3.583,0.083,21.75,1.667,29.375
2014-03-15,2.667,2.667,0.0,13.0,1.042,19.417
2014-03-16,9.083,10.667,1.583,20.25,2.542,28.375
2014-03-17,6.875,7.333,0.458,21.667,4.458,33.25
2014-03-18,7.583,8.708,1.125,15.25,2.333,23.625
2014-03-19,0.565,0.565,0.0,12.0,0.174,18.0
2014-03-20,2.0,2.042,0.042,20.583,0.625,29.25
2014-03-21,2.708,2.708,0.0,25.75,1.208,39.917
2014-03-22,6.0,6.0,0.0,89.458,5.5,119.917
2014-03-23,2.875,2.958,0.083,8.125,1.25,16.542
2014-03-24,2.292,2.292,0.0,11.417,0.875,17.0
2014-03-25,5.0,5.125,0.125,13.417,1.208,18.583
2014-03-26,4.25,4.333,0.083,14.917,1.167,21.958
2014-03-27,4.25,4.292,0.042,15.333,1.75,24.667
2014-03-28,3.792,3.917,0.125,24.25,4.458,33.25
2014-03-29,3.75,3.833,0.083,17.042,2.25,24.292
2014-03-30,6.875,7.333,0.458,20.583,2.333,31.25
2014-03-31,3.833,3.833,0.0,25.375,2.042,41.167
2014-04-01,8.375,9.25,0.875,12.0,1.25,21.708
2014-04-02,10.304,10.87,0.565,18.217,2.391,29.043
2014-04-03,6.125,6.5,0.375,19.875,1.458,30.833
2014-04-04,3.583,3.625,0.042,9.833,0.375,15.0
2014-04-05,3.5,3.542,0.042,16.375,0.958,24.125
2014-04-06,3.125,3.167,0.042,14.583,0.292,21.042
2014-04-07,4.542,4.625,0.083,18.667,2.708,36.5
2014-04-08,5.833,6.042,0.208,12.833,1.708,22.625
2014-04-09,4.667,4.833,0.167,24.292,0.875,34.375
2014-04-10,3.708,3.75,0.042,28.25,0.917,39.958
2014-04-11,10.292,11.292,1.0,19.833,1.875,32.75
2014-04-12,18.0,19.0,1.0,27.875,3.417,43.417
2014-04-13,10.792,11.417,0.625,18.417,1.667,26.333
2014-04-14,4.042,4.083,0.042,12.0,0.333,21.125
2014-04-15,4.708,4.917,0.208,18.917,0.667,31.0
2014-04-16,4.435,4.565,0.13,29.0,1.409,44.125
2014-04-17,4.583,4.667,0.083,13.125,0.875,22.75
2014-04-18,2.25,2.25,0.0,21.125,0.167,33.333
2014-04-19,1.958,1.958,0.0,20.208,0.042,32.167
2014-04-20,5.833,6.375,0.542,13.583,1.125,24.208
2014-04-21,8.0,8.667,0.667,19.583,1.667,31.875
2014-04-22,5.375,5.375,0.0,30.0,1.833,42.25
2014-04-23,7.625,7.833,0.208,27.292,1.917,38.875
2014-04-24,9.875,10.583,0.708,18.542,2.25,26.625
2014-04-25,9.958,10.5,0.542,22.167,3.208,32.458
2014-04-26,4.917,5.042,0.125,16.542,2.292,28.083
2014-04-27,4.375,4.375,0.0,18.083,2.0,28.75
2014-04-28,3.792,3.958,0.167,7.583,1.125,14.792
2014-04-29,2.292,2.292,0.0,5.792,0.167,11.833
2014-04-30,2.292,2.333,0.042,7.542,0.167,13.958
2014-05-01,2.435,2.522,0.087,14.478,1.043,24.0
2014-05-02,3.167,3.208,0.042,34.25,1.542,50.708
2014-05-03,3.667,3.708,0.042,26.25,1.208,37.292
2014-05-04,3.333,3.5,0.167,11.208,1.0,16.792
2014-05-05,3.083,3.083,0.0,18.292,1.542,27.958
2014-05-06,3.5,3.5,0.0,18.458,1.958,26.333
2014-05-07,3.333,3.375,0.042,14.5,1.5,22.125
2014-05-08,2.792,2.917,0.125,22.583,2.0,33.583
2014-05-09,3.667,3.833,0.167,18.875,1.25,26.625
2014-05-10,2.083,2.125,0.042,12.083,0.917,18.958
2014-05-11,6.458,6.625,0.167,26.125,2.667,34.417
2014-05-12,2.375,2.375,0.0,19.833,1.208,30.708
2014-05-13,4.792,4.875,0.083,35.0,2.25,49.333
2014-05-14,10.25,10.708,0.458,26.208,3.958,37.833
2014-05-15,3.087,3.087,0.0,20.708,1.348,33.25
2014-05-16,2.958,2.958,0.0,20.417,1.958,33.25
2014-05-17,3.458,3.458,0.0,30.0,1.917,43.5
2014-05-18,3.5,3.542,0.042,26.0,1.292,37.208
2014-05-19,4.167,4.167,0.0,29.542,2.042,44.417
2014-05-20,5.542,6.042,0.5,16.833,1.583,28.792
2014-05-21,2.708,2.792,0.083,25.583,1.125,41.875
2014-05-22,3.667,3.708,0.042,39.25,1.25,54.042
2014-05-23,2.167,2.167,0.0,14.083,0.667,20.333
2014-05-24,3.333,3.417,0.083,21.125,1.917,30.208
2014-05-25,1.958,1.958,0.0,15.958,1.583,24.042
2014-05-26,2.417,2.417,0.0,19.875,0.583,41.583
2014-05-27,3.875,3.875,0.0,49.292,2.917,94.667
2014-05-28,2.958,2.958,0.0,43.792,1.458,94.208
2014-05-29,2.958,2.958,0.0,43.292,1.625,77.083
2014-05-30,3.208,3.208,0.0,39.167,1.625,65.333
2014-05-31,3.833,3.917,0.083,38.75,1.875,58.333
2014-06-01,3.083,3.083,0.0,43.167,1.792,66.542
2014-06-02,5.783,5.957,0.174,27.478,2.435,46.739
2014-06-03,4.542,4.667,0.125,6.875,1.458,13.583
2014-06-04,5.833,6.375,0.542,7.917,1.333,14.292
2014-06-05,3.292,3.5,0.208,13.583,1.042,22.125
2014-06-06,1.208,1.208,0.0,11.208,0.125,21.375
2014-06-07,0.917,0.917,0.0,16.208,0.125,26.333
2014-06-08,1.333,1.333,0.0,15.5,0.333,23.792
2014-06-09,1.417,1.417,0.0,13.0,0.333,22.625
2014-06-10,1.625,1.667,0.042,14.292,0.292,26.042
2014-06-11,1.25,1.25,0.0,7.375,0.125,15.0
2014-06-12,1.333,1.333,0.0,3.875,0.042,8.542
2014-06-13,2.417,2.417,0.0,26.542,0.667,36.917
2014-06-14,2.542,2.542,0.0,34.625,1.083,48.375
2014-06-15,2.208,2.208,0.0,38.25,1.0,51.5
2014-06-16,2.87,2.913,0.043,32.333,0.957,43.0
2014-06-17,5.375,5.458,0.083,19.417,1.0,28.708
2014-06-18,2.792,2.792,0.0,9.0,0.583,16.625
2014-06-19,2.75,2.875,0.125,22.917,1.417,32.208
2014-06-20,3.167,3.375,0.208,23.125,1.333,33.958
2014-06-21,6.75,7.625,0.875,15.917,1.75,25.875
2014-06-22,0.958,0.958,0.0,8.583,0.208,19.875
2014-06-23,2.083,2.125,0.042,8.917,0.583,16.958
2014-06-24,1.542,1.583,0.042,20.625,0.792,33.5
2014-06-25,2.042,2.125,0.083,28.792,0.75,39.917
2014-06-26,5.333,5.542,0.208,31.958,1.458,44.042
2014-06-27,5.667,5.958,0.292,12.292,3.0,19.292
2014-06-28,2.333,2.333,0.0,20.75,0.958,30.542
2014-06-29,1.833,1.833,0.0,18.875,1.0,30.25
2014-06-30,2.833,2.833,0.0,42.25,0.958,56.583
2014-07-01,2.375,2.375,0.0,41.75,1.042,58.667
2014-07-02,3.261,3.261,0.0,30.478,1.083,44.87
2014-07-03,3.167,3.25,0.083,14.167,0.667,25.125
2014-07-04,1.458,1.458,0.0,8.25,0.167,16.542
2014-07-05,1.083,1.083,0.0,13.375,0.333,22.208
2014-07-06,3.917,3.958,0.042,7.375,0.625,15.833
2014-07-07,4.25,4.333,0.083,8.625,0.333,17.167
2014-07-08,9.75,13.417,3.667,19.167,2.5,34.833
2014-07-09,5.667,7.5,1.833,9.583,2.458,20.875
2014-07-10,3.125,3.208,0.083,16.333,1.208,36.542
2014-07-11,2.958,3.042,0.083,35.75,1.792,59.25
2014-07-12,3.792,3.792,0.0,29.792,1.875,44.625
2014-07-13,2.0,2.042,0.042,9.792,0.25,29.125
2014-07-14,2.75,2.875,0.125,21.167,0.625,34.625
2014-07-15,2.75,2.833,0.083,8.958,0.125,20.708
2014-07-16,2.348,2.87,0.522,6.667,0.174,21.125
2014-07-17,2.458,2.75,0.292,6.0,0.208,13.875
2014-07-18,1.583,1.958,0.375,7.708,0.125,14.5
2014-07-19,3.375,4.375,1.0,9.708,0.625,17.833
2014-07-20,2.583,2.708,0.125,19.417,0.875,32.917
2014-07-21,1.875,1.917,0.042,22.792,0.75,35.708
2014-07-22,2.167,2.542,0.375,15.0,0.542,24.5
2014-07-23,2.0,2.458,0.458,10.333,0.625,22.292
2014-07-24,2.083,2.375,0.292,13.25,0.292,30.208
2014-07-25,2.083,2.417,0.333,10.583,0.417,25.0
2014-07-26,1.417,1.875,0.458,11.917,0.25,31.083
2014-07-27,1.625,1.625,0.0,18.625,0.875,30.958
2014-07-28,1.167,1.167,0.0,14.125,0.417,20.792
2014-07-29,2.875,2.875,0.0,16.583,1.0,27.792
2014-07-30,5.458,6.167,0.708,24.792,4.375,35.875
2014-07-31,5.833,7.167,1.333,11.25,3.667,16.5
2014-08-01,6.833,11.208,4.375,9.542,2.083,20.583
2014-08-02,2.5,2.625,0.125,7.833,1.042,17.958
2014-08-03,1.609,1.609,0.0,13.435,0.565,31.0
2014-08-04,2.0,2.042,0.042,15.333,0.417,32.708
2014-08-05,2.25,2.417,0.167,24.583,0.5,42.167
2014-08-06,2.625,3.125,0.5,10.875,0.444,28.375
2014-08-07,2.208,2.792,0.583,17.083,0.958,31.417
2014-08-08,2.292,2.292,0.0,11.167,0.5,26.708
2014-08-09,0.25,0.25,0.0,12.25,0.125,32.667
2014-08-10,1.208,1.208,0.0,8.833,0.333,24.583
2014-08-11,2.125,2.167,0.042,12.667,0.667,26.0
2014-08-12,2.625,2.792,0.167,14.625,0.833,26.042
2014-08-13,4.583,4.625,0.042,21.25,1.75,33.667
2014-08-14,2.333,2.458,0.125,16.75,0.917,32.0
2014-08-15,2.542,2.542,0.0,3.042,0.208,9.125
2014-08-16,0.542,0.542,0.0,6.458,0.25,16.625
2014-08-17,1.792,1.958,0.167,6.5,0.542,14.75
2014-08-18,1.545,1.727,0.182,6.958,0.045,22.958
2014-08-19,1.833,2.375,0.542,4.958,0.042,21.667
2014-08-20,1.625,2.083,0.458,3.958,0.0,16.417
2014-08-21,1.75,2.0,0.25,6.667,0.125,20.917
2014-08-22,1.292,1.292,0.0,14.417,0.292,25.708
2014-08-23,1.5,1.5,0.0,23.083,0.458,38.292
2014-08-24,1.792,1.875,0.083,6.542,0.208,15.875
2014-08-25,1.458,1.667,0.208,8.792,0.042,23.0
2014-08-26,1.292,1.292,0.0,15.667,0.417,28.542
2014-08-27,0.958,0.958,0.0,9.875,0.083,24.625
2014-08-28,0.583,0.583,0.0,7.542,0.292,16.125
2014-08-29,3.208,3.333,0.125,6.375,0.458,14.833
2014-08-30,0.958,1.0,0.042,9.083,0.333,15.625
2014-08-31,0.417,0.417,0.0,8.0,0.333,16.167
2014-09-01,0.522,0.522,0.0,7.909,0.348,16.762
2014-09-02,3.875,4.125,0.25,14.75,1.375,25.208
2014-09-03,2.083,2.083,0.0,17.292,0.625,36.0
2014-09-04,2.125,2.125,0.0,5.667,0.375,14.375
2014-09-05,2.25,2.292,0.042,12.083,0.917,21.708
2014-09-06,3.542,3.583,0.042,12.833,1.042,23.667
2014-09-07,1.583,1.583,0.0,9.792,0.792,17.208
2014-09-08,1.167,1.167,0.0,20.25,0.75,30.75
2014-09-09,2.5,2.583,0.083,26.375,0.708,38.75
2014-09-10,3.125,3.167,0.042,37.583,1.042,54.333
2014-09-11,1.667,1.667,0.0,22.583,0.875,34.625
2014-09-12,3.042,3.042,0.0,7.917,1.167,12.125
2014-09-13,3.045,3.364,0.318,8.292,1.091,12.542
2014-09-14,1.958,2.0,0.042,7.833,0.917,12.25
2014-09-15,4.125,4.167,0.042,9.583,1.333,15.75
2014-09-16,1.75,1.75,0.0,7.625,0.958,12.375
2014-09-17,2.167,2.208,0.042,16.25,1.125,22.333
2014-09-18,1.625,1.625,0.0,9.75,0.875,14.208
2014-09-19,7.875,8.25,0.375,12.875,1.958,17.75
2014-09-20,7.458,7.542,0.083,9.708,2.125,13.0
2014-09-21,7.583,8.375,0.792,14.417,3.208,20.25
2014-09-22,3.75,3.958,0.208,14.125,2.042,19.875
2014-09-23,8.542,8.958,0.417,30.583,3.0,43.792
2014-09-24,1.792,1.833,0.042,11.25,0.958,22.208
2014-09-25,0.667,0.667,0.0,7.292,0.333,15.333
2014-09-26,0.625,0.625,0.0,8.458,0.333,13.167
2014-09-27,1.083,1.083,0.0,8.75,0.708,16.125
2014-09-28,1.333,1.333,0.0,10.542,0.875,17.125
2014-09-29,3.208,3.333,0.125,30.111,1.625,36.208
2014-09-30,2.167,2.25,0.083,21.364,0.792,29.375
2014-10-01,0.826,0.826,0.0,,0.565,18.87
2014-10-02,4.292,4.292,0.0,8.571,1.208,14.167
2014-10-03,2.167,2.167,0.0,23.708,1.542,32.125
2014-10-04,0.792,0.792,0.0,11.083,0.542,16.75
2014-10-05,0.042,0.042,0.0,11.417,0.417,17.833
2014-10-06,0.75,0.75,0.0,12.25,0.583,17.417
2014-10-07,1.292,1.292,0.0,11.125,0.75,14.875
2014-10-08,2.0,2.208,0.208,7.792,0.875,13.0
2014-10-09,2.625,2.667,0.042,13.375,1.75,20.042
2014-10-10,3.833,4.375,0.542,15.333,1.542,24.667
2014-10-11,0.875,0.875,0.0,19.708,0.833,30.083
2014-10-12,1.917,1.917,0.0,16.083,1.0,27.25
2014-10-13,0.042,0.042,0.0,9.083,0.208,19.708
2014-10-14,1.0,1.0,0.0,10.958,0.13,16.478
2014-10-15,3.5,3.583,0.083,11.25,0.417,14.125
2014-10-16,2.375,2.375,0.0,21.167,1.375,27.042
2014-10-17,5.792,6.083,0.292,11.792,1.0,17.083
2014-10-18,3.375,3.667,0.292,7.958,0.667,12.042
2014-10-19,6.0,6.083,0.083,22.875,2.917,29.583
2014-10-20,3.917,3.917,0.0,21.208,2.917,28.583
2014-10-21,2.417,2.5,0.083,15.25,0.75,22.417
2014-10-22,1.0,1.0,0.0,8.708,0.208,14.5
2014-10-23,1.917,1.917,0.0,9.0,0.25,12.167
2014-10-24,3.833,4.208,0.375,9.833,0.625,14.042
2014-10-25,4.708,4.792,0.083,14.125,0.958,18.958
2014-10-26,3.125,3.292,0.167,17.875,1.375,23.958
2014-10-27,2.583,2.583,0.0,18.417,0.958,25.042
2014-10-28,2.958,3.125,0.167,13.542,0.792,17.167
2014-10-29,5.833,6.542,0.708,14.208,1.625,18.542
2014-10-30,8.5,8.833,0.333,21.083,2.292,25.792
2014-10-31,8.333,8.667,0.333,23.583,4.417,32.125
2014-11-01,3.583,3.708,0.125,10.125,0.667,15.333
2014-11-02,1.792,1.792,0.0,14.375,0.833,17.75
2014-11-03,2.739,2.739,0.0,12.043,1.043,13.783
2014-11-04,6.167,6.667,0.5,10.875,1.167,15.333
2014-11-05,7.667,8.25,0.583,12.25,2.083,19.292
2014-11-06,5.0,5.167,0.167,13.792,1.708,19.667
2014-11-07,6.792,6.875,0.083,36.167,2.667,41.542
2014-11-08,6.833,7.167,0.333,28.583,3.0,38.5
2014-11-09,3.0,3.0,0.0,17.083,1.0,22.792
2014-11-10,1.5,1.5,0.0,15.833,1.125,19.75
2014-11-11,3.125,3.167,0.042,10.375,0.75,15.083
2014-11-12,2.458,2.458,0.0,27.083,2.292,34.542
2014-11-13,1.625,1.625,0.0,8.042,0.708,12.333
2014-11-14,2.125,2.125,0.0,9.375,1.083,13.167
2014-11-15,4.625,4.708,0.083,13.833,2.125,17.125
2014-11-16,3.043,3.087,0.043,9.542,1.478,14.875
2014-11-17,3.25,3.25,0.0,21.708,3.208,24.75
2014-11-18,5.917,6.0,0.083,16.25,1.833,19.708
2014-11-19,7.0,7.208,0.208,11.625,1.125,16.167
2014-11-20,6.792,7.167,0.375,8.125,1.292,12.75
2014-11-21,8.042,8.458,0.417,13.958,2.042,19.0
2014-11-22,6.875,7.625,0.75,19.167,1.958,25.917
2014-11-23,4.917,5.125,0.208,14.958,1.875,21.292
2014-11-24,4.542,4.708,0.167,18.542,2.542,26.458
2014-11-25,1.292,1.292,0.0,7.833,0.917,12.208
2014-11-26,2.0,2.0,0.0,12.417,0.708,17.792
2014-11-27,5.708,6.167,0.458,7.667,0.625,13.375
2014-11-28,4.167,4.333,0.167,14.333,3.167,23.958
2014-11-29,3.875,3.958,0.083,8.542,0.667,13.458
2014-11-30,4.5,4.583,0.083,6.208,0.958,11.833
2014-12-01,2.042,2.042,0.0,11.792,1.042,16.333
2014-12-02,1.208,1.208,0.0,7.667,0.917,13.458
2014-12-03,1.696,1.739,0.043,16.087,1.826,21.87
2014-12-04,2.458,2.458,0.0,13.542,1.958,19.042
2014-12-05,1.625,1.625,0.0,8.958,1.208,12.417
2014-12-06,2.458,2.542,0.083,9.0,1.708,12.208
2014-12-07,4.083,4.167,0.083,13.792,1.167,17.5
2014-12-08,4.792,4.958,0.167,13.958,1.75,19.208
2014-12-09,5.0,5.333,0.333,13.25,1.917,18.333
2014-12-10,6.833,7.667,0.833,10.208,2.917,16.25
2014-12-11,3.417,3.458,0.042,21.542,1.708,29.167
2014-12-12,3.833,3.958,0.125,15.583,2.0,21.167
2014-12-13,2.25,2.292,0.042,10.458,2.042,14.583
2014-12-14,3.083,3.083,0.0,8.75,1.458,11.708
2014-12-15,4.091,4.455,0.364,12.708,2.0,15.957
2014-12-16,2.958,3.083,0.125,15.708,2.625,22.042
2014-12-17,1.542,1.583,0.042,7.625,1.208,11.25
2014-12-18,4.333,4.583,0.25,6.417,0.792,9.208
2014-12-19,4.75,5.042,0.292,6.833,1.958,12.125
2014-12-20,4.333,4.583,0.25,19.292,2.167,24.25
2014-12-21,1.917,1.958,0.042,8.958,1.333,12.0
2014-12-22,2.208,2.25,0.042,12.25,1.833,15.417
2014-12-23,3.667,3.875,0.208,15.458,2.125,20.083
2014-12-24,4.625,5.083,0.458,20.458,2.167,26.417
2014-12-25,4.708,5.042,0.333,15.292,2.333,19.5
2014-12-26,6.917,7.625,0.708,13.167,1.25,15.792
2014-12-27,6.208,6.792,0.583,9.292,1.208,13.125
2014-12-28,7.208,7.583,0.375,14.5,1.375,19.208
2014-12-29,4.25,4.25,0.0,31.083,4.875,36.625
2014-12-30,5.417,5.458,0.042,41.542,5.458,51.458
2014-12-31,4.042,4.042,0.0,29.125,2.958,37.125
2015-01-01,4.125,4.208,0.083,26.083,1.542,31.542
2015-01-02,4.042,4.125,0.083,24.333,1.125,29.208
2015-01-03,3.917,4.042,0.125,20.958,1.25,24.042
2015-01-04,8.042,8.125,0.083,57.208,3.333,68.0
2015-01-05,7.333,7.625,0.292,26.75,1.792,31.042
2015-01-06,7.917,8.417,0.5,17.167,2.042,19.667
2015-01-07,4.417,4.5,0.083,20.417,2.125,23.083
2015-01-08,2.167,2.167,0.0,10.875,1.0,13.167
2015-01-09,2.75,2.792,0.042,13.75,1.333,16.125
2015-01-10,4.75,4.875,0.125,19.75,2.542,21.792
2015-01-11,5.083,5.375,0.292,17.292,2.0,20.917
2015-01-12,5.417,5.792,0.375,9.917,1.958,11.042
2015-01-13,2.227,2.227,0.0,11.591,0.864,13.5
2015-01-14,2.792,2.833,0.042,13.458,1.0,16.042
2015-01-15,7.542,7.875,0.333,27.917,3.333,31.708
2015-01-16,6.417,6.5,0.083,28.333,2.5,34.375
2015-01-17,5.417,5.542,0.125,18.25,2.625,20.792
2015-01-18,2.333,2.333,0.0,13.708,1.5,15.5
2015-01-19,1.333,1.333,0.0,7.958,0.708,9.375
2015-01-20,3.625,3.708,0.083,13.125,1.292,15.125
2015-01-21,6.333,6.708,0.375,9.667,1.25,13.167
2015-01-22,5.875,6.333,0.458,10.208,1.208,12.667
2015-01-23,5.458,5.625,0.167,23.333,3.167,23.583
2015-01-24,1.667,1.667,0.0,9.458,1.25,9.625
2015-01-25,1.917,1.958,0.042,11.167,1.042,14.458
2015-01-26,2.542,2.542,0.0,21.208,1.167,25.208
2015-01-27,3.25,3.25,0.0,22.043,2.125,29.87
2015-01-28,7.292,7.625,0.333,12.333,1.667,12.792
2015-01-29,2.5,2.5,0.0,3.458,0.625,5.542
2015-01-30,1.708,1.708,0.0,6.333,0.375,8.417
2015-01-31,7.125,7.375,0.25,31.333,4.792,33.833
2015-02-01,6.042,6.292,0.25,25.0,2.958,26.208
2015-02-02,6.542,6.792,0.25,15.125,1.708,15.125
2015-02-03,5.792,6.25,0.458,10.625,1.833,11.75
2015-02-04,6.875,7.208,0.333,23.583,4.375,26.208
2015-02-05,6.208,6.583,0.375,12.417,2.375,14.708
2015-02-06,4.417,4.458,0.042,15.542,2.042,16.292
2015-02-07,4.583,4.75,0.167,16.167,2.042,17.292
2015-02-08,2.348,2.391,0.043,20.217,1.87,23.792
2015-02-09,2.833,2.875,0.042,23.833,2.792,28.667
2015-02-10,7.0,7.625,0.625,11.833,1.792,13.125
2015-02-11,11.708,12.708,1.0,15.125,3.083,20.542
2015-02-12,4.417,4.833,0.417,14.958,2.708,18.833
2015-02-13,3.0,3.5,0.5,6.875,1.208,12.792
2015-02-14,2.167,2.167,0.0,14.958,0.708,16.125
2015-02-15,2.217,2.435,0.217,10.174,1.043,14.739
2015-02-16,1.913,1.957,0.043,14.364,1.0,17.333
2015-02-17,2.917,2.958,0.042,10.5,1.083,11.917
2015-02-18,2.5,2.667,0.167,9.042,1.208,14.167
2015-02-19,2.417,2.417,0.0,8.75,1.5,18.5
2015-02-20,4.846,4.923,0.077,17.615,0.692,20.818
2015-02-21,4.083,4.333,0.25,15.833,0.958,23.583
2015-02-22,7.042,7.667,0.625,8.125,0.917,14.0
2015-02-23,5.917,6.25,0.333,15.625,0.667,26.333
2015-02-24,4.917,5.25,0.333,18.417,1.417,23.458
2015-02-25,4.75,5.125,0.375,14.042,1.125,14.792
2015-02-26,3.917,4.0,0.083,29.458,1.917,36.417
2015-02-27,4.458,4.5,0.042,35.375,1.417,47.708
2015-02-28,3.417,3.458,0.042,25.583,0.833,42.208
2015-03-01,2.75,2.75,0.0,15.458,1.042,18.458
2015-03-02,4.792,5.167,0.375,16.917,1.792,22.167
2015-03-03,4.125,4.417,0.292,13.083,1.0,19.167
2015-03-04,4.417,4.625,0.208,19.833,2.125,30.0
2015-03-05,3.5,3.5,0.0,21.917,1.333,35.083
2015-03-06,3.042,3.083,0.042,10.042,0.208,17.208
2015-03-07,3.958,4.042,0.083,13.875,0.167,22.375
2015-03-08,5.792,6.208,0.417,25.875,1.0,42.042
2015-03-09,1.783,1.783,0.0,9.542,0.087,19.348
2015-03-10,4.083,4.333,0.25,12.625,0.708,17.042
2015-03-11,5.083,5.417,0.333,14.333,1.125,16.292
2015-03-12,5.833,6.083,0.25,19.208,1.292,22.5
2015-03-13,5.167,5.417,0.25,12.0,1.625,14.708
2015-03-14,3.458,3.458,0.0,30.333,1.292,36.25
2015-03-15,4.0,4.042,0.042,24.875,0.958,29.208
2015-03-16,4.417,4.75,0.333,14.333,0.792,19.708
2015-03-17,5.25,5.792,0.542,16.0,1.125,21.25
2015-03-18,4.375,4.667,0.292,9.167,0.875,14.542
2015-03-19,4.826,5.087,0.261,24.043,0.864,34.348
2015-03-20,2.083,2.083,0.0,18.875,0.375,25.875
2015-03-21,2.125,2.125,0.0,12.167,0.333,15.917
2015-03-22,3.417,3.708,0.292,14.667,0.708,21.0
2015-03-23,3.625,3.708,0.083,23.25,0.958,29.792
2015-03-24,1.708,1.708,0.0,11.583,0.083,13.75
2015-03-25,2.167,2.375,0.208,11.458,0.25,14.042
2015-03-26,3.5,3.625,0.125,17.5,0.917,22.042
2015-03-27,3.625,3.625,0.0,29.917,1.167,34.0
2015-03-28,5.208,5.417,0.208,29.667,1.583,36.375
2015-03-29,4.375,4.375,0.0,31.792,1.958,42.375
2015-03-30,3.5,3.542,0.042,26.583,1.083,37.958
2015-03-31,6.5,6.667,0.167,24.375,1.458,31.708
2015-04-01,1.542,1.583,0.042,18.583,0.708,27.833
2015-04-02,4.667,5.083,0.417,20.667,2.125,31.5
2015-04-03,1.783,1.826,0.043,16.0,0.565,26.167
2015-04-04,0.583,0.583,0.0,8.417,0.25,21.25
2015-04-05,0.833,0.833,0.0,5.5,0.167,12.625
2015-04-06,0.917,0.917,0.0,5.167,0.125,12.0
2015-04-07,0.292,0.292,0.0,13.5,0.042,23.583
2015-04-08,0.417,0.417,0.0,11.75,0.0,19.417
2015-04-09,0.542,0.542,0.0,10.917,0.417,18.25
2015-04-10,0.625,0.625,0.0,8.625,0.25,17.875
2015-04-11,0.083,0.083,0.0,9.75,0.292,17.5
2015-04-12,8.375,9.083,0.708,13.792,2.292,23.958
2015-04-13,1.417,1.417,0.0,8.167,0.25,17.208
2015-04-14,1.375,1.417,0.042,12.667,0.5,19.167
2015-04-15,2.083,2.083,0.0,25.5,1.417,37.458
2015-04-16,1.5,1.542,0.042,22.375,1.042,40.125
2015-04-17,3.708,3.708,0.0,22.958,1.125,39.375
2015-04-18,4.0,4.125,0.125,17.917,1.5,35.083
2015-04-19,0.917,0.917,0.0,19.75,0.75,34.042
2015-04-20,0.417,0.417,0.0,5.208,0.083,10.708
2015-04-21,1.522,1.522,0.0,13.348,0.478,25.522
2015-04-22,4.5,4.833,0.333,19.667,1.75,34.5
2015-04-23,5.375,5.542,0.167,38.708,2.875,54.958
2015-04-24,3.958,4.042,0.083,28.917,1.792,42.25
2015-04-25,5.708,5.75,0.042,38.25,3.125,52.208
2015-04-26,4.917,4.958,0.042,25.208,1.833,41.042
2015-04-27,4.125,4.25,0.125,22.792,3.917,33.125
2015-04-28,6.042,6.25,0.208,32.625,7.875,46.292
2015-04-29,5.417,5.625,0.208,15.417,3.375,23.583
2015-04-30,9.167,10.333,1.167,10.292,2.833,19.667
2015-05-01,9.333,10.25,0.917,14.542,2.458,24.333
2015-05-02,4.5,4.708,0.208,19.042,2.958,29.792
2015-05-03,2.708,2.708,0.0,8.75,1.667,17.0
2015-05-04,3.583,3.625,0.042,18.167,1.417,31.792
2015-05-05,3.125,3.125,0.0,16.958,1.625,31.542
2015-05-06,3.083,3.125,0.042,12.0,1.542,20.083
2015-05-07,3.417,3.458,0.042,16.333,1.833,24.792
2015-05-08,4.708,4.875,0.167,20.625,1.708,28.417
2015-05-09,3.792,3.875,0.083,20.667,1.292,31.625
2015-05-10,1.958,1.958,0.0,22.958,1.042,36.0
2015-05-11,6.292,6.625,0.333,23.583,2.333,36.083
2015-05-12,2.333,2.417,0.083,14.667,1.25,28.583
2015-05-13,2.958,3.042,0.083,24.875,1.833,44.0
2015-05-14,3.083,3.25,0.167,16.167,1.667,31.083
2015-05-15,3.083,3.25,0.167,19.75,0.958,29.708
2015-05-16,2.75,2.75,0.0,22.375,0.625,33.208
2015-05-17,4.5,4.542,0.042,34.75,1.708,47.917
2015-05-18,6.292,6.542,0.25,17.125,2.417,26.083
2015-05-19,3.833,3.917,0.083,15.125,1.292,21.375
2015-05-20,3.13,3.217,0.087,22.217,1.391,33.174
2015-05-21,3.833,3.875,0.042,15.75,1.5,21.625
2015-05-22,3.25,3.375,0.125,14.167,1.25,18.5
2015-05-23,4.167,4.292,0.125,19.125,1.708,24.19
2015-05-24,5.625,5.75,0.125,16.417,2.292,21.739
2015-05-25,3.333,3.375,0.042,22.125,1.458,26.65
2015-05-26,3.208,3.292,0.083,21.5,1.083,27.682
2015-05-27,4.958,4.958,0.0,19.792,1.792,25.25
2015-05-28,11.833,13.5,1.667,30.667,4.833,41.167
2015-05-29,9.75,10.292,0.542,29.708,3.375,38.875
2015-05-30,3.958,4.042,0.083,22.958,1.792,32.542
2015-05-31,2.083,2.083,0.0,22.792,1.0,30.625
2015-06-01,2.875,2.958,0.083,27.875,1.167,37.583
2015-06-02,4.417,4.5,0.083,21.833,0.958,31.167
2015-06-03,2.292,2.292,0.0,11.417,1.042,18.125
2015-06-04,3.217,3.348,0.13,9.208,1.0,15.238
2015-06-05,3.875,4.0,0.125,9.208,1.667,14.917
2015-06-06,2.042,2.042,0.0,7.75,1.042,11.542
2015-06-07,6.458,6.708,0.25,15.25,2.542,21.5
2015-06-08,5.5,5.708,0.208,13.292,2.208,20.917
2015-06-09,4.333,4.75,0.417,6.375,1.292,9.667
2015-06-10,6.042,6.583,0.542,10.125,1.792,15.042
2015-06-11,5.417,6.0,0.583,8.125,1.292,16.0
2015-06-12,3.833,3.833,0.0,34.667,0.917,55.917
2015-06-13,3.75,3.75,0.0,34.333,1.208,57.125
2015-06-14,2.458,2.458,0.0,15.167,1.125,23.696
2015-06-15,2.917,3.042,0.125,11.0,1.0,19.417
2015-06-16,2.667,2.708,0.042,13.375,0.958,21.167
2015-06-17,3.667,3.792,0.125,33.625,1.208,47.333
2015-06-18,2.875,2.875,0.0,14.125,1.083,23.083
2015-06-19,1.333,1.333,0.0,7.478,0.75,15.571
2015-06-20,1.333,1.333,0.0,10.75,0.667,18.75
2015-06-21,2.125,2.25,0.125,12.583,1.042,17.955
2015-06-22,3.333,3.375,0.042,16.792,0.917,26.0
2015-06-23,6.042,7.042,1.0,31.042,3.083,42.542
2015-06-24,4.958,5.167,0.208,25.583,2.375,38.333
2015-06-25,8.0,8.625,0.625,24.25,2.25,37.364
2015-06-26,2.125,2.208,0.083,11.0,0.917,26.0
2015-06-27,1.875,1.875,0.0,10.458,0.917,22.25
2015-06-28,1.083,1.083,0.0,10.917,0.875,17.083
2015-06-29,6.083,6.667,0.583,15.333,2.125,24.833
2015-06-30,6.667,7.042,0.375,17.583,1.625,27.958
2015-07-01,2.417,2.5,0.083,13.542,0.958,25.333
2015-07-02,2.435,2.478,0.043,22.375,1.0,33.864
2015-07-03,3.25,3.333,0.083,36.792,1.042,54.667
2015-07-04,5.25,5.375,0.125,43.75,0.958,64.083
2015-07-05,2.875,2.875,0.0,16.5,1.0,24.542
2015-07-06,1.75,1.75,0.0,10.458,0.875,18.042
2015-07-07,9.917,10.833,0.917,9.708,1.458,16.833
2015-07-08,6.125,7.542,1.417,5.75,1.125,13.833
2015-07-09,5.458,5.917,0.458,10.958,1.167,19.708
2015-07-10,1.458,1.625,0.167,8.25,0.708,16.625
2015-07-11,7.625,10.167,2.542,11.625,1.667,23.458
2015-07-12,2.042,2.375,0.333,7.042,1.125,20.0
2015-07-13,2.292,2.417,0.125,10.917,0.917,27.792
2015-07-14,3.625,4.0,0.375,9.083,0.958,16.833
2015-07-15,3.583,4.167,0.583,23.478,1.409,37.0
2015-07-16,1.167,1.167,0.0,16.25,0.917,29.875
2015-07-17,1.042,1.042,0.0,7.708,0.708,15.625
2015-07-18,1.708,1.792,0.083,6.917,0.958,14.696
2015-07-19,5.875,6.917,1.042,14.958,1.833,28.25
2015-07-20,7.208,10.417,3.208,9.625,1.917,16.5
2015-07-21,5.542,7.083,1.542,11.167,1.25,17.818
2015-07-22,2.458,2.667,0.208,8.917,0.5,26.625
2015-07-23,1.625,2.208,0.583,8.542,0.458,25.304
2015-07-24,2.625,3.292,0.667,8.583,0.833,18.917
2015-07-25,5.417,6.833,1.417,11.25,1.667,25.75
2015-07-26,7.958,10.833,2.875,12.667,3.167,22.125
2015-07-27,2.917,3.333,0.417,15.75,0.958,34.167
2015-07-28,3.125,3.417,0.292,21.333,0.917,45.818
2015-07-29,2.125,2.208,0.083,24.542,0.708,49.083
2015-07-30,2.375,2.667,0.292,20.333,0.708,37.19
2015-07-31,2.458,2.583,0.125,20.667,0.667,39.0
2015-08-01,1.792,1.917,0.125,19.125,0.792,35.333
2015-08-02,2.208,2.333,0.125,13.875,0.833,24.783
2015-08-03,2.583,2.958,0.375,10.875,0.708,18.292
2015-08-04,2.667,3.0,0.333,16.292,0.875,28.591
2015-08-05,3.227,3.5,0.273,32.083,0.909,56.13
2015-08-06,2.875,3.0,0.125,38.167,1.583,65.13
2015-08-07,5.667,6.208,0.542,31.542,2.333,52.833
2015-08-08,9.792,15.917,6.125,21.5,2.917,39.458
2015-08-09,1.792,1.833,0.042,25.25,0.667,44.25
2015-08-10,3.375,3.417,0.042,29.375,1.333,51.217
2015-08-11,3.75,4.0,0.25,21.25,1.083,36.125
2015-08-12,2.042,2.25,0.208,12.708,0.75,24.783
2015-08-13,2.75,2.833,0.083,8.542,0.833,15.792
2015-08-14,1.875,1.875,0.0,18.25,1.0,30.217
2015-08-15,2.417,2.417,0.0,28.0,1.125,45.391
2015-08-16,6.125,6.458,0.333,26.792,2.875,43.545
2015-08-17,2.25,2.292,0.042,10.625,1.083,20.375
2015-08-18,2.417,2.417,0.0,7.87,1.208,14.13
2015-08-19,10.083,11.458,1.375,14.708,3.542,25.917
2015-08-20,2.583,2.917,0.333,5.25,0.75,11.417
2015-08-21,2.042,2.667,0.625,5.667,0.75,18.25
2015-08-22,2.458,2.458,0.0,10.125,0.958,18.458
2015-08-23,2.583,2.667,0.083,14.167,1.458,21.792
2015-08-24,4.0,4.583,0.583,11.417,1.625,23.708
2015-08-25,2.0,2.087,0.087,7.261,0.957,28.391
2015-08-26,2.478,2.739,0.261,4.167,0.565,11.364
2015-08-27,2.25,2.292,0.042,7.458,0.792,13.667
2015-08-28,2.875,3.042,0.167,16.875,0.625,26.875
2015-08-29,3.375,3.375,0.0,24.083,0.708,38.333
2015-08-30,4.083,4.25,0.167,33.458,1.125,53.0
2015-08-31,4.792,5.625,0.833,11.75,0.958,18.917
2015-09-01,2.792,2.875,0.083,5.167,0.542,12.25
2015-09-02,3.25,3.333,0.083,10.458,0.625,18.583
2015-09-03,2.208,2.292,0.083,14.042,0.708,23.0
2015-09-04,3.208,3.208,0.0,26.375,1.375,39.667
2015-09-05,3.083,3.083,0.0,16.875,0.917,25.875
2015-09-06,3.125,3.167,0.042,9.458,1.25,17.333
2015-09-07,1.0,1.0,0.0,7.773,0.455,13.591
2015-09-08,1.0,1.0,0.0,9.833,0.375,14.083
2015-09-09,1.0,1.0,0.0,13.25,0.417,17.958
2015-09-10,2.0,2.042,0.042,13.208,0.833,17.375
2015-09-11,3.583,3.708,0.125,12.75,0.958,17.125
2015-09-12,2.5,2.5,0.0,14.542,0.917,20.125
2015-09-13,3.167,3.208,0.042,14.667,1.167,18.167
2015-09-14,1.917,1.917,0.0,8.083,0.917,10.542
2015-09-15,5.125,5.875,0.75,12.458,1.917,16.417
2015-09-16,9.792,10.542,0.75,14.583,2.125,20.542
2015-09-17,4.083,4.25,0.167,7.25,1.375,11.5
2015-09-18,1.083,1.083,0.0,11.417,0.542,17.833
2015-09-19,1.583,1.583,0.0,10.708,0.875,13.25
2015-09-20,1.5,1.542,0.042,10.917,0.708,14.875
2015-09-21,1.5,1.5,0.0,8.5,0.875,11.792
2015-09-22,9.833,11.208,1.375,18.708,3.292,24.833
2015-09-23,8.958,9.667,0.708,23.292,2.708,32.458
2015-09-24,3.5,3.708,0.208,6.25,1.042,10.375
2015-09-25,1.042,1.042,0.0,6.167,0.833,10.75
2015-09-26,1.25,1.25,0.0,13.917,0.917,19.208
2015-09-27,1.0,1.0,0.0,18.0,1.0,25.292
2015-09-28,1.375,1.375,0.0,14.667,0.958,19.542
2015-09-29,1.417,1.417,0.0,14.708,1.042,20.458
2015-09-30,6.708,7.083,0.375,12.583,1.583,17.875
2015-10-01,1.958,2.042,0.083,13.417,0.833,27.25
2015-10-02,2.417,2.5,0.083,8.25,1.125,11.292
2015-10-03,2.0,2.0,0.0,10.417,1.25,13.667
2015-10-04,2.542,2.542,0.0,18.292,1.25,25.083
2015-10-05,1.833,1.875,0.042,7.727,0.958,10.696
2015-10-06,1.417,1.458,0.042,6.208,0.917,8.792
2015-10-07,1.458,1.542,0.083,5.042,0.667,8.25
2015-10-08,5.583,5.917,0.333,15.583,1.708,20.625
2015-10-09,2.5,2.5,0.0,20.792,1.292,27.333
2015-10-10,2.042,2.042,0.0,10.417,1.0,13.75
2015-10-11,1.833,1.833,0.0,12.917,1.125,18.0
2015-10-12,2.292,2.292,0.0,10.708,1.125,13.458
2015-10-13,4.583,4.708,0.125,14.792,1.542,17.333
2015-10-14,5.417,5.667,0.25,15.792,1.708,19.458
2015-10-15,5.875,6.0,0.125,20.875,1.958,24.583
2015-10-16,5.583,5.792,0.208,25.208,2.417,30.208
2015-10-17,1.333,1.333,0.0,8.208,0.917,12.25
2015-10-18,2.583,2.625,0.042,11.917,0.875,15.625
2015-10-19,2.125,2.125,0.0,14.667,0.875,19.5
2015-10-20,3.625,3.875,0.25,26.625,1.625,34.208
2015-10-21,3.333,3.417,0.083,34.292,1.5,44.292
2015-10-22,2.0,2.0,0.0,27.625,0.958,36.292
2015-10-23,4.417,4.583,0.167,25.792,1.458,32.792
2015-10-24,5.292,5.542,0.25,39.458,1.625,48.833
2015-10-25,2.167,2.167,0.0,13.458,0.917,19.583
2015-10-26,9.045,9.864,0.818,17.0,2.682,21.5
2015-10-27,2.542,2.542,0.0,15.25,0.958,23.708
2015-10-28,3.208,3.25,0.042,12.292,1.042,20.708
2015-10-29,4.708,5.042,0.333,15.917,1.917,21.208
2015-10-30,4.75,4.833,0.083,19.292,2.042,24.042
2015-10-31,4.25,4.375,0.125,7.75,1.25,9.708
2015-11-01,5.333,5.542,0.208,10.833,1.167,14.125
2015-11-02,3.667,3.792,0.125,13.458,1.917,16.0
2015-11-03,6.0,6.167,0.167,26.0,2.0,28.75
2015-11-04,7.0,7.167,0.167,21.208,2.75,24.958
2015-11-05,7.167,7.417,0.25,18.292,2.333,22.875
2015-11-06,5.042,5.583,0.542,20.5,1.5,26.208
2015-11-07,5.542,5.875,0.333,21.087,1.417,29.043
2015-11-08,1.417,1.417,0.0,7.708,0.958,14.458
2015-11-09,3.0,3.042,0.042,6.625,0.917,9.375
2015-11-10,3.583,3.708,0.125,8.292,1.0,11.542
2015-11-11,5.458,5.917,0.458,5.167,1.625,7.917
2015-11-12,8.739,9.435,0.696,7.667,2.696,12.174
2015-11-13,11.958,13.125,1.167,8.708,1.958,13.292
2015-11-14,2.875,2.875,0.0,8.542,0.958,13.5
2015-11-15,3.875,3.875,0.0,7.417,1.125,10.917
2015-11-16,4.167,4.375,0.208,8.625,1.042,12.458
2015-11-17,3.542,3.542,0.0,9.542,0.958,14.167
2015-11-18,2.25,2.292,0.042,5.375,0.875,9.0
2015-11-19,2.25,2.25,0.0,5.333,1.0,8.5
2015-11-20,6.083,6.792,0.708,7.542,1.292,11.042
2015-11-21,5.417,5.625,0.208,9.542,1.458,13.458
2015-11-22,2.083,2.125,0.042,13.083,1.0,18.208
2015-11-23,4.625,5.167,0.542,13.25,1.875,19.0
2015-11-24,1.75,1.875,0.125,6.5,0.833,9.75
2015-11-25,3.958,4.208,0.25,7.458,0.958,11.333
2015-11-26,1.792,1.875,0.083,7.75,0.875,8.542
2015-11-27,1.875,2.0,0.125,8.875,0.958,12.083
2015-11-28,3.042,3.083,0.042,13.875,0.792,15.333
2015-11-29,5.667,6.0,0.333,21.0,1.125,23.667
2015-11-30,3.458,3.542,0.083,18.261,1.542,22.125
2015-12-01,8.0,9.125,1.125,23.826,1.875,27.565
2015-12-02,6.208,6.958,0.75,16.542,1.208,21.958
2015-12-03,2.792,2.792,0.0,19.542,1.708,25.25
2015-12-04,2.083,2.125,0.042,13.75,1.083,17.625
2015-12-05,2.625,2.625,0.0,11.708,1.292,15.542
2015-12-06,6.083,6.542,0.458,19.3,1.458,22.2
2015-12-07,5.5,6.042,0.542,12.667,1.542,15.625
2015-12-08,3.833,3.958,0.125,6.292,0.917,8.75
2015-12-09,7.208,7.875,0.667,9.458,2.75,12.25
2015-12-10,10.875,11.667,0.792,6.958,1.583,10.333
2015-12-11,2.083,2.083,0.0,10.5,0.958,15.25
2015-12-12,1.75,1.75,0.0,10.958,0.958,15.542
2015-12-13,2.0,2.0,0.0,9.417,0.792,11.958
2015-12-14,5.783,6.174,0.391,10.0,1.174,14.042
2015-12-15,3.708,3.958,0.25,14.958,1.625,18.25
2015-12-16,2.375,2.417,0.042,16.333,1.292,19.417
2015-12-17,2.708,2.708,0.0,6.25,1.0,6.625
2015-12-18,5.792,6.208,0.417,8.167,1.458,10.208
2015-12-19,6.542,7.083,0.542,13.208,1.083,16.958
2015-12-20,5.25,5.458,0.208,12.542,1.542,13.417
2015-12-21,5.542,6.042,0.5,10.708,1.0,12.833
2015-12-22,8.417,9.375,0.958,15.75,1.667,17.375
2015-12-23,8.458,8.917,0.458,16.0,1.583,18.667
2015-12-24,6.042,6.5,0.458,13.292,1.375,15.208
2015-12-25,4.375,4.667,0.292,14.909,1.708,19.364
2015-12-26,3.875,3.875,0.0,41.417,4.042,52.042
2015-12-27,6.208,6.375,0.167,47.0,3.167,60.542
2015-12-28,5.625,6.042,0.417,12.75,1.75,14.167
2015-12-29,6.208,6.708,0.5,15.5,1.375,16.75
2015-12-30,5.042,5.375,0.333,12.167,1.75,16.042
2015-12-31,5.167,5.167,0.0,27.875,2.833,31.667
2016-01-01,4.083,4.125,0.042,17.917,1.458,20.792
2016-01-02,3.5,3.542,0.042,15.667,1.333,20.958
2016-01-03,3.625,3.625,0.0,20.667,1.625,23.458
2016-01-04,6.875,7.375,0.5,24.875,2.583,30.083
2016-01-05,3.75,3.958,0.208,13.917,1.375,16.792
2016-01-06,2.875,3.167,0.292,7.5,1.083,11.0
2016-01-07,11.087,11.913,0.826,13.833,3.087,17.478
2016-01-08,2.458,2.458,0.0,6.083,0.917,9.792
2016-01-09,3.958,3.958,0.0,23.5,1.583,26.125
2016-01-10,5.75,6.167,0.417,14.667,2.417,17.417
2016-01-11,3.708,3.917,0.208,7.667,1.292,10.542
2016-01-12,3.708,3.792,0.083,18.708,2.208,23.833
2016-01-13,3.917,4.25,0.333,21.417,2.583,25.417
2016-01-14,2.458,2.5,0.042,5.708,1.042,8.208
2016-01-15,2.708,2.75,0.042,5.75,1.083,8.833
2016-01-16,3.25,3.542,0.292,4.625,1.083,9.292
2016-01-17,4.417,4.75,0.333,3.167,0.958,6.167
2016-01-18,6.083,6.625,0.542,14.833,1.542,19.0
2016-01-19,4.957,4.957,0.0,40.348,2.522,42.208
2016-01-20,3.958,4.0,0.042,27.667,2.792,29.125
2016-01-21,3.708,3.917,0.208,14.417,1.417,17.833
2016-01-22,2.208,2.208,0.0,14.5,1.167,16.542
2016-01-23,2.417,2.542,0.125,11.875,1.542,13.208
2016-01-24,3.458,3.5,0.042,5.958,1.0,8.333
2016-01-25,5.708,6.167,0.458,9.708,1.417,11.917
2016-01-26,4.125,4.375,0.25,9.875,1.417,13.958
2016-01-27,2.958,3.0,0.042,17.5,1.333,20.208
2016-01-28,5.333,5.542,0.208,12.167,1.375,18.0
2016-01-29,3.75,3.875,0.125,11.333,1.333,19.542
2016-01-30,3.292,3.375,0.083,20.375,1.625,22.458
2016-01-31,5.208,5.542,0.333,15.708,1.833,19.667
2016-02-01,4.167,4.375,0.208,11.917,1.542,12.375
2016-02-02,3.875,4.167,0.292,5.292,1.375,9.083
2016-02-03,5.542,6.0,0.458,5.667,1.542,8.292
2016-02-04,5.458,5.458,0.0,10.583,2.208,14.625
2016-02-05,2.478,2.522,0.043,12.708,1.13,15.75
2016-02-06,3.375,3.458,0.083,21.292,1.667,22.417
2016-02-07,6.083,6.375,0.292,16.208,1.083,19.458
2016-02-08,4.958,5.292,0.333,10.333,1.417,13.417
2016-02-09,2.75,2.917,0.167,10.667,1.25,12.958
2016-02-10,2.125,2.125,0.0,11.667,1.167,13.875
2016-02-11,2.333,2.375,0.042,10.083,1.208,13.375
2016-02-12,2.458,2.5,0.042,7.75,1.292,9.958
2016-02-13,4.208,4.375,0.167,20.792,2.833,24.542
2016-02-14,6.125,6.125,0.0,43.833,3.0,43.583
2016-02-15,5.042,5.292,0.25,13.875,1.417,18.458
2016-02-16,4.5,4.833,0.333,13.375,1.458,17.208
2016-02-17,3.417,3.542,0.125,21.792,1.333,28.417
2016-02-18,4.167,4.333,0.167,8.0,1.833,10.417
2016-02-19,2.739,2.826,0.087,14.435,1.435,19.545
2016-02-20,3.208,3.292,0.083,22.0,1.25,28.417
2016-02-21,2.75,2.75,0.0,16.458,1.083,18.125
2016-02-22,3.875,3.958,0.083,11.167,1.167,18.5
2016-02-23,4.625,4.833,0.208,12.292,1.375,14.542
2016-02-24,4.417,4.667,0.25,9.5,1.083,10.625
2016-02-25,3.75,3.75,0.0,23.375,2.042,28.208
2016-02-26,5.708,5.792,0.083,18.542,2.083,19.458
2016-02-27,4.292,4.625,0.333,10.917,1.333,13.875
2016-02-28,5.625,6.0,0.375,11.375,1.542,13.583
2016-02-29,,,,,,
2016-03-01,5.375,5.833,0.458,11.25,1.375,15.417
2016-03-02,3.667,3.708,0.042,18.375,1.292,20.042
2016-03-03,5.083,5.458,0.375,12.625,1.125,15.417
2016-03-04,3.542,3.75,0.208,8.542,1.292,11.208
2016-03-05,3.231,3.308,0.077,9.3,1.083,15.0
2016-03-06,3.917,3.917,0.0,15.1,1.167,27.333
2016-03-07,2.542,2.542,0.0,13.458,0.833,15.458
2016-03-08,2.292,2.292,0.0,14.0,0.5,17.333
2016-03-09,2.792,2.792,0.0,19.708,1.458,27.167
2016-03-10,3.958,3.958,0.0,20.5,1.75,26.125
2016-03-11,5.417,5.625,0.208,17.958,1.708,21.917
2016-03-12,5.667,5.75,0.083,13.417,1.125,19.5
2016-03-13,3.292,3.333,0.042,17.375,0.875,21.833
2016-03-14,2.875,2.875,0.0,21.583,0.292,26.375
2016-03-15,2.5,2.5,0.0,14.292,0.0,18.083
2016-03-16,3.0,3.0,0.0,13.667,0.625,17.875
2016-03-17,5.833,5.917,0.083,19.875,1.167,23.625
2016-03-18,7.042,7.167,0.125,21.5,1.458,24.583
2016-03-19,4.958,4.958,0.0,27.792,1.75,34.667
2016-03-20,8.792,8.875,0.083,29.708,2.708,33.958
2016-03-21,2.826,2.826,0.0,16.217,0.478,25.304
2016-03-22,3.708,3.708,0.0,18.458,0.542,22.917
2016-03-23,4.958,4.958,0.0,18.542,1.25,23.833
2016-03-24,4.458,4.458,0.0,19.542,1.167,25.333
2016-03-25,4.458,4.458,0.0,13.042,1.583,17.083
2016-03-26,3.333,3.333,0.0,11.875,0.583,14.042
2016-03-27,3.25,3.25,0.0,26.167,1.25,31.375
2016-03-28,3.292,3.292,0.0,16.708,1.417,21.833
2016-03-29,4.333,4.333,0.0,18.542,1.667,24.167
2016-03-30,4.5,4.542,0.042,32.542,1.5,38.25
2016-03-31,2.417,2.417,0.0,14.958,0.417,17.875
2016-04-01,3.417,3.417,0.0,29.708,1.083,39.042
2016-04-02,4.0,4.208,0.208,14.292,1.167,18.833
2016-04-03,5.417,5.708,0.292,15.042,1.958,17.875
2016-04-04,3.0,3.043,0.043,5.375,0.391,9.417
2016-04-05,2.458,2.5,0.042,8.083,0.75,12.75
2016-04-06,7.958,8.5,0.542,13.292,1.583,17.167
2016-04-07,3.375,3.542,0.167,8.208,0.375,21.25
2016-04-08,5.167,5.542,0.375,14.042,1.333,19.292
2016-04-09,5.583,5.667,0.083,26.667,1.75,34.391
2016-04-10,3.75,3.875,0.125,26.5,1.708,41.583
2016-04-11,1.958,1.958,0.0,18.875,0.5,26.375
2016-04-12,9.708,10.5,0.792,23.333,3.75,31.917
2016-04-13,5.583,5.667,0.083,11.792,1.042,17.75
2016-04-14,3.333,3.333,0.0,13.0,1.125,18.042
2016-04-15,3.25,3.25,0.0,19.0,1.042,25.292
2016-04-16,3.417,3.417,0.0,16.417,1.458,25.167
2016-04-17,1.708,1.708,0.0,18.125,0.875,30.417
2016-04-18,3.091,3.091,0.0,15.087,1.727,25.435
2016-04-19,3.25,3.25,0.0,18.417,1.5,26.708
2016-04-20,4.792,5.042,0.25,20.792,2.333,31.0
2016-04-21,2.167,2.208,0.042,12.125,1.0,22.667
2016-04-22,2.875,2.917,0.042,20.708,1.125,28.042
2016-04-23,4.167,4.167,0.0,46.542,1.333,64.167
2016-04-24,3.417,3.458,0.042,34.375,1.208,69.708
2016-04-25,4.417,5.0,0.583,23.458,1.667,48.042
2016-04-26,9.625,10.875,1.25,23.667,2.458,40.042
2016-04-27,3.667,3.792,0.125,7.417,0.583,19.458
2016-04-28,1.167,1.167,0.0,8.375,0.25,16.417
2016-04-29,3.417,3.458,0.042,12.25,0.917,18.125
2016-04-30,3.167,3.208,0.042,16.625,1.0,24.708
2016-05-01,2.917,2.958,0.042,18.917,1.417,27.125
2016-05-02,3.292,3.417,0.125,20.208,1.708,28.708
2016-05-03,1.5,1.5,0.0,13.125,1.042,21.167
2016-05-04,2.625,2.625,0.0,25.083,1.667,47.083
2016-05-05,4.292,4.333,0.042,25.833,2.333,43.25
2016-05-06,2.833,2.917,0.083,10.875,1.083,19.583
2016-05-07,3.565,3.652,0.087,29.75,1.087,61.417
2016-05-08,7.25,8.0,0.75,32.375,1.75,64.667
2016-05-09,6.583,7.292,0.708,10.792,0.958,22.917
2016-05-10,3.667,3.833,0.167,5.5,0.208,13.375
2016-05-11,1.792,1.792,0.0,6.0,0.167,14.833
2016-05-12,4.708,5.125,0.417,11.042,1.292,21.875
2016-05-13,2.667,2.667,0.0,11.417,0.958,21.75
2016-05-14,1.625,1.625,0.0,17.958,0.667,32.458
2016-05-15,2.792,2.875,0.083,12.708,0.917,27.625
2016-05-16,2.708,2.708,0.0,10.667,0.25,21.583
2016-05-17,4.0,4.167,0.167,16.542,1.375,27.042
2016-05-18,3.739,3.783,0.043,15.304,1.304,25.522
2016-05-19,5.375,5.583,0.208,20.583,2.167,30.125
2016-05-20,6.917,7.333,0.417,18.542,2.042,25.708
2016-05-21,1.792,1.792,0.0,20.292,1.042,30.708
2016-05-22,1.75,1.75,0.0,22.542,1.125,35.958
2016-05-23,4.708,4.875,0.167,26.917,1.917,38.292
2016-05-24,3.208,3.208,0.0,14.667,1.0,20.958
2016-05-25,3.875,3.958,0.083,15.125,1.125,22.417
2016-05-26,3.75,3.792,0.042,45.292,1.958,58.0
2016-05-27,3.917,4.0,0.083,47.625,1.333,59.875
2016-05-28,5.542,5.708,0.167,29.792,1.167,39.375
2016-05-29,3.958,3.958,0.0,22.692,0.917,32.833
2016-05-30,7.5,7.917,0.417,39.167,2.167,49.0
2016-05-31,3.417,3.458,0.042,38.958,1.292,53.542
2016-06-01,2.542,2.542,0.0,22.958,0.875,33.708
2016-06-02,1.833,1.833,0.0,9.75,0.5,14.75
2016-06-03,3.917,4.0,0.083,17.125,2.417,23.5
2016-06-04,3.542,3.583,0.042,13.909,1.708,20.292
2016-06-05,5.833,6.083,0.25,8.0,0.958,10.375
2016-06-06,6.0,6.957,0.957,8.714,2.304,15.833
2016-06-07,3.167,3.375,0.208,15.625,1.333,27.583
2016-06-08,2.792,2.833,0.042,16.583,0.958,27.167
2016-06-09,2.542,2.708,0.167,27.417,0.833,29.583
2016-06-10,4.667,4.917,0.25,21.167,1.458,31.792
2016-06-11,3.958,4.333,0.375,24.542,2.5,38.75
2016-06-12,6.958,7.667,0.708,13.6,1.75,25.875
2016-06-13,1.917,2.208,0.292,11.667,0.75,21.083
2016-06-14,2.25,2.292,0.042,13.375,0.708,21.375
2016-06-15,4.083,4.583,0.5,16.75,1.792,28.208
2016-06-16,2.875,3.0,0.125,17.5,1.083,29.333
2016-06-17,1.875,1.875,0.0,18.917,0.958,27.542
2016-06-18,3.042,3.208,0.167,17.417,0.875,27.417
2016-06-19,1.682,1.727,0.045,10.565,0.773,24.182
2016-06-20,2.083,2.125,0.042,12.417,1.0,27.167
2016-06-21,1.75,1.875,0.125,10.875,1.0,22.875
2016-06-22,2.75,2.875,0.125,6.25,1.0,15.5
2016-06-23,1.833,1.917,0.083,12.208,1.083,21.583
2016-06-24,1.792,1.833,0.042,14.333,1.0,36.042
2016-06-25,1.542,1.542,0.0,16.25,1.042,29.708
2016-06-26,1.833,1.833,0.0,37.625,1.5,51.125
2016-06-27,3.25,3.25,0.0,30.375,1.292,39.083
2016-06-28,4.25,4.542,0.292,5.708,1.417,13.0
2016-06-29,4.375,4.917,0.542,5.375,1.125,14.417
2016-06-30,2.542,2.625,0.083,4.417,1.0,12.5
2016-07-01,2.5,2.667,0.167,6.792,1.0,18.25
2016-07-02,1.042,1.208,0.167,9.875,0.958,28.917
2016-07-03,1.208,1.208,0.0,9.125,0.958,27.042
2016-07-04,1.609,1.87,0.261,8.417,1.0,24.208
2016-07-05,1.75,2.333,0.583,9.5,1.083,22.167
2016-07-06,1.875,2.625,0.75,8.917,1.458,18.333
2016-07-07,3.458,4.542,1.083,12.792,1.75,23.292
2016-07-08,6.458,9.5,3.042,8.125,2.792,14.583
2016-07-09,5.333,6.667,1.333,4.917,2.167,9.75
2016-07-10,2.125,2.333,0.208,6.25,1.083,13.75
2016-07-11,2.583,2.917,0.333,5.208,1.0,14.5
2016-07-12,1.167,1.167,0.0,5.625,0.917,21.542
2016-07-13,1.5,1.542,0.042,10.417,1.0,35.125
2016-07-14,1.042,1.25,0.208,17.375,1.042,30.375
2016-07-15,1.458,1.458,0.0,6.75,1.125,14.625
2016-07-16,3.542,3.708,0.167,15.042,1.292,34.208
2016-07-17,1.125,1.125,0.0,15.042,1.042,24.208
2016-07-18,1.458,1.458,0.0,23.042,1.125,36.375
2016-07-19,2.13,2.217,0.087,16.696,1.261,26.304
2016-07-20,1.042,1.042,0.0,7.5,1.0,14.792
2016-07-21,1.042,1.042,0.0,6.375,1.0,13.958
2016-07-22,1.292,1.292,0.0,6.875,1.042,13.375
2016-07-23,2.208,2.292,0.083,14.083,1.25,23.125
2016-07-24,1.917,2.0,0.083,19.0,1.625,30.917
2016-07-25,3.083,3.25,0.167,14.792,1.333,25.458
2016-07-26,2.75,2.75,0.0,8.292,1.0,16.375
2016-07-27,4.217,4.696,0.478,13.478,2.0,24.652
2016-07-28,2.5,2.708,0.208,13.292,1.625,20.75
2016-07-29,2.25,2.333,0.083,10.583,1.125,18.667
2016-07-30,3.125,3.208,0.083,10.583,1.208,17.625
2016-07-31,2.333,2.375,0.042,15.417,1.417,25.125
2016-08-01,1.875,2.042,0.167,19.417,1.292,32.792
2016-08-02,2.667,2.667,0.0,27.375,1.208,45.333
2016-08-03,2.458,2.583,0.125,21.833,1.208,34.667
2016-08-04,4.0,4.583,0.583,21.417,1.833,34.083
2016-08-05,3.667,4.417,0.75,21.167,1.875,34.583
2016-08-06,6.304,6.522,0.217,24.625,2.609,37.609
2016-08-07,4.083,4.292,0.208,23.292,1.875,36.875
2016-08-08,2.917,2.958,0.042,23.583,1.917,39.542
2016-08-09,1.583,1.583,0.0,13.875,1.208,25.0
2016-08-10,1.917,1.917,0.0,7.5,1.125,14.875
2016-08-11,3.458,3.792,0.333,13.458,1.542,20.458
2016-08-12,2.708,2.75,0.042,19.208,1.417,30.708
2016-08-13,1.958,1.958,0.0,24.625,1.208,41.125
2016-08-14,1.0,1.0,0.0,22.333,1.0,38.042
2016-08-15,1.167,1.167,0.0,25.292,1.0,45.25
2016-08-16,1.625,1.625,0.0,17.208,1.042,30.375
2016-08-17,1.583,1.583,0.0,9.5,1.042,15.667
2016-08-18,2.25,2.292,0.042,8.833,1.292,16.542
2016-08-19,3.708,3.833,0.125,16.458,1.833,30.458
2016-08-20,0.875,0.875,0.0,10.625,1.042,20.333
2016-08-21,0.913,0.913,0.0,11.435,1.0,24.083
2016-08-22,1.0,1.0,0.0,9.125,1.0,19.625
2016-08-23,1.333,1.333,0.0,7.917,1.125,16.75
2016-08-24,1.875,2.0,0.125,10.042,1.458,18.667
2016-08-25,5.0,5.208,0.208,12.542,2.083,21.5
2016-08-26,2.458,2.5,0.042,13.208,1.292,22.833
2016-08-27,1.0,1.0,0.0,6.958,1.0,16.667
2016-08-28,2.75,2.917,0.167,5.875,1.208,17.583
2016-08-29,2.167,2.25,0.083,5.75,1.042,12.333
2016-08-30,1.625,1.625,0.0,10.0,1.125,17.333
2016-08-31,1.625,1.625,0.0,19.75,1.667,33.458
2016-09-01,3.667,3.667,0.0,22.5,1.375,34.833
2016-09-02,6.167,6.167,0.0,26.667,1.917,39.667
2016-09-03,6.5,6.875,0.375,16.542,1.75,27.625
2016-09-04,6.478,7.609,1.13,11.25,2.174,19.958
2016-09-05,2.167,2.208,0.042,8.208,1.458,14.792
2016-09-06,2.583,2.583,0.0,13.25,1.333,22.0
2016-09-07,1.417,1.417,0.0,10.917,1.042,18.167
2016-09-08,2.958,2.958,0.0,25.333,1.417,36.292
2016-09-09,3.083,3.083,0.0,26.708,1.667,36.708
2016-09-10,3.958,4.042,0.083,24.833,2.042,34.792
2016-09-11,3.417,3.542,0.125,23.292,2.25,35.125
2016-09-12,3.0,3.0,0.0,10.167,1.708,19.083
2016-09-13,1.0,1.0,0.0,8.167,1.0,15.458
2016-09-14,1.125,1.125,0.0,7.792,1.0,13.417
2016-09-15,1.542,1.542,0.0,6.25,1.042,11.792
2016-09-16,2.625,2.625,0.0,12.25,1.583,19.958
2016-09-17,2.125,2.25,0.125,11.083,1.5,23.25
2016-09-18,1.227,1.227,0.0,2.636,0.955,10.182
2016-09-19,0.958,0.958,0.0,4.708,0.792,14.792
2016-09-20,0.958,0.958,0.0,8.417,0.792,15.583
2016-09-21,1.292,1.292,0.0,11.625,0.833,18.458
2016-09-22,2.25,2.417,0.167,11.125,0.958,19.417
2016-09-23,1.25,1.25,0.0,10.333,0.833,17.542
2016-09-24,1.833,1.833,0.0,9.625,1.042,17.417
2016-09-25,7.542,8.208,0.667,24.958,4.375,35.708
2016-09-26,7.917,9.5,1.583,16.542,3.875,25.0
2016-09-27,5.75,7.083,1.333,14.958,4.375,24.167
2016-09-28,5.0,5.875,0.875,7.083,0.917,14.292
2016-09-29,1.458,1.458,0.0,4.917,0.792,13.25
2016-09-30,5.167,6.042,0.875,5.833,1.333,13.375
2016-10-01,2.875,3.042,0.167,3.583,0.958,8.375
2016-10-02,5.792,6.292,0.5,16.167,1.917,24.875
2016-10-03,3.375,3.833,0.458,11.0,1.042,21.125
2016-10-04,5.667,7.5,1.833,11.333,2.083,21.708
2016-10-05,2.667,2.75,0.083,11.625,1.125,28.708
2016-10-06,2.708,2.958,0.25,9.208,1.083,19.333
2016-10-07,7.435,7.913,0.478,13.625,2.826,22.75
2016-10-08,2.583,2.667,0.083,9.833,1.25,22.542
2016-10-09,2.625,2.667,0.042,10.458,1.208,18.292
2016-10-10,1.083,1.083,0.0,6.375,0.958,11.417
2016-10-11,1.625,1.708,0.083,6.167,1.0,10.125
2016-10-12,2.5,2.5,0.0,14.917,1.167,20.417
2016-10-13,2.875,3.042,0.167,11.708,1.25,16.25
2016-10-14,3.208,3.5,0.292,8.0,1.417,11.167
2016-10-15,6.583,7.083,0.5,11.833,3.958,16.875
2016-10-16,6.333,6.833,0.5,9.125,1.542,14.458
2016-10-17,3.333,3.458,0.125,8.292,1.0,12.875
2016-10-18,2.208,2.333,0.125,10.0,1.0,15.458
2016-10-19,2.333,2.333,0.0,19.875,1.0,28.458
2016-10-20,3.783,3.913,0.13,22.261,1.478,30.913
2016-10-21,2.208,2.208,0.0,15.958,0.958,25.0
2016-10-22,8.292,8.958,0.667,14.292,1.667,22.292
2016-10-23,1.0,1.0,0.0,9.917,0.917,14.792
2016-10-24,2.875,2.917,0.042,7.917,1.083,13.042
2016-10-25,3.375,3.542,0.167,8.75,1.0,17.0
2016-10-26,3.542,3.708,0.167,7.292,0.958,12.542
2016-10-27,2.792,2.792,0.0,11.083,1.125,18.792
2016-10-28,3.583,3.625,0.042,7.708,1.125,14.75
2016-10-29,2.375,2.375,0.0,11.708,1.0,16.667
2016-10-30,4.625,4.708,0.083,15.292,1.0,22.333
2016-10-31,6.583,7.417,0.833,13.292,1.0,20.292
2016-11-01,4.083,4.375,0.292,9.042,1.0,12.792
2016-11-02,5.5,5.958,0.458,6.625,0.917,9.208
2016-11-03,3.875,3.958,0.083,21.375,1.875,26.375
2016-11-04,4.375,4.583,0.208,26.917,2.125,
2016-11-05,2.391,2.435,0.043,21.5,1.087,26.143
2016-11-06,2.083,2.083,0.0,21.5,1.083,28.583
2016-11-07,4.25,4.458,0.208,15.5,1.208,20.042
2016-11-08,6.208,6.5,0.292,16.917,1.083,23.375
2016-11-09,3.167,3.167,0.0,11.5,0.958,15.208
2016-11-10,4.5,4.75,0.25,8.25,1.542,10.917
2016-11-11,2.5,2.5,0.0,15.417,1.25,21.417
2016-11-12,5.833,6.208,0.375,22.292,1.417,32.0
2016-11-13,5.833,6.083,0.25,21.042,1.958,29.667
2016-11-14,3.875,4.083,0.208,9.542,1.417,14.958
2016-11-15,3.667,3.875,0.208,15.25,1.25,23.542
2016-11-16,5.708,6.167,0.458,15.917,1.417,22.625
2016-11-17,5.708,5.958,0.25,19.375,2.083,29.167
2016-11-18,5.708,6.042,0.333,20.0,2.875,28.5
2016-11-19,2.083,2.083,0.0,8.417,1.0,15.5
2016-11-20,4.583,4.833,0.25,13.125,1.792,17.375
2016-11-21,5.174,5.652,0.478,15.522,1.609,22.652
2016-11-22,6.042,6.167,0.125,17.75,1.542,23.208
2016-11-23,3.542,3.625,0.083,5.792,1.208,9.0
2016-11-24,5.167,5.625,0.458,5.625,0.917,6.625
2016-11-25,5.292,5.667,0.375,7.625,1.083,10.417
2016-11-26,3.667,3.833,0.167,7.667,1.333,11.542
2016-11-27,3.0,3.0,0.0,7.917,1.25,11.958
2016-11-28,6.583,6.833,0.25,29.0,1.833,39.667
2016-11-29,5.958,6.75,0.792,14.958,1.25,22.625
2016-11-30,4.958,5.25,0.292,13.917,3.0,20.667
2016-12-01,3.458,3.542,0.083,24.542,1.958,31.792
2016-12-02,6.25,6.917,0.667,8.208,1.25,10.958
2016-12-03,6.042,6.667,0.625,6.417,1.208,9.792
2016-12-04,3.792,3.833,0.042,6.208,1.208,12.042
2016-12-05,3.739,3.783,0.043,38.292,2.652,50.292
2016-12-06,5.75,6.0,0.25,16.625,1.75,20.333
2016-12-07,3.417,3.75,0.333,10.75,1.583,15.583
2016-12-08,4.833,5.042,0.208,19.667,2.208,26.208
2016-12-09,5.375,5.417,0.042,31.625,2.542,38.625
2016-12-10,6.917,7.333,0.417,13.125,1.375,15.042
2016-12-11,4.125,4.333,0.208,6.292,1.083,10.167
2016-12-12,6.583,7.083,0.5,11.167,3.417,14.667
2016-12-13,6.333,6.667,0.333,10.458,1.625,14.708
2016-12-14,4.25,4.5,0.25,11.125,1.208,12.917
2016-12-15,3.333,3.458,0.125,10.333,1.333,12.125
2016-12-16,2.5,2.917,0.417,4.0,1.125,7.125
2016-12-17,3.5,3.833,0.333,9.833,1.625,13.833
2016-12-18,3.458,3.5,0.042,10.417,1.333,13.458
2016-12-19,6.609,7.348,0.739,13.174,2.957,20.174
2016-12-20,6.458,6.833,0.375,13.083,1.667,17.292
2016-12-21,8.125,9.042,0.917,13.792,2.5,19.75
2016-12-22,2.333,2.417,0.083,8.667,0.917,10.583
2016-12-23,2.0,2.0,0.0,14.583,1.042,17.458
2016-12-24,4.333,4.458,0.125,15.875,0.875,18.208
2016-12-25,5.875,6.208,0.333,15.75,1.875,20.125
2016-12-26,4.0,4.25,0.25,10.25,1.5,16.833
2016-12-27,3.208,3.292,0.083,10.75,1.167,11.5
2016-12-28,3.583,3.708,0.125,5.792,0.917,9.0
2016-12-29,3.75,3.792,0.042,9.083,1.583,9.708
2016-12-30,4.583,4.917,0.333,5.25,0.875,8.375
2016-12-31,4.542,4.792,0.25,9.042,1.667,11.458
2017-01-01,4.333,4.333,0.0,12.375,1.167,18.417
2017-01-02,5.125,5.167,0.042,17.125,2.417,26.583
2017-01-03,6.208,6.208,0.0,13.875,1.5,18.667
2017-01-04,8.5,8.958,0.458,8.625,1.625,14.208
2017-01-05,6.417,6.708,0.292,9.583,1.292,12.208
2017-01-06,6.417,6.5,0.083,9.458,1.333,12.125
2017-01-07,6.833,7.25,0.417,13.125,1.417,21.25
2017-01-08,9.75,11.083,1.333,6.375,1.333,13.292
2017-01-09,4.0,4.125,0.125,20.917,1.042,24.833
2017-01-10,2.696,2.826,0.13,8.833,0.522,12.13
2017-01-11,2.125,2.125,0.0,5.75,1.0,8.375
2017-01-12,2.875,2.875,0.0,6.0,0.875,8.625
2017-01-13,5.458,5.5,0.042,15.083,1.208,19.083
2017-01-14,6.25,6.375,0.125,17.792,1.125,22.417
2017-01-15,8.458,9.417,0.958,11.833,1.417,18.25
2017-01-16,14.417,17.125,2.708,8.875,1.458,16.208
2017-01-17,16.458,20.667,4.208,5.75,0.792,9.458
2017-01-18,10.333,11.458,1.125,21.583,0.792,25.417
2017-01-19,11.958,13.0,1.042,36.0,1.792,42.792
2017-01-20,11.292,12.625,1.333,19.417,1.292,26.25
2017-01-21,7.5,7.917,0.417,22.917,2.208,31.875
2017-01-22,9.333,9.917,0.583,13.75,1.542,18.917
2017-01-23,4.045,4.045,0.0,22.318,1.136,26.571
2017-01-24,2.958,2.958,0.0,8.417,1.042,9.583
2017-01-25,3.25,3.25,0.0,4.875,0.958,8.125
2017-01-26,3.625,3.625,0.0,5.292,0.958,6.667
2017-01-27,10.5,11.292,0.792,12.0,0.792,17.292
2017-01-28,5.042,5.042,0.0,11.833,1.5,15.5
2017-01-29,4.208,4.208,0.0,18.708,2.083,20.958
2017-01-30,3.583,3.583,0.0,8.75,0.958,12.25
2017-01-31,8.542,9.0,0.458,8.833,1.5,15.958
2017-02-01,5.75,5.792,0.042,11.792,0.667,13.542
2017-02-02,7.375,7.792,0.417,10.125,1.333,13.917
2017-02-03,6.167,6.292,0.125,17.0,2.083,20.25
2017-02-04,2.708,2.708,0.0,9.125,1.083,11.375
2017-02-05,2.385,2.538,0.154,6.222,1.0,14.238
2017-02-06,3.0,3.0,0.0,13.455,0.444,14.125
2017-02-07,2.609,2.652,0.043,8.667,0.261,9.0
2017-02-08,7.25,7.542,0.292,21.417,1.542,24.5
2017-02-09,4.833,5.042,0.208,21.208,1.375,28.292
2017-02-10,3.167,3.208,0.042,16.625,0.417,21.542
2017-02-11,2.458,2.458,0.0,18.667,0.708,22.833
2017-02-12,1.917,1.917,0.0,15.375,0.25,19.083
2017-02-13,2.208,2.208,0.0,14.125,0.167,19.958
2017-02-14,3.208,3.25,0.042,14.375,0.167,24.958
2017-02-15,4.208,4.25,0.042,22.583,0.0,35.792
2017-02-16,6.75,7.333,0.583,16.792,0.375,24.792
2017-02-17,3.583,3.583,0.0,15.75,0.875,15.958
2017-02-18,4.25,4.292,0.042,8.833,0.542,12.708
2017-02-19,3.833,3.833,0.0,28.25,0.5,33.083
2017-02-20,5.417,5.5,0.083,22.375,0.542,26.958
2017-02-21,4.208,4.208,0.0,18.125,0.417,22.667
2017-02-22,5.583,5.625,0.042,19.304,0.583,23.783
2017-02-23,4.083,4.083,0.0,43.042,0.417,53.458
2017-02-24,4.542,4.542,0.0,38.542,0.625,49.375
2017-02-25,4.375,4.375,0.0,21.583,0.625,25.375
2017-02-26,3.792,3.792,0.0,18.875,0.0,22.75
2017-02-27,6.25,6.375,0.125,15.042,0.333,21.542
2017-02-28,6.5,6.542,0.042,17.042,1.667,25.125
2017-03-01,2.625,2.625,0.0,24.625,0.083,29.667
2017-03-02,4.083,4.167,0.083,12.333,0.333,17.125
2017-03-03,5.958,6.167,0.208,12.542,0.417,18.25
2017-03-04,10.792,12.125,1.333,14.917,3.5,24.875
2017-03-05,1.583,1.667,0.083,6.042,0.0,8.583
2017-03-06,1.13,1.13,0.0,10.083,0.0,17.522
2017-03-07,7.75,7.75,0.0,13.417,1.417,21.208
2017-03-08,5.917,6.042,0.125,5.167,0.625,9.417
2017-03-09,1.5,1.5,0.0,10.125,0.0,13.25
2017-03-10,3.125,3.125,0.0,11.542,0.042,16.958
2017-03-11,3.833,3.833,0.0,31.5,0.625,36.0
2017-03-12,4.833,4.833,0.0,33.583,0.667,39.708
2017-03-13,4.75,4.875,0.125,19.542,0.75,27.833
2017-03-14,3.875,4.0,0.125,17.208,0.708,24.208
2017-03-15,3.208,3.208,0.0,14.333,1.125,23.0
2017-03-16,1.083,1.083,0.0,10.375,0.0,15.208
2017-03-17,2.5,2.5,0.0,8.5,0.25,15.125
2017-03-18,6.708,6.833,0.125,14.208,3.917,23.792
2017-03-19,3.958,4.208,0.25,7.087,2.25,12.217
2017-03-20,1.083,1.083,0.0,9.792,0.0,20.792
2017-03-21,1.042,1.042,0.0,3.042,0.0,10.333
2017-03-22,3.208,3.208,0.0,6.75,0.208,11.25
2017-03-23,3.0,3.0,0.0,9.625,0.667,14.292
2017-03-24,3.333,3.333,0.0,28.708,1.375,36.667
2017-03-25,3.458,3.458,0.0,66.333,1.167,85.792
2017-03-26,3.208,3.208,0.0,42.917,1.0,60.167
2017-03-27,4.417,4.417,0.0,44.167,1.083,62.625
2017-03-28,3.208,3.25,0.042,34.667,0.542,55.167
2017-03-29,3.583,3.625,0.042,26.292,0.75,42.667
2017-03-30,2.667,2.667,0.0,19.292,0.083,32.083
2017-03-31,9.208,9.792,0.583,20.583,1.208,32.792
2017-04-01,3.125,3.125,0.0,10.542,0.5,14.542
2017-04-02,2.958,2.958,0.0,14.667,0.708,18.167
2017-04-03,3.478,3.478,0.0,18.75,1.227,26.091
2017-04-04,3.917,3.917,0.0,18.5,0.917,28.292
2017-04-05,2.833,2.833,0.0,15.875,2.0,25.708
2017-04-06,2.542,2.542,0.0,10.958,0.708,23.458
2017-04-07,3.083,3.167,0.083,12.875,0.333,18.333
2017-04-08,6.625,7.542,0.917,13.708,0.917,21.583
2017-04-09,2.417,2.417,0.0,20.292,0.5,34.458
2017-04-10,6.958,7.25,0.292,15.458,0.583,28.458
2017-04-11,5.333,5.375,0.042,6.625,0.292,13.292
2017-04-12,4.208,4.25,0.042,16.542,1.042,28.917
2017-04-13,3.25,3.25,0.0,14.833,1.625,27.667
2017-04-14,3.042,3.042,0.0,12.042,1.292,22.458
2017-04-15,3.125,3.167,0.042,14.083,0.708,27.25
2017-04-16,2.417,2.417,0.0,14.792,0.333,23.792
2017-04-17,2.583,2.792,0.208,7.667,0.208,24.208
2017-04-18,3.375,3.417,0.042,18.375,0.75,34.875
2017-04-19,2.333,2.333,0.0,16.0,0.905,34.571
2017-04-20,5.708,5.708,0.0,12.875,1.0,30.667
2017-04-21,4.75,4.875,0.125,15.083,1.167,24.708
2017-04-22,2.042,2.042,0.0,17.333,0.375,28.958
2017-04-23,2.792,2.792,0.0,14.167,0.667,19.833
2017-04-24,4.083,4.125,0.042,17.375,1.458,26.375
2017-04-25,3.667,3.667,0.0,12.792,1.167,22.333
2017-04-26,3.333,3.375,0.042,7.083,0.292,13.125
2017-04-27,3.333,3.333,0.0,13.167,1.083,19.458
2017-04-28,3.0,3.0,0.0,16.0,1.333,27.292
2017-04-29,3.75,3.75,0.0,34.667,1.667,53.167
2017-04-30,3.042,3.042,0.0,31.333,1.333,49.5
2017-05-01,2.304,2.304,0.0,20.25,0.826,36.167
2017-05-02,4.375,4.417,0.042,14.542,1.208,24.333
2017-05-03,6.042,6.167,0.125,20.583,2.667,29.583
2017-05-04,3.792,3.917,0.125,13.958,1.292,19.333
2017-05-05,3.0,3.417,0.417,9.292,0.958,14.042
2017-05-06,3.125,3.25,0.125,28.083,1.083,52.167
2017-05-07,3.667,3.667,0.0,27.042,1.458,61.5
2017-05-08,4.0,4.0,0.0,52.417,1.917,132.292
2017-05-09,4.083,4.167,0.083,18.0,0.958,41.542
2017-05-10,2.375,2.375,0.0,10.875,0.417,18.625
2017-05-11,2.875,2.875,0.0,19.667,0.875,32.0
2017-05-12,5.083,5.208,0.125,16.917,0.875,29.0
2017-05-13,3.083,3.083,0.0,13.75,0.667,19.917
2017-05-14,2.833,2.875,0.042,18.958,1.042,31.125
2017-05-15,3.75,3.75,0.0,11.545,1.375,20.364
2017-05-16,4.208,4.208,0.0,11.042,1.375,16.958
2017-05-17,3.833,3.833,0.0,14.875,1.042,21.042
2017-05-18,3.542,3.542,0.0,19.583,1.083,25.375
2017-05-19,4.0,4.042,0.042,19.917,1.167,28.667
2017-05-20,3.5,3.542,0.042,16.958,1.125,22.542
2017-05-21,3.708,3.833,0.125,21.375,1.542,27.75
2017-05-22,4.25,4.542,0.292,22.792,1.542,29.042
2017-05-23,4.792,5.292,0.5,23.125,2.0,31.292
2017-05-24,5.583,6.583,1.0,11.667,0.792,17.375
2017-05-25,4.583,5.333,0.75,20.625,0.833,28.625
2017-05-26,3.792,3.792,0.0,12.792,1.167,21.125
2017-05-27,4.292,4.292,0.0,11.417,1.042,17.083
2017-05-28,3.875,3.917,0.042,12.333,0.917,18.125
2017-05-29,4.333,4.5,0.167,10.875,1.042,16.833
2017-05-30,5.5,5.833,0.333,14.417,1.5,22.417
2017-05-31,5.625,6.583,0.958,19.667,2.167,27.542
2017-06-01,5.042,5.958,0.917,23.083,0.833,34.667
2017-06-02,4.696,4.913,0.217,12.792,1.182,19.667
2017-06-03,4.667,5.042,0.375,12.625,1.25,17.583
2017-06-04,5.167,5.292,0.125,13.167,1.417,18.583
2017-06-05,4.292,4.375,0.083,8.917,1.0,13.625
2017-06-06,8.125,8.75,0.625,14.708,1.833,21.292
2017-06-07,4.417,4.833,0.417,9.958,0.708,17.542
2017-06-08,5.208,5.25,0.042,13.875,1.25,19.0
2017-06-09,5.833,6.375,0.542,23.833,1.0,32.5
2017-06-10,5.917,6.458,0.542,19.25,0.958,26.25
2017-06-11,5.083,5.5,0.417,17.25,0.875,25.875
2017-06-12,3.292,3.333,0.042,5.833,0.583,11.75
2017-06-13,3.958,4.125,0.167,8.364,0.417,13.091
2017-06-14,7.042,7.917,0.875,14.542,1.083,19.208
2017-06-15,7.5,8.417,0.917,19.708,1.083,29.0
2017-06-16,6.583,7.417,0.833,19.167,1.208,27.458
2017-06-17,4.542,5.042,0.5,6.917,0.667,11.792
2017-06-18,6.958,7.958,1.0,11.0,0.792,16.167
2017-06-19,7.875,8.792,0.917,15.792,1.0,22.583
2017-06-20,12.125,13.25,1.125,27.083,4.042,38.333
2017-06-21,7.167,8.167,1.0,9.333,0.542,14.042
2017-06-22,9.375,10.458,1.083,21.792,1.083,30.458
2017-06-23,8.083,8.917,0.833,20.958,1.792,28.083
2017-06-24,12.625,14.708,2.083,13.083,1.375,20.083
2017-06-25,8.583,10.792,2.208,13.625,0.375,21.0
2017-06-26,9.5,11.167,1.667,17.333,1.458,27.042
2017-06-27,10.542,12.583,2.042,18.333,1.0,29.75
2017-06-28,10.0,11.609,1.609,26.25,0.913,39.208
2017-06-29,9.583,11.583,2.0,21.417,0.458,33.667
2017-06-30,7.042,10.5,3.458,5.792,0.042,19.833
2017-07-01,7.042,11.542,4.5,8.5,0.292,23.083
2017-07-02,5.792,8.5,2.708,7.792,0.375,23.833
2017-07-03,5.5,8.542,3.042,7.5,0.208,22.417
2017-07-04,5.583,11.375,5.792,8.875,0.5,20.875
2017-07-05,8.958,11.375,2.417,16.083,0.875,36.75
2017-07-06,9.25,11.833,2.583,3.875,0.083,13.5
2017-07-07,6.75,11.458,4.708,5.375,0.083,17.875
2017-07-08,6.667,10.417,3.75,8.5,0.083,30.083
2017-07-09,7.042,9.583,2.542,7.292,0.083,26.375
2017-07-10,5.125,7.583,2.458,8.875,0.083,29.625
2017-07-11,6.708,9.917,3.208,7.708,0.083,29.458
2017-07-12,8.292,10.0,1.708,13.182,0.208,24.043
2017-07-13,8.917,10.875,1.958,16.667,0.417,32.917
2017-07-14,7.833,9.917,2.083,14.542,0.208,29.417
2017-07-15,6.833,9.167,2.333,9.042,0.25,19.833
2017-07-16,6.458,10.583,4.125,7.208,0.208,14.625
2017-07-17,6.375,10.5,4.125,7.167,0.292,16.292
2017-07-18,7.375,10.625,3.25,6.792,0.208,20.167
2017-07-19,10.083,11.917,1.833,18.25,0.542,33.708
2017-07-20,10.75,12.75,2.0,22.083,0.25,44.042
2017-07-21,9.75,11.375,1.625,22.25,0.167,49.417
2017-07-22,8.208,10.75,2.542,13.667,0.417,31.125
2017-07-23,8.458,11.083,2.625,11.042,0.417,24.167
2017-07-24,9.333,11.375,2.042,13.375,0.5,31.25
2017-07-25,9.5,11.0,1.5,17.167,0.708,36.958
2017-07-26,6.409,7.409,1.0,8.125,0.091,19.875
2017-07-27,7.417,8.542,1.125,10.667,0.5,26.083
2017-07-28,14.75,29.333,14.583,16.167,0.7,36.0
2017-07-29,8.875,16.875,8.0,13.167,0.458,25.458
2017-07-30,9.208,11.292,2.083,12.667,0.5,24.917
2017-07-31,9.417,12.458,3.042,15.083,0.917,27.875
2017-08-01,7.667,10.792,3.125,15.167,0.917,28.25
2017-08-02,5.75,6.833,1.083,10.667,0.542,18.625
2017-08-03,8.5,9.75,1.25,15.0,2.0,27.25
2017-08-04,11.5,14.208,2.708,12.304,3.75,21.217
2017-08-05,9.083,12.625,3.542,14.125,2.417,27.583
2017-08-06,6.5,8.0,1.5,12.0,1.417,25.542
2017-08-07,8.208,9.75,1.542,17.417,0.875,36.292
2017-08-08,10.5,12.083,1.583,25.167,0.917,50.042
2017-08-09,10.217,11.478,1.261,15.13,0.478,36.13
2017-08-10,10.375,11.583,1.208,21.458,0.708,41.875
2017-08-11,8.458,10.875,2.417,9.375,0.833,19.208
2017-08-12,6.167,7.875,1.708,6.542,0.292,21.708
2017-08-13,6.5,8.375,1.875,4.792,0.708,14.208
2017-08-14,8.708,12.583,3.875,7.625,0.375,21.042
2017-08-15,10.75,13.625,2.875,9.375,0.083,25.583
2017-08-16,9.125,10.792,1.667,7.625,0.458,17.417
2017-08-17,9.542,12.875,3.333,8.0,0.583,18.208
2017-08-18,9.667,14.25,4.583,9.625,0.833,19.125
2017-08-19,8.042,12.167,4.125,7.208,0.917,14.583
2017-08-20,9.667,14.792,5.125,14.792,1.333,26.125
2017-08-21,10.25,13.333,3.083,14.917,1.583,27.333
2017-08-22,6.5,15.75,9.25,7.083,1.208,16.542
2017-08-23,5.227,13.182,7.955,10.375,1.045,26.083
2017-08-24,4.708,9.208,4.5,7.25,0.625,21.542
2017-08-25,7.667,10.625,2.958,8.25,0.417,26.417
2017-08-26,9.083,11.292,2.208,9.417,0.667,18.667
2017-08-27,8.458,9.958,1.5,11.167,1.0,19.5
2017-08-28,10.125,12.208,2.083,11.542,1.0,21.583
2017-08-29,9.958,11.417,1.458,12.208,0.792,24.083
2017-08-30,7.875,9.0,1.125,10.625,0.792,25.958
2017-08-31,6.708,7.875,1.167,10.125,0.708,20.667
2017-09-01,5.75,6.75,1.0,9.458,0.375,18.208
2017-09-02,6.0,7.0,1.0,4.708,0.208,8.708
2017-09-03,6.583,7.625,1.042,5.708,0.458,10.458
2017-09-04,12.375,14.958,2.583,17.375,2.25,26.542
2017-09-05,10.917,12.958,2.042,10.174,1.333,16.391
2017-09-06,10.5,12.833,2.333,11.542,0.833,21.167
2017-09-07,9.5,12.583,3.083,7.833,0.208,20.667
2017-09-08,11.958,14.292,2.333,20.75,0.75,35.833
2017-09-09,12.125,13.708,1.583,21.25,1.125,34.167
2017-09-10,12.583,15.083,2.5,21.5,1.792,32.083
2017-09-11,9.208,10.667,1.458,14.25,1.125,28.917
2017-09-12,10.875,12.583,1.708,7.917,0.625,18.375
2017-09-13,11.333,13.125,1.792,13.125,1.292,24.542
2017-09-14,8.75,9.792,1.042,12.333,1.083,18.583
2017-09-15,5.583,6.583,1.0,7.583,0.917,12.583
2017-09-16,7.917,9.083,1.167,6.833,1.0,13.625
2017-09-17,5.958,7.042,1.083,5.0,0.25,17.542
2017-09-18,10.833,13.25,2.417,7.875,0.833,17.0
2017-09-19,12.208,13.5,1.292,20.417,1.125,32.833
2017-09-20,11.87,13.087,1.217,34.375,1.0,51.75
2017-09-21,13.417,15.625,2.208,16.417,0.958,25.333
2017-09-22,14.5,17.5,3.0,21.042,1.417,31.583
2017-09-23,13.833,16.292,2.458,19.458,1.0,29.792
2017-09-24,13.042,14.375,1.333,20.174,1.625,29.391
2017-09-25,12.417,13.5,1.083,23.167,1.917,33.667
2017-09-26,16.708,18.458,1.75,27.917,4.333,41.583
2017-09-27,12.083,14.083,2.0,9.125,1.0,20.75
2017-09-28,8.833,10.417,1.583,6.833,0.333,19.167
2017-09-29,11.208,12.208,1.0,12.292,1.75,18.542
2017-09-30,10.708,11.708,1.0,9.792,1.292,14.167
2017-10-01,11.292,12.333,1.042,13.125,1.458,18.5
2017-10-02,7.792,9.042,1.25,7.542,0.375,22.042
2017-10-03,7.292,8.292,1.0,7.5,0.75,18.083
2017-10-04,5.333,6.125,0.792,7.773,0.75,14.864
2017-10-05,11.375,12.417,1.042,7.917,2.042,13.083
2017-10-06,11.417,14.0,2.583,3.75,1.0,8.542
2017-10-07,9.708,13.333,3.625,4.333,0.917,10.292
2017-10-08,11.0,12.458,1.458,8.958,1.333,14.792
2017-10-09,11.542,14.292,2.75,14.208,1.208,22.167
2017-10-10,11.0,13.5,2.5,13.125,0.958,20.375
2017-10-11,11.083,13.875,2.792,16.333,1.0,25.625
2017-10-12,9.208,11.083,1.875,4.667,0.583,9.5
2017-10-13,9.292,10.5,1.208,4.25,0.5,9.542
2017-10-14,7.583,8.583,1.0,6.167,0.375,11.167
2017-10-15,10.0,11.042,1.042,3.417,1.125,7.917
2017-10-16,8.875,9.917,1.042,3.5,0.917,7.167
2017-10-17,8.045,9.136,1.091,6.333,1.091,10.792
2017-10-18,10.167,11.292,1.125,7.333,1.625,10.708
2017-10-19,10.167,11.375,1.208,3.708,1.25,7.542
2017-10-20,6.875,7.958,1.083,4.0,0.5,7.583
2017-10-21,4.833,5.708,0.875,6.417,0.292,10.458
2017-10-22,3.833,4.292,0.458,12.583,0.208,19.875
2017-10-23,6.458,7.208,0.75,13.833,0.208,21.958
2017-10-24,9.167,10.125,0.958,16.083,0.375,22.25
2017-10-25,9.042,9.958,0.917,11.25,0.75,17.0
2017-10-26,12.875,13.875,1.0,11.458,1.375,17.083
2017-10-27,11.542,12.667,1.125,15.25,2.125,23.25
2017-10-28,14.417,16.042,1.625,11.958,2.167,21.625
2017-10-29,7.583,8.5,0.917,11.0,1.042,18.75
2017-10-30,8.667,9.708,1.042,8.625,0.75,14.708
2017-10-31,9.875,10.833,0.958,8.667,0.875,13.625
2017-11-01,8.792,9.667,0.875,8.0,1.208,15.0
2017-11-02,9.333,10.333,1.0,9.958,0.917,13.792
2017-11-03,10.167,11.208,1.042,20.75,1.333,27.917
2017-11-04,7.458,8.333,0.875,13.125,1.125,18.875
2017-11-05,9.375,10.292,0.917,13.375,1.083,16.875
2017-11-06,9.583,10.583,1.0,15.042,1.25,22.458
2017-11-07,11.167,12.417,1.25,15.667,1.042,23.458
2017-11-08,10.542,11.75,1.208,17.792,1.375,28.542
2017-11-09,9.5,10.292,0.792,19.0,1.125,27.375
2017-11-10,9.375,10.375,1.0,17.458,1.417,28.625
2017-11-11,8.833,9.833,1.0,11.917,1.208,18.667
2017-11-12,8.875,9.875,1.0,8.667,0.667,13.542
2017-11-13,10.25,11.375,1.125,9.417,0.958,15.625
2017-11-14,12.0,13.25,1.25,16.917,1.792,25.0
2017-11-15,7.913,8.87,0.957,12.958,2.348,18.708
2017-11-16,7.792,8.583,0.792,10.292,1.417,13.125
2017-11-17,10.708,11.708,1.0,10.708,1.75,16.917
2017-11-18,9.958,10.917,0.958,12.042,1.125,14.875
2017-11-19,5.0,5.083,0.083,7.083,1.0,9.833
2017-11-20,5.917,6.042,0.125,9.625,1.0,13.833
2017-11-21,9.208,9.792,0.583,14.917,1.5,20.542
2017-11-22,10.625,11.792,1.167,14.958,1.917,21.667
2017-11-23,5.833,6.167,0.333,12.583,1.208,16.042
2017-11-24,4.5,4.5,0.0,11.625,1.375,18.75
2017-11-25,7.375,7.958,0.583,10.417,1.375,15.958
2017-11-26,10.042,11.042,1.0,15.417,1.208,23.5
2017-11-27,12.792,13.792,1.0,19.458,2.125,27.833
2017-11-28,9.958,11.0,1.042,16.478,1.542,26.565
2017-11-29,12.542,14.167,1.625,20.458,1.208,27.208
2017-11-30,12.292,13.708,1.417,14.833,1.375,19.625
2017-12-01,7.25,7.583,0.333,6.958,0.958,7.917
2017-12-02,6.167,6.583,0.417,13.25,0.833,18.167
2017-12-03,8.292,9.042,0.75,12.833,1.917,17.208
2017-12-04,7.292,7.75,0.458,16.917,1.958,22.792
2017-12-05,3.958,3.958,0.0,7.25,1.042,9.167
2017-12-06,5.25,5.25,0.0,9.083,1.0,12.25
2017-12-07,6.583,6.917,0.333,14.375,1.042,18.5
2017-12-08,4.917,5.042,0.125,12.25,1.167,13.458
2017-12-09,4.417,4.458,0.042,9.083,1.0,12.583
2017-12-10,6.583,7.125,0.542,14.375,1.167,18.25
2017-12-11,3.708,3.708,0.0,10.333,1.0,11.375
2017-12-12,3.708,3.708,0.0,5.958,0.917,8.458
2017-12-13,4.174,4.174,0.0,4.5,0.696,9.174
2017-12-14,5.375,5.5,0.125,7.625,0.667,12.75
2017-12-15,6.75,6.958,0.208,6.0,1.458,10.208
2017-12-16,4.958,5.042,0.083,18.708,1.667,20.542
2017-12-17,2.667,2.667,0.0,8.125,1.083,9.833
2017-12-18,3.25,3.25,0.0,11.917,0.958,17.458
2017-12-19,4.208,4.208,0.0,16.292,1.583,20.25
2017-12-20,6.125,6.25,0.125,8.292,0.958,10.833
2017-12-21,5.167,5.25,0.083,10.167,1.208,14.958
2017-12-22,3.583,3.583,0.0,10.875,0.958,15.958
2017-12-23,8.958,9.792,0.833,16.583,1.292,22.5
2017-12-24,8.625,9.625,1.0,17.042,1.833,22.25
2017-12-25,5.417,5.542,0.125,11.391,1.167,13.783
2017-12-26,3.75,3.75,0.0,10.125,1.25,14.25
2017-12-27,2.875,2.875,0.0,3.0,0.833,5.417
2017-12-28,7.375,7.5,0.125,22.958,2.5,30.708
2017-12-29,6.458,6.625,0.167,29.458,1.792,36.5
2017-12-30,9.292,10.083,0.792,38.583,1.417,47.083
2017-12-31,6.083,6.875,0.792,20.708,1.25,27.167
2018-01-01,3.125,3.125,0.0,13.333,1.208,17.292
2018-01-02,2.25,2.25,0.0,9.167,0.667,10.292
2018-01-03,4.208,4.208,0.0,6.583,0.87,9.625
2018-01-04,3.833,3.875,0.042,4.542,0.958,10.875
2018-01-05,4.792,4.792,0.0,29.792,1.25,33.583
2018-01-06,3.75,3.75,0.0,17.875,1.0,21.917
2018-01-07,5.348,5.435,0.087,8.375,0.913,11.208
2018-01-08,5.833,5.958,0.125,24.208,2.25,29.25
2018-01-09,3.417,3.417,0.0,10.708,0.833,17.042
2018-01-10,3.875,3.917,0.042,6.625,0.917,11.375
2018-01-11,8.417,8.833,0.417,16.042,1.375,21.5
2018-01-12,6.708,6.917,0.208,13.667,0.917,19.875
2018-01-13,3.208,3.208,0.0,11.0,0.875,16.0
2018-01-14,4.833,4.917,0.083,19.083,0.625,24.833
2018-01-15,3.167,3.167,0.0,43.25,1.583,52.25
2018-01-16,3.542,3.542,0.0,10.75,0.75,14.167
2018-01-17,3.5,3.5,0.0,11.0,1.75,14.833
2018-01-18,5.208,5.458,0.25,16.25,1.042,16.409
2018-01-19,3.542,3.542,0.0,11.583,0.75,19.25
2018-01-20,2.833,2.833,0.0,16.875,1.083,23.125
2018-01-21,2.125,2.125,0.0,6.625,1.0,10.333
2018-01-22,4.565,4.696,0.13,17.565,1.609,22.435
2018-01-23,3.667,3.667,0.0,34.375,2.125,40.75
2018-01-24,6.875,7.0,0.125,23.792,1.417,26.833
2018-01-25,6.208,6.375,0.167,17.75,1.542,21.375
2018-01-26,4.958,5.125,0.167,15.0,1.042,16.625
2018-01-27,5.0,6.667,1.667,8.125,0.917,12.625
2018-01-28,2.875,2.875,0.0,20.167,1.083,23.375
2018-01-29,7.0,7.208,0.208,15.417,0.958,20.5
2018-01-30,6.042,6.167,0.125,14.458,1.167,24.625
2018-01-31,4.208,4.292,0.083,9.167,0.25,13.292
2018-02-01,2.583,2.583,0.0,9.542,0.708,12.625
2018-02-02,2.833,2.833,0.0,18.208,0.958,24.875
2018-02-03,3.875,4.292,0.417,18.583,0.609,36.0
2018-02-04,4.167,4.167,0.0,19.083,0.917,25.75
2018-02-05,8.125,8.375,0.25,19.125,1.792,31.167
2018-02-06,6.318,6.545,0.227,16.167,2.739,23.667
2018-02-07,5.333,5.375,0.042,17.125,1.375,30.75
2018-02-08,3.458,3.458,0.0,9.667,1.125,12.917
2018-02-09,3.833,3.833,0.0,9.958,1.167,11.833
2018-02-10,4.0,4.0,0.0,7.583,1.0,12.167
2018-02-11,4.167,4.167,0.0,10.625,1.417,13.333
2018-02-12,5.917,6.0,0.083,25.125,2.667,31.292
2018-02-13,7.083,7.208,0.125,31.833,2.25,36.083
2018-02-14,4.333,4.333,0.0,18.625,1.25,27.083
2018-02-15,4.833,4.875,0.042,12.0,0.875,18.833
2018-02-16,4.625,4.625,0.0,27.25,1.208,29.833
2018-02-17,4.083,4.083,0.0,22.042,1.0,25.708
2018-02-18,6.833,6.917,0.083,12.625,1.333,17.25
2018-02-19,6.125,6.542,0.417,10.417,1.042,20.5
2018-02-20,5.435,5.435,0.0,15.042,0.913,15.261
2018-02-21,7.042,7.417,0.375,27.417,0.833,31.708
2018-02-22,8.625,9.167,0.542,25.417,1.292,29.958
2018-02-23,4.167,4.333,0.167,16.667,0.75,19.375
2018-02-24,5.833,5.875,0.042,16.833,1.042,18.083
2018-02-25,8.292,8.333,0.042,22.583,1.208,26.75
2018-02-26,8.167,8.25,0.083,29.042,1.292,37.083
2018-02-27,12.625,12.917,0.292,21.542,2.125,28.458
2018-02-28,7.333,7.333,0.0,20.375,0.75,28.125
2018-03-01,8.538,8.692,0.154,22.5,0.385,53.6
2018-03-02,10.846,10.846,0.0,32.091,2.462,53.5
2018-03-03,7.417,7.625,0.208,10.792,1.25,14.958
2018-03-04,3.292,3.292,0.0,9.833,0.0,15.708
2018-03-05,4.542,4.542,0.0,23.125,0.583,34.042
2018-03-06,4.5,4.5,0.0,19.708,1.208,25.083
2018-03-07,4.0,4.0,0.0,31.875,0.333,37.208
2018-03-08,4.542,4.542,0.0,16.833,0.708,24.25
2018-03-09,4.083,4.083,0.0,17.583,4.5,27.667
2018-03-10,6.667,6.708,0.042,7.667,0.667,13.917
2018-03-11,2.875,2.875,0.0,9.917,0.458,15.25
2018-03-12,3.042,3.042,0.0,30.292,0.458,38.333
2018-03-13,2.458,2.458,0.0,10.458,0.875,16.375
2018-03-14,3.583,3.583,0.0,8.167,1.333,13.625
2018-03-15,2.917,2.917,0.0,13.375,0.875,19.417
2018-03-16,2.292,2.292,0.0,11.042,0.708,16.792
2018-03-17,3.125,3.125,0.0,18.458,1.167,24.5
2018-03-18,3.875,3.917,0.042,9.875,0.792,16.625
2018-03-19,3.583,3.583,0.0,10.292,0.875,16.0
2018-03-20,4.583,4.625,0.042,14.417,1.333,24.25
2018-03-21,2.348,2.348,0.0,13.261,0.261,25.375
2018-03-22,4.708,4.708,0.0,37.917,0.458,48.0
2018-03-23,4.125,4.167,0.042,20.125,0.917,26.542
2018-03-24,2.25,2.25,0.0,10.333,0.833,14.75
2018-03-25,2.583,2.583,0.0,8.333,1.125,12.958
2018-03-26,3.458,3.458,0.0,26.208,1.208,32.167
2018-03-27,3.917,3.917,0.0,36.75,1.083,44.25
2018-03-28,3.375,3.375,0.0,24.292,1.0,36.583
2018-03-29,4.417,4.417,0.0,20.125,1.333,30.542
2018-03-30,3.25,3.25,0.0,17.792,1.042,27.0
2018-03-31,1.875,1.875,0.0,14.75,0.917,20.792
2018-04-01,3.417,3.417,0.0,25.542,5.0,41.333
2018-04-02,3.292,3.292,0.0,14.208,1.458,24.167
2018-04-03,3.958,4.208,0.25,13.542,1.458,24.25
2018-04-04,2.217,2.261,0.043,12.75,0.783,23.125
2018-04-05,2.25,2.292,0.042,9.75,0.125,20.917
2018-04-06,2.167,2.167,0.0,14.333,0.083,31.292
2018-04-07,1.958,1.958,0.0,22.292,0.042,30.833
2018-04-08,2.083,2.083,0.0,14.333,0.75,21.75
2018-04-09,3.125,3.125,0.0,26.167,0.917,44.833
2018-04-10,2.833,2.833,0.0,17.458,0.333,35.708
2018-04-11,2.75,2.833,0.083,17.375,0.25,34.042
2018-04-12,5.333,5.417,0.083,12.75,1.083,17.917
2018-04-13,2.458,2.458,0.0,13.333,0.417,21.292
2018-04-14,3.292,3.292,0.0,11.75,0.75,24.625
2018-04-15,2.958,2.958,0.0,22.417,0.792,49.458
2018-04-16,3.042,3.042,0.0,30.0,0.458,77.375
2018-04-17,6.5,6.708,0.208,27.5,1.333,65.542
2018-04-18,2.455,2.5,0.045,23.652,0.5,48.087
2018-04-19,2.167,2.167,0.0,14.833,0.75,27.417
2018-04-20,4.25,4.25,0.0,19.292,0.958,31.583
2018-04-21,3.417,3.458,0.042,20.917,2.0,36.5
2018-04-22,3.167,3.292,0.125,24.417,2.625,41.792
2018-04-23,8.167,8.708,0.542,33.292,1.25,60.792
2018-04-24,1.625,1.667,0.042,7.0,0.208,18.083
2018-04-25,1.292,1.292,0.0,12.875,0.042,23.792
2018-04-26,2.792,2.792,0.0,12.708,0.167,22.833
2018-04-27,3.167,3.167,0.0,15.583,0.75,27.333
2018-04-28,3.167,3.25,0.083,21.458,0.542,39.125
2018-04-29,2.833,2.833,0.0,41.5,0.583,57.25
2018-04-30,2.875,2.917,0.042,36.083,1.083,50.5
2018-05-01,4.667,5.0,0.333,29.958,3.375,41.667
2018-05-02,3.0,3.333,0.333,12.833,0.208,24.833
2018-05-03,2.042,2.042,0.0,14.125,0.375,21.458
2018-05-04,2.208,2.208,0.0,16.375,0.75,23.042
2018-05-05,2.542,2.542,0.0,11.292,0.625,17.25
2018-05-06,1.917,1.917,0.0,11.708,0.333,24.042
2018-05-07,1.875,1.875,0.0,4.375,0.0,10.0
2018-05-08,1.043,1.043,0.0,9.917,0.0,20.391
2018-05-09,1.083,1.083,0.0,11.167,0.0,17.625
2018-05-10,2.5,2.5,0.0,10.625,0.042,16.708
2018-05-11,3.833,3.875,0.042,16.208,2.0,25.958
2018-05-12,4.125,4.125,0.0,17.792,3.5,26.083
2018-05-13,3.375,3.375,0.0,9.25,0.5,17.958
2018-05-14,4.333,4.417,0.083,19.542,0.792,31.417
2018-05-15,5.125,5.125,0.0,24.417,1.292,36.042
2018-05-16,3.708,3.958,0.25,23.083,1.5,34.708
2018-05-17,2.542,3.375,0.833,22.833,0.5,38.5
2018-05-18,2.292,3.042,0.75,13.458,0.042,25.167
2018-05-19,1.25,1.25,0.0,8.0,0.0,15.667
2018-05-20,1.167,1.167,0.0,8.167,0.042,15.5
2018-05-21,5.043,5.217,0.174,13.348,1.13,21.083
2018-05-22,5.833,6.0,0.167,12.783,2.0,18.917
2018-05-23,3.208,3.375,0.167,9.333,0.417,13.125
2018-05-24,3.458,3.583,0.125,14.25,0.792,21.208
2018-05-25,4.333,4.333,0.0,21.958,1.167,35.0
2018-05-26,3.667,3.667,0.0,19.208,1.875,27.583
2018-05-27,4.75,4.792,0.042,21.125,2.333,30.208
2018-05-28,5.042,5.333,0.292,17.292,1.5,25.333
2018-05-29,7.292,7.875,0.583,13.458,1.875,20.208
2018-05-30,3.792,4.208,0.417,20.667,1.333,28.083
2018-05-31,4.042,4.125,0.083,28.375,1.042,37.333
2018-06-01,2.875,2.875,0.0,16.417,0.5,20.542
2018-06-02,2.958,3.0,0.042,18.5,0.625,24.5
2018-06-03,3.833,3.875,0.042,22.958,1.542,29.833
2018-06-04,3.826,4.0,0.174,26.042,2.13,33.417
2018-06-05,5.125,5.25,0.125,16.542,0.958,22.542
2018-06-06,5.125,5.458,0.333,7.75,0.75,12.0
2018-06-07,4.167,4.583,0.417,12.542,0.5,18.583
2018-06-08,3.458,3.958,0.5,17.542,0.417,22.417
2018-06-09,2.458,2.5,0.042,27.583,0.375,37.958
2018-06-10,1.75,1.75,0.0,18.75,0.125,29.917
2018-06-11,1.583,1.583,0.0,5.333,0.0,8.958
2018-06-12,1.875,1.917,0.042,7.458,0.083,11.917
2018-06-13,2.0,2.0,0.0,9.792,0.167,14.333
2018-06-14,6.75,7.542,0.792,10.417,1.5,17.583
2018-06-15,1.667,1.667,0.0,12.208,0.167,20.917
2018-06-16,1.292,1.292,0.0,8.958,0.0,13.958
2018-06-17,7.083,7.417,0.333,16.0,1.833,23.625
2018-06-18,5.696,6.391,0.696,17.174,1.174,24.043
2018-06-19,4.5,4.833,0.333,14.667,1.0,20.375
2018-06-20,3.5,3.667,0.167,12.708,0.708,20.167
2018-06-21,3.958,4.292,0.333,23.792,0.75,37.167
2018-06-22,4.25,4.583,0.333,21.917,1.167,33.708
2018-06-23,3.667,3.875,0.208,15.958,0.75,22.708
2018-06-24,2.5,2.5,0.0,17.5,0.792,28.708
2018-06-25,3.292,3.542,0.25,17.167,0.708,25.125
2018-06-26,2.792,3.708,0.917,11.625,0.333,23.833
2018-06-27,1.708,2.792,1.083,9.833,0.042,27.792
2018-06-28,2.0,3.042,1.042,9.625,0.083,28.458
2018-06-29,2.958,3.542,0.583,5.542,0.125,20.625
2018-06-30,3.042,3.958,0.917,4.292,0.25,12.083
2018-07-01,6.042,8.792,2.75,10.333,1.417,19.833
2018-07-02,4.333,5.917,1.583,9.0,2.292,17.708
2018-07-03,4.417,6.875,2.458,7.0,0.833,23.833
2018-07-04,3.833,4.542,0.708,15.875,0.542,34.167
2018-07-05,7.478,12.174,4.696,13.292,1.783,23.208
2018-07-06,2.708,3.292,0.583,3.25,0.0,9.083
2018-07-07,1.0,1.0,0.0,5.083,0.042,13.375
2018-07-08,1.417,1.5,0.083,5.458,0.0,14.75
2018-07-09,3.917,5.208,1.292,10.333,0.5,21.5
2018-07-10,6.208,8.667,2.458,12.458,1.125,23.042
2018-07-11,8.083,10.417,2.333,16.125,1.75,27.5
2018-07-12,4.75,5.708,0.958,16.0,1.75,28.125
2018-07-13,2.875,4.125,1.25,13.75,0.333,25.75
2018-07-14,2.958,4.042,1.083,12.167,0.292,23.5
2018-07-15,2.875,3.875,1.0,13.75,0.333,24.583
2018-07-16,3.167,4.292,1.125,24.125,0.708,39.583
2018-07-17,3.208,4.25,1.042,32.667,1.417,51.667
2018-07-18,3.478,4.565,1.087,38.739,2.522,62.348
2018-07-19,4.75,6.083,1.333,41.708,3.125,65.583
2018-07-20,6.208,6.875,0.667,34.542,2.25,50.625
2018-07-21,5.667,7.417,1.75,10.25,2.833,18.708
2018-07-22,3.75,5.0,1.25,9.708,1.792,18.917
2018-07-23,3.5,4.833,1.333,12.625,1.792,25.208
2018-07-24,2.417,3.458,1.042,9.208,0.667,18.542
2018-07-25,2.458,3.542,1.083,13.542,0.333,27.542
2018-07-26,2.667,3.333,0.667,16.542,0.5,30.917
2018-07-27,3.667,4.625,0.958,18.875,0.792,34.875
2018-07-28,1.792,2.125,0.333,15.875,0.125,31.0
2018-07-29,1.25,1.542,0.292,13.958,0.083,31.75
2018-07-30,5.125,5.708,0.583,10.25,0.875,21.5
2018-07-31,6.375,7.917,1.542,10.417,1.792,19.833
2018-08-01,10.458,11.583,1.125,14.917,2.583,25.833
2018-08-02,9.583,11.375,1.792,17.75,2.375,31.083
2018-08-03,3.375,3.875,0.5,19.75,1.583,32.458
2018-08-04,2.958,3.958,1.0,18.75,1.0,34.708
2018-08-05,2.083,2.583,0.5,15.417,0.375,33.083
2018-08-06,3.167,3.667,0.5,17.292,0.542,35.708
2018-08-07,1.773,1.773,0.0,7.792,0.087,21.75
2018-08-08,1.917,1.917,0.0,7.625,0.208,18.458
2018-08-09,2.292,2.417,0.125,7.167,0.25,16.208
2018-08-10,2.696,3.261,0.565,8.25,0.261,18.0
2018-08-11,3.042,3.458,0.417,14.625,0.917,29.958
2018-08-12,7.333,9.083,1.75,16.083,2.208,30.5
2018-08-13,4.542,5.5,0.958,12.292,2.083,23.583
2018-08-14,6.375,7.667,1.292,11.833,2.458,21.583
2018-08-15,6.167,8.583,2.417,8.25,1.458,16.708
2018-08-16,3.625,4.833,1.208,8.458,1.292,19.708
2018-08-17,1.333,1.375,0.042,7.958,0.25,23.375
2018-08-18,4.833,5.458,0.625,10.292,0.917,20.5
2018-08-19,2.391,2.739,0.348,11.565,0.609,21.522
2018-08-20,5.083,5.458,0.375,18.042,1.542,31.333
2018-08-21,6.5,8.042,1.542,14.417,2.5,25.958
2018-08-22,5.0,6.875,1.875,10.375,1.833,25.125
2018-08-23,2.417,3.208,0.792,9.375,0.75,21.292
2018-08-24,2.083,2.417,0.333,16.125,0.333,37.792
2018-08-25,2.667,3.583,0.917,10.542,0.333,26.375
2018-08-26,3.042,4.125,1.083,9.75,1.25,22.042
2018-08-27,2.5,3.75,1.25,7.708,0.667,20.083
2018-08-28,2.292,3.417,1.125,5.583,0.333,13.792
2018-08-29,3.042,4.292,1.25,10.75,1.75,20.708
2018-08-30,1.833,2.917,1.083,5.083,0.458,15.125
2018-08-31,1.75,2.792,1.042,5.542,0.125,15.833
2018-09-01,4.0,4.727,0.727,6.208,0.318,19.75
2018-09-02,4.958,5.208,0.25,6.833,0.708,14.625
2018-09-03,3.0,3.542,0.542,14.458,1.458,26.125
2018-09-04,4.583,5.792,1.208,12.792,1.458,25.25
2018-09-05,2.208,2.208,0.0,8.292,0.875,15.875
2018-09-06,3.125,3.167,0.042,12.583,0.792,22.25
2018-09-07,2.5,2.5,0.0,12.042,0.417,25.208
2018-09-08,4.042,4.25,0.208,11.792,0.75,22.667
2018-09-09,4.5,4.5,0.0,5.708,1.0,11.833
2018-09-10,1.5,1.5,0.0,6.292,0.208,13.917
2018-09-11,2.125,2.125,0.0,6.792,0.667,14.292
2018-09-12,6.708,6.833,0.125,11.792,2.125,19.75
2018-09-13,7.208,7.542,0.333,11.417,1.333,19.833
2018-09-14,4.0,4.875,0.875,9.0,0.625,19.208
2018-09-15,2.292,2.75,0.458,6.208,0.292,15.083
2018-09-16,1.875,1.875,0.0,7.875,0.5,15.167
2018-09-17,2.875,2.875,0.0,16.542,1.0,29.208
2018-09-18,3.652,3.696,0.043,20.909,0.826,34.864
2018-09-19,4.292,4.375,0.083,14.292,1.0,26.25
2018-09-20,2.875,3.083,0.208,8.0,0.5,18.0
2018-09-21,2.75,2.833,0.083,7.417,0.5,18.458
2018-09-22,2.708,2.708,0.0,9.417,0.75,19.125
2018-09-23,3.667,3.667,0.0,20.792,1.083,34.042
2018-09-24,2.875,2.875,0.0,14.75,1.042,21.333
2018-09-25,1.875,1.875,0.0,8.917,0.625,15.167
2018-09-26,3.292,3.292,0.0,8.792,0.917,14.5
2018-09-27,1.542,1.542,0.0,6.0,0.458,11.625
2018-09-28,5.783,6.087,0.304,8.25,1.25,15.042
2018-09-29,3.333,3.333,0.0,4.208,0.542,11.708
2018-09-30,1.792,1.792,0.0,5.958,0.458,15.708
2018-10-01,2.25,2.25,0.0,10.042,0.75,15.625
2018-10-02,3.522,3.522,0.0,12.875,0.565,15.783
2018-10-03,3.458,3.458,0.0,10.125,0.792,15.792
2018-10-04,8.125,8.417,0.292,15.083,1.833,23.417
2018-10-05,8.792,10.583,1.792,10.417,1.5,20.875
2018-10-06,1.833,1.833,0.0,14.167,0.5,32.125
2018-10-07,3.125,3.167,0.042,8.417,0.792,15.167
2018-10-08,2.417,2.417,0.0,12.875,0.5,21.667
2018-10-09,2.667,2.667,0.0,10.833,0.75,18.333
2018-10-10,3.458,3.458,0.0,16.583,0.875,22.875
2018-10-11,3.5,3.5,0.0,9.75,0.75,11.333
2018-10-12,3.708,3.708,0.0,10.083,0.667,13.5
2018-10-13,3.083,3.083,0.0,8.292,0.708,13.667
2018-10-14,2.958,2.958,0.0,6.75,0.375,10.292
2018-10-15,4.625,4.625,0.0,15.083,0.708,19.25
2018-10-16,3.409,3.409,0.0,15.609,0.409,20.083
2018-10-17,3.958,3.958,0.0,15.208,0.292,19.125
2018-10-18,4.292,4.292,0.0,20.125,0.75,26.042
2018-10-19,2.083,2.083,0.0,7.792,0.458,13.375
2018-10-20,1.417,1.417,0.0,6.583,0.292,10.5
2018-10-21,2.208,2.208,0.0,6.833,0.417,10.792
2018-10-22,5.125,5.208,0.083,22.0,3.583,32.875
2018-10-23,4.375,4.5,0.125,11.333,0.5,18.625
2018-10-24,5.417,5.5,0.083,20.625,0.625,29.0
2018-10-25,4.25,4.375,0.125,15.083,0.583,24.75
2018-10-26,3.375,3.375,0.0,15.208,0.5,27.458
2018-10-27,1.625,1.625,0.0,10.333,0.458,16.25
2018-10-28,1.583,1.583,0.0,8.667,0.667,15.333
2018-10-29,2.542,2.542,0.0,11.083,1.333,17.25
2018-10-30,2.083,2.083,0.0,8.5,0.917,11.833
2018-10-31,5.625,5.75,0.125,11.542,0.917,13.75
2018-11-01,6.75,7.083,0.333,13.167,0.833,18.083
2018-11-02,6.125,6.167,0.042,7.917,0.583,12.875
2018-11-03,5.208,5.208,0.0,7.833,0.792,12.833
2018-11-04,5.958,6.0,0.042,13.792,0.958,20.75
2018-11-05,4.0,4.083,0.083,7.333,0.583,12.292
2018-11-06,2.826,4.609,1.783,7.083,0.478,11.833
2018-11-07,5.708,5.833,0.125,10.875,1.083,15.125
2018-11-08,3.958,3.958,0.0,17.917,1.125,27.125
2018-11-09,3.0,3.0,0.0,10.458,0.5,13.792
2018-11-10,6.583,6.667,0.083,22.417,0.792,30.292
2018-11-11,4.625,4.625,0.0,19.083,1.167,28.208
2018-11-12,7.125,7.292,0.167,16.167,1.292,21.917
2018-11-13,1.917,1.917,0.0,7.125,0.167,11.875
2018-11-14,3.0,3.042,0.042,6.792,0.417,10.5
2018-11-15,3.0,3.0,0.0,4.792,0.75,8.75
2018-11-16,6.5,6.917,0.417,10.792,1.083,15.25
2018-11-17,5.083,5.167,0.083,20.0,0.625,25.667
2018-11-18,5.167,5.167,0.0,11.875,0.625,16.042
2018-11-19,4.652,4.957,0.304,11.565,0.609,14.652
2018-11-20,5.458,5.5,0.042,15.917,1.0,18.75
2018-11-21,6.792,7.0,0.208,14.625,0.833,19.958
2018-11-22,4.125,4.167,0.042,9.792,0.583,14.542
2018-11-23,4.0,4.0,0.0,11.167,0.708,13.667
2018-11-24,3.833,3.833,0.0,7.375,0.458,16.875
2018-11-25,3.667,3.667,0.0,33.583,0.833,42.958
2018-11-26,9.125,10.0,0.875,24.417,1.042,34.167
2018-11-27,5.292,5.333,0.042,14.917,0.625,22.417
2018-11-28,2.958,2.958,0.0,25.792,0.667,40.571
2018-11-29,4.292,4.375,0.083,10.458,0.25,16.083
2018-11-30,5.5,5.75,0.25,25.917,1.375,46.708
2018-12-01,5.042,5.042,0.0,30.792,1.542,48.25
2018-12-02,6.625,6.708,0.083,29.875,1.75,53.083
2018-12-03,2.958,3.167,0.208,9.917,0.542,20.917
2018-12-04,4.458,5.0,0.542,6.792,0.417,15.833
2018-12-05,3.783,3.87,0.087,14.792,0.739,26.5
2018-12-06,3.25,3.292,0.042,10.167,0.333,25.208
2018-12-07,3.792,4.0,0.208,11.75,0.667,16.167
2018-12-08,1.833,1.833,0.0,6.25,0.708,7.0
2018-12-09,2.583,2.583,0.0,7.625,0.708,10.208
2018-12-10,6.083,6.667,0.583,5.042,0.542,12.333
2018-12-11,8.0,8.333,0.333,6.208,1.208,12.542
2018-12-12,5.75,5.75,0.0,12.542,0.75,14.583
2018-12-13,3.583,3.583,0.0,12.75,1.042,17.208
2018-12-14,5.667,5.917,0.25,12.583,0.958,12.917
2018-12-15,6.375,7.125,0.75,9.875,0.583,12.042
2018-12-16,3.75,3.75,0.0,7.083,1.0,13.042
2018-12-17,3.042,3.042,0.0,22.167,1.25,30.125
2018-12-18,2.208,2.25,0.042,10.458,0.917,14.625
2018-12-19,3.391,3.391,0.0,22.609,1.652,31.652
2018-12-20,3.542,3.542,0.0,11.917,0.542,21.708
2018-12-21,10.208,10.708,0.5,12.625,1.5,22.25
2018-12-22,5.042,5.125,0.083,14.958,0.833,24.417
2018-12-23,3.417,3.417,0.0,12.167,0.542,16.458
2018-12-24,4.833,4.917,0.083,8.458,0.875,11.333
2018-12-25,6.583,7.167,0.583,7.458,1.25,12.083
2018-12-26,4.583,4.667,0.083,15.542,1.083,20.417
2018-12-27,4.042,4.125,0.083,6.542,0.708,8.542
2018-12-28,2.333,2.333,0.0,6.333,0.875,8.75
2018-12-29,2.208,2.208,0.0,5.375,0.458,8.125
2018-12-30,2.667,2.667,0.0,8.208,0.667,11.75
2018-12-31,4.542,4.542,0.0,5.625,0.458,11.333
