date,HUM_max,HUM_mean,HUM_min,NO2_mean,NOX_mean,NO_mean,SO2_mean,SPM_mean,TEMP_max,TEMP_mean,TEMP_min
2011-01-01,,,,13.708333333333334,16.416666666666668,2.7083333333333335,4.791666666666667,24.166666666666668,,,
2011-01-02,,,,9.25,11.666666666666666,2.4166666666666665,4.818181818181818,19.333333333333332,,,
2011-01-03,,,,7.75,9.291666666666666,1.5416666666666667,4.5,8.083333333333334,,,
2011-01-04,,,,9.166666666666666,11.041666666666666,1.875,5.833333333333333,16.25,,,
2011-01-05,,,,5.695652173913044,6.956521739130435,1.2608695652173914,4.208333333333333,9.375,,,
2011-01-06,,,,18.041666666666668,26.791666666666668,8.75,5.090909090909091,22.583333333333332,,,
2011-01-07,,,,12.791666666666666,14.958333333333334,2.1666666666666665,5.291666666666667,12.041666666666666,,,
2011-01-08,,,,14.791666666666666,23.041666666666668,8.25,5.125,10.375,,,
2011-01-09,,,,11.333333333333334,14.125,2.7916666666666665,4.7727272727272725,14.958333333333334,,,
2011-01-10,,,,14.904761904761905,18.19047619047619,3.2857142857142856,5.416666666666667,11.916666666666666,,,
2011-01-11,,,,9.166666666666666,12.166666666666666,3.0,5.375,12.75,,,
2011-01-12,,,,15.875,25.208333333333332,9.333333333333334,5.416666666666667,11.708333333333334,,,
2011-01-13,,,,19.347826086956523,26.652173913043477,7.304347826086956,4.958333333333333,20.333333333333332,,,
2011-01-14,,,,13.875,18.291666666666668,4.416666666666667,6.875,12.875,,,
2011-01-15,,,,13.75,16.208333333333332,2.4583333333333335,6.666666666666667,18.166666666666668,,,
2011-01-16,,,,6.375,8.25,1.875,4.954545454545454,13.375,,,
2011-01-17,,,,6.521739130434782,8.26086956521739,1.7391304347826086,4.583333333333333,12.958333333333334,,,
2011-01-18,,,,20.583333333333332,26.25,5.666666666666667,5.583333333333333,19.916666666666668,,,
2011-01-19,,,,10.666666666666666,12.875,2.2083333333333335,5.791666666666667,27.416666666666668,,,
2011-01-20,,,,2.6956521739130435,4.086956521739131,1.391304347826087,4.416666666666667,20.666666666666668,,,
2011-01-21,,,,5.458333333333333,6.916666666666667,1.4583333333333333,4.458333333333333,17.083333333333332,,,
2011-01-22,,,,4.5,5.541666666666667,1.0416666666666667,4.333333333333333,20.958333333333332,,,
2011-01-23,,,,10.125,15.0,4.875,4.545454545454546,13.541666666666666,,,
2011-01-24,,,,13.291666666666666,18.75,5.458333333333333,5.625,11.666666666666666,,,
2011-01-25,,,,13.666666666666666,20.041666666666668,6.375,4.916666666666667,17.333333333333332,,,
2011-01-26,,,,10.125,12.583333333333334,2.4583333333333335,5.166666666666667,13.458333333333334,,,
2011-01-27,,,,12.869565217391305,18.347826086956523,5.478260869565218,5.416666666666667,15.166666666666666,,,
2011-01-28,,,,12.083333333333334,14.208333333333334,2.125,6.166666666666667,17.708333333333332,,,
2011-01-29,,,,9.125,10.791666666666666,1.6666666666666667,8.208333333333334,11.166666666666666,,,
2011-01-30,,,,13.333333333333334,18.166666666666668,4.833333333333333,4.454545454545454,10.458333333333334,,,
2011-01-31,,,,17.166666666666668,21.833333333333332,4.666666666666667,5.083333333333333,16.458333333333332,,,
2011-02-01,,,,10.958333333333334,13.708333333333334,2.75,6.375,19.875,,,
2011-02-02,,,,5.958333333333333,7.666666666666667,1.7083333333333333,5.125,10.916666666666666,,,
2011-02-03,,,,16.217391304347824,23.91304347826087,7.695652173913044,4.826086956521739,12.708333333333334,,,
2011-02-04,,,,23.25,35.375,12.125,5.541666666666667,25.916666666666668,,,
2011-02-05,,,,9.208333333333334,10.833333333333334,1.625,5.958333333333333,14.125,,,
2011-02-06,,,,16.416666666666668,20.375,3.9583333333333335,4.142857142857143,27.416666666666668,,,
2011-02-07,,,,8.5,9.583333333333334,1.0833333333333333,3.75,43.125,,,
2011-02-08,,,,7.333333333333333,8.333333333333334,1.0,4.416666666666667,11.666666666666666,,,
2011-02-09,,,,11.083333333333334,15.0,3.9166666666666665,4.583333333333333,10.875,,,
2011-02-10,,,,13.782608695652174,17.434782608695652,3.652173913043478,4.5,15.833333333333334,,,
2011-02-11,,,,11.75,13.625,1.875,5.333333333333333,15.958333333333334,,,
2011-02-12,,,,8.958333333333334,10.083333333333334,1.125,4.791666666666667,14.833333333333334,,,
2011-02-13,,,,15.916666666666666,19.916666666666668,4.0,4.869565217391305,16.458333333333332,,,
2011-02-14,,,,7.625,8.583333333333334,0.9583333333333334,4.333333333333333,18.333333333333332,,,
2011-02-15,,,,12.208333333333334,14.875,2.6666666666666665,5.083333333333333,31.833333333333332,,,
2011-02-16,,,,6.625,7.791666666666667,1.1666666666666667,4.541666666666667,13.416666666666666,,,
2011-02-17,,,,8.130434782608695,10.652173913043478,2.5217391304347827,5.375,15.833333333333334,,,
2011-02-18,,,,6.0,7.166666666666667,1.1666666666666667,4.625,11.416666666666666,,,
2011-02-19,,,,13.791666666666666,17.916666666666668,4.125,5.666666666666667,12.916666666666666,,,
2011-02-20,,,,23.291666666666668,32.041666666666664,8.75,6.478260869565218,18.227272727272727,,,
2011-02-21,,,,16.125,19.75,3.625,5.541666666666667,20.166666666666668,,,
2011-02-22,,,,6.625,7.458333333333333,0.8333333333333334,6.291666666666667,23.0,,,
2011-02-23,,,,18.958333333333332,22.291666666666668,3.3333333333333335,4.818181818181818,36.083333333333336,,,
2011-02-24,,,,15.304347826086957,17.08695652173913,1.7826086956521738,6.416666666666667,38.875,,,
2011-02-25,,,,5.666666666666667,5.791666666666667,0.125,4.583333333333333,24.041666666666668,,,
2011-02-26,,,,4.0,4.25,0.25,4.625,13.208333333333334,,,
2011-02-27,,,,7.708333333333333,8.916666666666666,1.2083333333333333,5.125,14.541666666666666,,,
2011-02-28,,,,6.708333333333333,7.708333333333333,1.0,4.25,11.125,,,
2011-03-01,,,,8.0,8.791666666666666,0.7916666666666666,3.7083333333333335,18.291666666666668,,,
2011-03-02,,,,6.043478260869565,6.608695652173913,0.5652173913043478,4.041666666666667,18.375,,,
2011-03-03,,,,3.7083333333333335,4.166666666666667,0.4583333333333333,4.375,22.916666666666668,,,
2011-03-04,,,,3.375,3.75,0.375,4.125,16.708333333333332,,,
2011-03-05,,,,10.041666666666666,10.916666666666666,0.875,3.7083333333333335,24.333333333333332,,,
2011-03-06,,,,14.458333333333334,16.708333333333332,2.25,4.208333333333333,25.181818181818183,,,
2011-03-07,,,,9.458333333333334,10.333333333333334,0.875,4.416666666666667,24.666666666666668,,,
2011-03-08,,,,4.666666666666667,5.125,0.4583333333333333,4.416666666666667,23.541666666666668,,,
2011-03-09,,,,4.260869565217392,4.739130434782608,0.4782608695652174,3.7083333333333335,27.333333333333332,,,
2011-03-10,,,,2.5833333333333335,3.0,0.4166666666666667,3.6666666666666665,18.0,,,
2011-03-11,,,,4.458333333333333,5.0,0.5416666666666666,4.0,14.791666666666666,,,
2011-03-12,,,,5.833333333333333,6.583333333333333,0.75,4.125,10.916666666666666,,,
2011-03-13,,,,8.791666666666666,10.791666666666666,2.0,4.708333333333333,12.291666666666666,,,
2011-03-14,,,,13.041666666666666,18.458333333333332,5.416666666666667,4.041666666666667,11.583333333333334,,,
2011-03-15,,,,11.041666666666666,13.5,2.4583333333333335,4.833333333333333,21.541666666666668,,,
2011-03-16,,,,10.130434782608695,11.173913043478262,1.0434782608695652,3.8333333333333335,22.083333333333332,,,
2011-03-17,,,,1.375,1.375,0.0,3.9166666666666665,33.166666666666664,,,
2011-03-18,,,,9.75,10.5,0.75,4.125,30.25,,,
2011-03-19,,,,6.083333333333333,6.833333333333333,0.75,4.166666666666667,16.5,,,
2011-03-20,,,,5.375,5.833333333333333,0.4583333333333333,4.083333333333333,15.666666666666666,,,
2011-03-21,,,,6.458333333333333,7.25,0.7916666666666666,4.5,15.083333333333334,,,
2011-03-22,,,,26.708333333333332,31.208333333333332,4.5,5.454545454545454,32.208333333333336,,,
2011-03-23,,,,12.043478260869565,12.869565217391305,0.8260869565217391,5.041666666666667,37.041666666666664,,,
2011-03-24,,,,8.958333333333334,9.791666666666666,0.8333333333333334,4.0,16.208333333333332,,,
2011-03-25,,,,9.458333333333334,10.666666666666666,1.2083333333333333,4.666666666666667,16.625,,,
2011-03-26,,,,13.625,15.208333333333334,1.5833333333333333,4.833333333333333,12.875,,,
2011-03-27,,,,9.875,11.25,1.375,5.083333333333333,17.166666666666668,,,
2011-03-28,,,,11.625,12.833333333333334,1.2083333333333333,5.833333333333333,27.75,,,
2011-03-29,,,,5.083333333333333,5.5,0.4166666666666667,4.5,20.041666666666668,,,
2011-03-30,,,,2.1739130434782608,2.1739130434782608,0.0,4.125,23.333333333333332,,,
2011-03-31,,,,2.0833333333333335,2.0833333333333335,0.0,3.8333333333333335,34.041666666666664,,,
2011-04-01,,,,5.458333333333333,6.291666666666667,0.8333333333333334,3.7083333333333335,22.5,,,
2011-04-02,,,,6.708333333333333,7.375,0.6666666666666666,4.208333333333333,38.25,,,
2011-04-03,,,,3.4166666666666665,4.291666666666667,0.875,3.375,21.583333333333332,,,
2011-04-04,,,,3.625,4.666666666666667,1.0416666666666667,3.2083333333333335,21.041666666666668,,,
2011-04-05,,,,6.416666666666667,7.333333333333333,0.9166666666666666,3.2916666666666665,20.208333333333332,,,
2011-04-06,,,,12.875,14.791666666666666,1.9166666666666667,3.9166666666666665,35.833333333333336,,,
2011-04-07,,,,2.590909090909091,3.0454545454545454,0.45454545454545453,3.4761904761904763,26.333333333333332,,,
2011-04-08,,,,1.8333333333333333,2.25,0.4166666666666667,3.8333333333333335,32.416666666666664,,,
2011-04-09,,,,2.375,2.8333333333333335,0.4583333333333333,3.5416666666666665,38.291666666666664,,,
2011-04-10,,,,4.083333333333333,4.75,0.6666666666666666,3.375,23.458333333333332,,,
2011-04-11,,,,6.217391304347826,7.608695652173913,1.391304347826087,3.5217391304347827,31.75,,,
2011-04-12,,,,5.208333333333333,6.25,1.0416666666666667,3.625,24.333333333333332,,,
2011-04-13,,,,5.416666666666667,6.375,0.9583333333333334,3.8333333333333335,35.041666666666664,,,
2011-04-14,,,,9.833333333333334,10.708333333333334,0.875,4.333333333333333,41.875,,,
2011-04-15,,,,3.2083333333333335,3.875,0.6666666666666666,4.166666666666667,41.666666666666664,,,
2011-04-16,,,,2.2083333333333335,2.875,0.6666666666666666,3.5833333333333335,33.583333333333336,,,
2011-04-17,,,,2.5416666666666665,3.375,0.8333333333333334,3.6666666666666665,20.833333333333332,,,
2011-04-18,,,,8.0,9.173913043478262,1.173913043478261,3.608695652173913,22.458333333333332,,,
2011-04-19,,,,4.541666666666667,5.583333333333333,1.0416666666666667,3.7083333333333335,25.625,,,
2011-04-20,,,,4.625,6.125,1.5,3.6666666666666665,12.291666666666666,,,
2011-04-21,,,,5.291666666666667,6.708333333333333,1.4166666666666667,3.5,16.458333333333332,,,
2011-04-22,,,,4.0,5.25,1.25,3.625,30.25,,,
2011-04-23,,,,1.0416666666666667,2.0416666666666665,1.0,3.625,33.416666666666664,,,
2011-04-24,,,,2.4166666666666665,3.4166666666666665,1.0,3.2916666666666665,24.041666666666668,,,
2011-04-25,,,,7.130434782608695,7.6521739130434785,0.5217391304347826,3.5217391304347827,21.958333333333332,,,
2011-04-26,,,,7.25,8.166666666666666,0.9166666666666666,3.9583333333333335,27.416666666666668,,,
2011-04-27,,,,2.2083333333333335,2.5833333333333335,0.375,4.458333333333333,57.25,,,
2011-04-28,,,,2.8333333333333335,3.2083333333333335,0.375,3.5416666666666665,38.958333333333336,,,
2011-04-29,,,,5.125,6.208333333333333,1.0833333333333333,3.4166666666666665,20.208333333333332,,,
2011-04-30,,,,3.9166666666666665,4.458333333333333,0.5416666666666666,3.6666666666666665,27.0,,,
2011-05-01,,,,1.625,1.8333333333333333,0.20833333333333334,3.5416666666666665,41.041666666666664,,,
2011-05-02,,,,8.565217391304348,9.826086956521738,1.2608695652173914,3.6956521739130435,71.875,,,
2011-05-03,,,,4.833333333333333,5.625,0.7916666666666666,4.0,50.5,,,
2011-05-04,,,,3.0,3.75,0.75,3.4583333333333335,30.125,,,
2011-05-05,,,,7.416666666666667,8.833333333333334,1.4166666666666667,3.9583333333333335,27.833333333333332,,,
2011-05-06,,,,5.333333333333333,6.416666666666667,1.0833333333333333,3.3333333333333335,26.083333333333332,,,
2011-05-07,,,,5.0,5.833333333333333,0.8333333333333334,3.5,28.083333333333332,,,
2011-05-08,,,,5.541666666666667,6.375,0.8333333333333334,3.6666666666666665,34.75,,,
2011-05-09,,,,8.304347826086957,8.869565217391305,0.5652173913043478,4.0,26.75,,,
2011-05-10,,,,7.958333333333333,8.791666666666666,0.8333333333333334,3.7083333333333335,48.416666666666664,,,
2011-05-11,,,,8.666666666666666,9.041666666666666,0.375,3.75,18.416666666666668,,,
2011-05-12,,,,8.791666666666666,9.583333333333334,0.7916666666666666,3.2916666666666665,14.291666666666666,,,
2011-05-13,,,,7.916666666666667,8.833333333333334,0.9166666666666666,3.5416666666666665,25.47826086956522,,,
2011-05-14,,,,5.708333333333333,6.041666666666667,0.3333333333333333,3.7916666666666665,91.04166666666667,,,
2011-05-15,,,,5.125,5.5,0.375,3.625,26.416666666666668,,,
2011-05-16,,,,4.608695652173913,5.086956521739131,0.4782608695652174,3.739130434782609,33.833333333333336,,,
2011-05-17,,,,3.2916666666666665,3.75,0.4583333333333333,3.6666666666666665,22.125,,,
2011-05-18,,,,7.166666666666667,7.833333333333333,0.6666666666666666,4.0,31.958333333333332,,,
2011-05-19,,,,5.5,6.0,0.5,4.625,39.875,,,
2011-05-20,,,,2.625,3.0416666666666665,0.4166666666666667,3.7083333333333335,39.208333333333336,,,
2011-05-21,,,,1.875,2.375,0.5,4.0,24.583333333333332,,,
2011-05-22,,,,2.375,2.7916666666666665,0.4166666666666667,3.4166666666666665,22.125,,,
2011-05-23,,,,5.0,5.608695652173913,0.6086956521739131,3.6956521739130435,13.916666666666666,,,
2011-05-24,,,,5.541666666666667,6.375,0.8333333333333334,3.7916666666666665,16.5,,,
2011-05-25,,,,6.5,7.25,0.75,3.9583333333333335,18.541666666666668,,,
2011-05-26,,,,8.291666666666666,9.166666666666666,0.875,4.0,16.375,,,
2011-05-27,,,,4.166666666666667,4.5,0.3333333333333333,3.875,19.416666666666668,,,
2011-05-28,,,,5.0,5.416666666666667,0.4166666666666667,3.5,11.916666666666666,,,
2011-05-29,,,,3.375,3.7083333333333335,0.3333333333333333,3.9166666666666665,9.5,,,
2011-05-30,,,,1.6956521739130435,2.652173913043478,0.9565217391304348,4.173913043478261,18.833333333333332,,,
2011-05-31,,,,1.75,3.0416666666666665,1.2916666666666667,4.0,33.375,,,
2011-06-01,,,,4.416666666666667,5.875,1.4583333333333333,3.875,35.75,,,
2011-06-02,,,,4.0,5.083333333333333,1.0833333333333333,3.7083333333333335,22.75,,,
2011-06-03,,,,6.541666666666667,7.75,1.2083333333333333,4.041666666666667,21.0,,,
2011-06-04,,,,4.916666666666667,6.25,1.3333333333333333,4.166666666666667,24.791666666666668,,,
2011-06-05,,,,1.9583333333333333,2.9583333333333335,1.0,3.7083333333333335,26.041666666666668,,,
2011-06-06,,,,6.086956521739131,6.608695652173913,0.5217391304347826,4.913043478260869,33.875,,,
2011-06-07,,,,3.6666666666666665,3.6666666666666665,0.0,4.375,33.625,,,
2011-06-08,,,,7.458333333333333,7.833333333333333,0.375,4.875,19.416666666666668,,,
2011-06-09,,,,4.458333333333333,4.958333333333333,0.5,3.7083333333333335,18.125,,,
2011-06-10,,,,4.416666666666667,4.916666666666667,0.5,4.208333333333333,11.75,,,
2011-06-11,,,,6.125,6.333333333333333,0.20833333333333334,4.166666666666667,32.75,,,
2011-06-12,,,,6.583333333333333,6.916666666666667,0.3333333333333333,4.541666666666667,34.458333333333336,,,
2011-06-13,,,,5.695652173913044,5.869565217391305,0.17391304347826086,3.8260869565217392,20.666666666666668,,,
2011-06-14,,,,10.652173913043478,11.130434782608695,0.4782608695652174,4.521739130434782,19.82608695652174,,,
2011-06-15,,,,4.545454545454546,5.090909090909091,0.5454545454545454,3.9,12.26086956521739,,,
2011-06-16,,,,2.0,2.3333333333333335,0.3333333333333333,1.0833333333333333,15.166666666666666,,,
2011-06-17,,,,5.608695652173913,6.173913043478261,0.5652173913043478,1.0869565217391304,19.0,,,
2011-06-18,,,,5.583333333333333,5.791666666666667,0.20833333333333334,1.1666666666666667,12.0,,,
2011-06-19,,,,4.791666666666667,5.375,0.5833333333333334,1.125,10.166666666666666,,,
2011-06-20,,,,5.958333333333333,6.5,0.5416666666666666,1.9166666666666667,11.791666666666666,,,
2011-06-21,,,,3.2083333333333335,3.8333333333333335,0.625,1.125,17.5,,,
2011-06-22,,,,9.875,12.916666666666666,3.0416666666666665,1.6666666666666667,29.125,,,
2011-06-23,,,,4.5,5.708333333333333,1.2083333333333333,1.3043478260869565,29.083333333333332,,,
2011-06-24,,,,1.8695652173913044,2.739130434782609,0.8695652173913043,1.2608695652173914,23.583333333333332,,,
2011-06-25,,,,4.625,5.5,0.875,1.625,15.75,,,
2011-06-26,,,,3.6666666666666665,4.208333333333333,0.5416666666666666,1.3333333333333333,11.791666666666666,,,
2011-06-27,,,,6.333333333333333,8.166666666666666,1.8333333333333333,1.6666666666666667,17.125,,,
2011-06-28,,,,8.958333333333334,10.708333333333334,1.75,2.625,31.125,,,
2011-06-29,,,,8.25,9.041666666666666,0.7916666666666666,2.0416666666666665,19.73913043478261,,,
2011-06-30,,,,6.666666666666667,8.708333333333334,2.0416666666666665,1.5,14.8,,,
2011-07-01,,,,12.217391304347826,13.91304347826087,1.6956521739130435,2.5217391304347827,16.916666666666668,,,
2011-07-02,,,,6.208333333333333,7.458333333333333,1.25,2.125,8.791666666666666,,,
2011-07-03,,,,4.083333333333333,4.458333333333333,0.375,1.7916666666666667,12.5,,,
2011-07-04,,,,2.1666666666666665,2.4583333333333335,0.2916666666666667,1.75,24.416666666666668,,,
2011-07-05,,,,3.5,3.9166666666666665,0.4166666666666667,1.5,20.791666666666668,,,
2011-07-06,,,,9.041666666666666,10.208333333333334,1.1666666666666667,2.625,12.875,,,
2011-07-07,,,,4.083333333333333,4.541666666666667,0.4583333333333333,1.7083333333333333,14.375,,,
2011-07-08,,,,5.173913043478261,5.304347826086956,0.13043478260869565,1.608695652173913,11.416666666666666,,,
2011-07-09,,,,3.4166666666666665,3.4166666666666665,0.0,1.75,8.833333333333334,,,
2011-07-10,,,,4.25,4.5,0.25,1.75,6.291666666666667,,,
2011-07-11,,,,3.2083333333333335,3.5833333333333335,0.375,1.875,6.625,,,
2011-07-12,,,,3.2083333333333335,3.3333333333333335,0.125,1.875,6.875,,,
2011-07-13,,,,3.5416666666666665,3.5416666666666665,0.0,2.3333333333333335,6.958333333333333,,,
2011-07-14,,,,5.083333333333333,5.083333333333333,0.0,2.5833333333333335,7.333333333333333,,,
2011-07-15,,,,5.782608695652174,9.043478260869565,3.260869565217391,2.4782608695652173,9.458333333333334,,,
2011-07-16,,,,4.416666666666667,5.458333333333333,1.0416666666666667,2.125,13.5,,,
2011-07-17,,,,3.4166666666666665,6.458333333333333,3.0416666666666665,2.0416666666666665,15.166666666666666,,,
2011-07-18,,,,0.7083333333333334,1.5,0.7916666666666666,1.6666666666666667,30.541666666666668,,,
2011-07-19,,,,1.5833333333333333,3.2916666666666665,1.7083333333333333,1.2916666666666667,22.375,,,
2011-07-20,,,,1.2916666666666667,2.0833333333333335,0.7916666666666666,1.3333333333333333,26.875,,,
2011-07-21,,,,0.9166666666666666,1.6666666666666667,0.75,1.625,15.25,,,
2011-07-22,,,,2.4347826086956523,3.130434782608696,0.6956521739130435,1.5217391304347827,9.375,,,
2011-07-23,,,,2.2083333333333335,2.875,0.6666666666666666,1.75,14.125,,,
2011-07-24,,,,4.25,4.833333333333333,0.5833333333333334,1.7916666666666667,12.666666666666666,,,
2011-07-25,,,,6.041666666666667,6.916666666666667,0.875,2.5833333333333335,10.25,,,
2011-07-26,,,,3.6666666666666665,4.041666666666667,0.375,1.6666666666666667,11.958333333333334,,,
2011-07-27,,,,4.708333333333333,5.625,0.9166666666666666,1.5,10.541666666666666,,,
2011-07-28,,,,10.666666666666666,11.875,1.2083333333333333,1.9565217391304348,12.73913043478261,,,
2011-07-29,,,,6.8,7.1,0.3,1.7391304347826086,9.458333333333334,,,
2011-07-30,,,,7.083333333333333,7.5,0.4166666666666667,2.2916666666666665,13.041666666666666,,,
2011-07-31,,,,2.8333333333333335,3.0833333333333335,0.25,1.9166666666666667,14.083333333333334,,,
2011-08-01,,,,4.458333333333333,5.083333333333333,0.625,2.0416666666666665,14.0,,,
2011-08-02,,,,6.916666666666667,7.833333333333333,0.9166666666666666,2.2083333333333335,12.583333333333334,,,
2011-08-03,,,,8.5,10.75,2.25,2.5,11.583333333333334,,,
2011-08-04,,,,4.625,7.041666666666667,2.4166666666666665,2.0,14.5,,,
2011-08-05,,,,3.391304347826087,4.434782608695652,1.0434782608695652,1.826086956521739,9.166666666666666,,,
2011-08-06,,,,4.125,5.416666666666667,1.2916666666666667,2.1666666666666665,11.833333333333334,,,
2011-08-07,,,,3.9166666666666665,5.375,1.4583333333333333,2.5833333333333335,13.375,,,
2011-08-08,,,,3.875,5.083333333333333,1.2083333333333333,2.7083333333333335,17.583333333333332,,,
2011-08-09,,,,4.541666666666667,5.833333333333333,1.2916666666666667,2.4583333333333335,14.0,,,
2011-08-10,,,,2.0416666666666665,2.5416666666666665,0.5,1.8333333333333333,17.5,,,
2011-08-11,,,,3.7083333333333335,4.166666666666667,0.4583333333333333,2.2083333333333335,21.916666666666668,,,
2011-08-12,,,,4.913043478260869,5.391304347826087,0.4782608695652174,2.4782608695652173,23.833333333333332,,,
2011-08-13,,,,3.5833333333333335,4.291666666666667,0.7083333333333334,2.2916666666666665,19.0,,,
2011-08-14,,,,3.0416666666666665,4.208333333333333,1.1666666666666667,2.9166666666666665,18.583333333333332,,,
2011-08-15,,,,0.875,1.4583333333333333,0.5833333333333334,1.9583333333333333,19.875,,,
2011-08-16,,,,2.2916666666666665,2.875,0.5833333333333334,2.2916666666666665,22.0,,,
2011-08-17,,,,3.5833333333333335,4.208333333333333,0.625,2.625,26.833333333333332,,,
2011-08-18,,,,2.0416666666666665,2.7916666666666665,0.75,1.9166666666666667,29.583333333333332,,,
2011-08-19,,,,3.608695652173913,3.6956521739130435,0.08695652173913043,1.826086956521739,18.375,,,
2011-08-20,,,,3.75,3.9166666666666665,0.16666666666666666,2.125,9.583333333333334,,,
2011-08-21,,,,2.0833333333333335,2.0833333333333335,0.0,1.75,9.625,,,
2011-08-22,,,,4.958333333333333,5.041666666666667,0.08333333333333333,1.875,11.083333333333334,,,
2011-08-23,,,,4.75,5.333333333333333,0.5833333333333334,2.25,11.916666666666666,,,
2011-08-24,,,,3.227272727272727,4.454545454545454,1.2272727272727273,2.227272727272727,11.958333333333334,,,
2011-08-25,,,,2.869565217391304,4.391304347826087,1.5217391304347827,2.0833333333333335,16.041666666666668,,,
2011-08-26,,,,4.375,5.958333333333333,1.5833333333333333,2.75,14.458333333333334,,,
2011-08-27,,,,2.8333333333333335,3.1666666666666665,0.3333333333333333,1.9583333333333333,9.625,,,
2011-08-28,,,,2.7916666666666665,3.0833333333333335,0.2916666666666667,2.2083333333333335,9.291666666666666,,,
2011-08-29,,,,3.25,3.6666666666666665,0.4166666666666667,2.25,12.25,,,
2011-08-30,,,,2.7083333333333335,3.3333333333333335,0.625,1.9583333333333333,11.791666666666666,,,
2011-08-31,,,,3.6666666666666665,5.208333333333333,1.5416666666666667,2.2916666666666665,14.416666666666666,,,
2011-09-01,,,,1.6521739130434783,3.0,1.3478260869565217,1.9166666666666667,20.833333333333332,,,
2011-09-02,,,,0.8333333333333334,2.125,1.2916666666666667,1.8333333333333333,26.708333333333332,,,
2011-09-03,,,,1.5,3.0,1.5,1.7083333333333333,31.791666666666668,,,
2011-09-04,,,,1.25,2.1666666666666665,0.9166666666666666,1.7916666666666667,21.041666666666668,,,
2011-09-05,,,,7.458333333333333,9.208333333333334,1.75,2.5,18.083333333333332,,,
2011-09-06,,,,6.0,6.958333333333333,0.9583333333333334,3.1666666666666665,12.0,,,
2011-09-07,,,,6.458333333333333,6.958333333333333,0.5,3.2083333333333335,13.458333333333334,,,
2011-09-08,,,,3.9130434782608696,4.043478260869565,0.13043478260869565,2.739130434782609,13.625,,,
2011-09-09,,,,1.9583333333333333,2.5833333333333335,0.625,2.3333333333333335,9.333333333333334,,,
2011-09-10,,,,2.625,4.166666666666667,1.5416666666666667,2.4583333333333335,9.541666666666666,,,
2011-09-11,,,,3.75,4.125,0.375,2.4583333333333335,12.958333333333334,,,
2011-09-12,,,,4.125,5.5,1.375,2.5416666666666665,10.625,,,
2011-09-13,,,,1.2083333333333333,1.875,0.6666666666666666,2.9130434782608696,9.583333333333334,,,
2011-09-14,,,,1.5416666666666667,2.375,0.8333333333333334,3.5416666666666665,7.875,,,
2011-09-15,,,,4.260869565217392,9.826086956521738,5.565217391304348,2.5,7.083333333333333,,,
2011-09-16,,,,3.2916666666666665,3.7083333333333335,0.4166666666666667,2.25,8.625,,,
2011-09-17,,,,2.5833333333333335,3.0833333333333335,0.5,2.2916666666666665,12.916666666666666,,,
2011-09-18,,,,2.8333333333333335,3.2083333333333335,0.375,2.5833333333333335,14.416666666666666,,,
2011-09-19,,,,3.3333333333333335,4.041666666666667,0.7083333333333334,2.347826086956522,15.227272727272727,,,
2011-09-20,,,,3.7083333333333335,3.9583333333333335,0.25,2.130434782608696,10.625,,,
2011-09-21,,,,1.625,2.2083333333333335,0.5833333333333334,2.125,30.583333333333332,,,
2011-09-22,,,,1.7142857142857142,2.9047619047619047,1.1904761904761905,2.5454545454545454,14.25,,,
2011-09-23,,,,3.7916666666666665,4.958333333333333,1.1666666666666667,2.4166666666666665,9.041666666666666,,,
2011-09-24,,,,4.916666666666667,6.333333333333333,1.4166666666666667,2.4583333333333335,7.625,,,
2011-09-25,,,,3.2083333333333335,4.25,1.0416666666666667,2.4583333333333335,5.916666666666667,,,
2011-09-26,,,,3.5,4.666666666666667,1.1666666666666667,2.4583333333333335,6.791666666666667,,,
2011-09-27,,,,3.25,4.5,1.25,2.25,10.375,,,
2011-09-28,,,,2.5,3.5,1.0,2.5416666666666665,12.416666666666666,,,
2011-09-29,,,,5.608695652173913,7.478260869565218,1.8695652173913044,2.4583333333333335,11.375,,,
2011-09-30,,,,4.25,5.333333333333333,1.0833333333333333,2.25,18.416666666666668,,,
2011-10-01,,,,3.9166666666666665,4.916666666666667,1.0,2.5833333333333335,10.208333333333334,,,
2011-10-02,,,,2.5416666666666665,3.5416666666666665,1.0,2.5416666666666665,7.208333333333333,,,
2011-10-03,,,,6.833333333333333,8.625,1.7916666666666667,2.7083333333333335,7.5,,,
2011-10-04,,,,5.25,6.5,1.25,2.6666666666666665,6.75,,,
2011-10-05,,,,3.5416666666666665,4.541666666666667,1.0,2.3333333333333335,8.782608695652174,,,
2011-10-06,,,,6.043478260869565,7.086956521739131,1.0434782608695652,2.25,10.0,,,
2011-10-07,,,,5.375,6.541666666666667,1.1666666666666667,3.0416666666666665,7.791666666666667,,,
2011-10-08,,,,9.208333333333334,10.333333333333334,1.125,3.3333333333333335,13.208333333333334,,,
2011-10-09,,,,6.25,7.25,1.0,3.1666666666666665,13.666666666666666,,,
2011-10-10,,,,4.833333333333333,5.958333333333333,1.125,3.4166666666666665,15.25,,,
2011-10-11,,,,9.875,11.625,1.75,3.625,19.583333333333332,,,
2011-10-12,,,,8.0,9.541666666666666,1.5416666666666667,3.0416666666666665,14.958333333333334,,,
2011-10-13,,,,6.260869565217392,8.608695652173912,2.347826086956522,3.1666666666666665,15.208333333333334,,,
2011-10-14,,,,5.958333333333333,7.916666666666667,1.9583333333333333,4.291666666666667,17.125,,,
2011-10-15,,,,1.125,2.8333333333333335,1.7083333333333333,2.9166666666666665,18.916666666666668,,,
2011-10-16,,,,1.6666666666666667,3.3333333333333335,1.6666666666666667,3.0416666666666665,17.083333333333332,,,
2011-10-17,,,,6.666666666666667,8.791666666666666,2.125,3.5833333333333335,16.833333333333332,,,
2011-10-18,,,,3.9583333333333335,5.958333333333333,2.0,3.125,8.916666666666666,,,
2011-10-19,,,,2.7083333333333335,4.75,2.0416666666666665,3.0833333333333335,9.833333333333334,,,
2011-10-20,,,,3.130434782608696,4.173913043478261,1.0434782608695652,2.608695652173913,12.416666666666666,,,
2011-10-21,,,,4.125,5.125,1.0,2.6666666666666665,9.75,,,
2011-10-22,,,,5.166666666666667,6.208333333333333,1.0416666666666667,2.7083333333333335,9.541666666666666,,,
2011-10-23,,,,4.0,5.416666666666667,1.4166666666666667,3.0416666666666665,13.791666666666666,,,
2011-10-24,,,,7.375,9.375,2.0,2.9565217391304346,13.458333333333334,,,
2011-10-25,,,,4.958333333333333,6.166666666666667,1.2083333333333333,3.4347826086956523,12.458333333333334,,,
2011-10-26,,,,4.291666666666667,5.458333333333333,1.1666666666666667,2.9166666666666665,6.666666666666667,,,
2011-10-27,,,,5.913043478260869,6.608695652173913,0.6956521739130435,3.0,8.75,,,
2011-10-28,,,,5.291666666666667,5.875,0.5833333333333334,2.9166666666666665,7.083333333333333,,,
2011-10-29,,,,4.541666666666667,5.083333333333333,0.5416666666666666,3.0416666666666665,8.375,,,
2011-10-30,,,,2.5833333333333335,2.7083333333333335,0.125,2.8333333333333335,9.916666666666666,,,
2011-10-31,,,,6.458333333333333,7.375,0.9166666666666666,3.3043478260869565,10.708333333333334,,,
2011-11-01,,,,5.916666666666667,6.458333333333333,0.5416666666666666,3.25,8.791666666666666,,,
2011-11-02,,,,9.208333333333334,10.125,0.9166666666666666,2.875,10.208333333333334,,,
2011-11-03,,,,15.73913043478261,17.304347826086957,1.565217391304348,3.5,14.416666666666666,,,
2011-11-04,,,,10.458333333333334,11.541666666666666,1.0833333333333333,3.2083333333333335,16.875,,,
2011-11-05,,,,12.708333333333334,14.583333333333334,1.875,3.625,16.272727272727273,,,
2011-11-06,,,,6.041666666666667,6.458333333333333,0.4166666666666667,3.125,7.5,,,
2011-11-07,,,,4.708333333333333,5.375,0.6666666666666666,3.0,6.375,,,
2011-11-08,,,,4.583333333333333,5.583333333333333,1.0,3.1666666666666665,5.25,,,
2011-11-09,,,,5.833333333333333,6.875,1.0416666666666667,3.125,4.458333333333333,,,
2011-11-10,,,,6.217391304347826,7.521739130434782,1.3043478260869565,3.0833333333333335,4.416666666666667,,,
2011-11-11,,,,6.291666666666667,7.291666666666667,1.0,3.0833333333333335,4.708333333333333,,,
2011-11-12,,,,6.0,6.958333333333333,0.9583333333333334,2.875,4.375,,,
2011-11-13,,,,12.541666666666666,14.875,2.3333333333333335,3.625,5.458333333333333,,,
2011-11-14,,,,8.166666666666666,9.333333333333334,1.1666666666666667,3.739130434782609,6.0,,,
2011-11-15,,,,8.916666666666666,10.333333333333334,1.4166666666666667,3.7916666666666665,4.75,,,
2011-11-16,,,,8.625,10.208333333333334,1.5833333333333333,3.8333333333333335,10.761904761904763,,,
2011-11-17,,,,15.91304347826087,21.565217391304348,5.6521739130434785,3.7083333333333335,11.708333333333334,,,
2011-11-18,,,,12.75,15.458333333333334,2.7083333333333335,3.3333333333333335,27.083333333333332,,,
2011-11-19,,,,1.125,2.125,1.0,3.0,45.666666666666664,,,
2011-11-20,,,,2.2,3.0,0.8,3.0,42.4,,,
2011-11-21,,,,5.375,6.5,1.125,4.125,,,,
2011-11-22,,,,12.875,20.916666666666668,8.041666666666666,4.041666666666667,,,,
2011-11-23,,,,11.0,13.125,2.125,3.9166666666666665,,,,
2011-11-24,,,,7.478260869565218,8.652173913043478,1.173913043478261,4.291666666666667,,,,
2011-11-25,,,,9.375,11.166666666666666,1.7916666666666667,3.5833333333333335,,,,
2011-11-26,,,,11.083333333333334,12.583333333333334,1.5,4.416666666666667,,,,
2011-11-27,,,,14.125,15.958333333333334,1.8333333333333333,4.958333333333333,,,,
2011-11-28,,,,25.666666666666668,37.416666666666664,11.75,4.478260869565218,,,,
2011-11-29,,,,30.833333333333332,44.5,13.666666666666666,5.166666666666667,,,,
2011-11-30,,,,11.333333333333334,14.333333333333334,3.0,4.375,,,,
2011-12-01,,,,3.0434782608695654,4.521739130434782,1.4782608695652173,3.8333333333333335,,,,
2011-12-02,,,,2.375,3.6666666666666665,1.2916666666666667,3.8333333333333335,,,,
2011-12-03,,,,6.333333333333333,8.208333333333334,1.875,4.125,,,,
2011-12-04,,,,6.291666666666667,8.166666666666666,1.875,4.166666666666667,,,,
2011-12-05,,,,9.916666666666666,12.5,2.5833333333333335,4.434782608695652,,,,
2011-12-06,,,,4.958333333333333,6.375,1.4166666666666667,4.208333333333333,16.0,,,
2011-12-07,,,,11.625,14.333333333333334,2.7083333333333335,4.375,15.416666666666666,,,
2011-12-08,,,,6.695652173913044,7.913043478260869,1.2173913043478262,4.875,15.25,,,
2011-12-09,,,,8.791666666666666,10.333333333333334,1.5416666666666667,4.666666666666667,11.416666666666666,,,
2011-12-10,,,,10.625,20.75,10.125,4.291666666666667,8.666666666666666,,,
2011-12-11,,,,14.666666666666666,21.25,6.583333333333333,4.666666666666667,14.625,,,
2011-12-12,,,,20.875,38.625,17.75,4.565217391304348,21.416666666666668,,,
2011-12-13,,,,9.958333333333334,11.708333333333334,1.75,4.541666666666667,19.333333333333332,,,
2011-12-14,,,,11.458333333333334,13.708333333333334,2.25,4.416666666666667,,,,
2011-12-15,,,,21.695652173913043,33.130434782608695,11.434782608695652,5.0,38.357142857142854,,,
2011-12-16,,,,6.166666666666667,7.75,1.5833333333333333,4.666666666666667,12.333333333333334,,,
2011-12-17,,,,9.791666666666666,12.125,2.3333333333333335,4.5,8.583333333333334,,,
2011-12-18,,,,9.708333333333334,11.916666666666666,2.2083333333333335,4.833333333333333,13.666666666666666,,,
2011-12-19,,,,12.25,21.708333333333332,9.458333333333334,5.608695652173913,11.541666666666666,,,
2011-12-20,,,,16.541666666666668,24.75,8.208333333333334,6.291666666666667,14.25,,,
2011-12-21,,,,16.041666666666668,19.875,3.8333333333333335,4.833333333333333,13.625,,,
2011-12-22,,,,22.391304347826086,34.78260869565217,12.391304347826088,4.791666666666667,43.958333333333336,,,
2011-12-23,,,,16.541666666666668,21.208333333333332,4.666666666666667,6.25,20.583333333333332,,,
2011-12-24,,,,12.583333333333334,19.333333333333332,6.75,4.833333333333333,9.833333333333334,,,
2011-12-25,,,,10.291666666666666,11.916666666666666,1.625,5.25,12.583333333333334,,,
2011-12-26,,,,7.541666666666667,9.208333333333334,1.6666666666666667,4.565217391304348,7.625,,,
2011-12-27,,,,8.375,10.333333333333334,1.9583333333333333,4.291666666666667,7.3478260869565215,,,
2011-12-28,,,,7.875,9.833333333333334,1.9583333333333333,4.916666666666667,8.916666666666666,,,
2011-12-29,,,,12.782608695652174,16.956521739130434,4.173913043478261,5.125,20.833333333333332,,,
2011-12-30,,,,9.0,10.625,1.625,5.166666666666667,11.791666666666666,,,
2011-12-31,,,,13.791666666666666,17.083333333333332,3.2916666666666665,6.0,17.041666666666668,,,
2012-01-01,,,,8.916666666666666,10.541666666666666,1.625,5.090909090909091,9.583333333333334,,,
2012-01-02,,,,2.3333333333333335,2.3333333333333335,0.0,6.333333333333333,27.708333333333332,,,
2012-01-03,,,,4.916666666666667,5.375,0.4583333333333333,6.0,11.5,,,
2012-01-04,,,,3.6666666666666665,4.25,0.5833333333333334,2.608695652173913,6.875,,,
2012-01-05,,,,10.125,11.75,1.625,0.0,9.666666666666666,,,
2012-01-06,,,,12.375,15.958333333333334,3.5833333333333335,0.0,16.708333333333332,,,
2012-01-07,,,,14.26086956521739,16.08695652173913,1.826086956521739,1.4583333333333333,12.041666666666666,,,
2012-01-08,,,,13.0,15.041666666666666,2.0416666666666665,5.454545454545454,16.625,,,
2012-01-09,,,,6.166666666666667,6.708333333333333,0.5416666666666666,4.875,11.75,,,
2012-01-10,,,,12.625,18.0,5.375,6.125,13.25,,,
2012-01-11,,,,20.375,27.25,6.875,7.041666666666667,12.666666666666666,,,
2012-01-12,,,,25.166666666666668,33.75,8.583333333333334,5.666666666666667,26.416666666666668,,,
2012-01-13,,,,21.25,28.666666666666668,7.416666666666667,5.541666666666667,27.25,,,
2012-01-14,,,,3.5217391304347827,3.608695652173913,0.08695652173913043,5.375,18.666666666666668,,,
2012-01-15,,,,9.583333333333334,10.791666666666666,1.2083333333333333,6.045454545454546,14.041666666666666,,,
2012-01-16,,,,13.75,16.25,2.5,4.958333333333333,16.416666666666668,,,
2012-01-17,,,,14.875,18.0,3.125,5.791666666666667,23.347826086956523,,,
2012-01-18,,,,7.625,8.833333333333334,1.2083333333333333,4.625,10.291666666666666,,,
2012-01-19,,,,13.916666666666666,17.666666666666668,3.75,4.958333333333333,15.416666666666666,,,
2012-01-20,,,,9.583333333333334,10.916666666666666,1.3333333333333333,5.75,13.375,,,
2012-01-21,,,,13.391304347826088,16.608695652173914,3.217391304347826,5.25,13.0,,,
2012-01-22,,,,10.791666666666666,13.583333333333334,2.7916666666666665,4.739130434782608,19.416666666666668,,,
2012-01-23,,,,3.75,4.416666666666667,0.6666666666666666,4.875,11.541666666666666,,,
2012-01-24,,,,8.541666666666666,9.333333333333334,0.7916666666666666,4.791666666666667,12.958333333333334,,,
2012-01-25,,,,12.041666666666666,15.416666666666666,3.375,5.708333333333333,22.833333333333332,,,
2012-01-26,,,,6.208333333333333,7.0,0.7916666666666666,5.083333333333333,10.583333333333334,,,
2012-01-27,,,,11.75,15.208333333333334,3.4583333333333335,5.125,11.791666666666666,,,
2012-01-28,,,,12.73913043478261,18.652173913043477,5.913043478260869,3.3333333333333335,12.708333333333334,,,
2012-01-29,,,,15.541666666666666,22.416666666666668,6.875,0.0,11.083333333333334,,,
2012-01-30,,,,10.541666666666666,12.0,1.4583333333333333,0.9583333333333334,14.384615384615385,,,
2012-01-31,,,,12.666666666666666,16.75,4.083333333333333,0.16666666666666666,11.0,,,
2012-02-01,,,,12.916666666666666,20.791666666666668,7.875,0.3333333333333333,15.75,,,
2012-02-02,,,,3.125,3.375,0.25,0.0,43.541666666666664,,,
2012-02-03,,,,5.916666666666667,6.375,0.4583333333333333,0.5833333333333334,10.458333333333334,,,
2012-02-04,,,,11.043478260869565,12.304347826086957,1.2608695652173914,0.34782608695652173,23.75,,,
2012-02-05,,,,10.916666666666666,12.083333333333334,1.1666666666666667,1.4166666666666667,16.0,,,
2012-02-06,,,,3.625,4.041666666666667,0.4166666666666667,0.5416666666666666,11.041666666666666,,,
2012-02-07,,,,8.208333333333334,9.541666666666666,1.3333333333333333,0.25,17.583333333333332,,,
2012-02-08,,,,7.166666666666667,8.083333333333334,0.9166666666666666,0.4090909090909091,10.291666666666666,,,
2012-02-09,,,,12.583333333333334,14.541666666666666,1.9583333333333333,0.4166666666666667,11.166666666666666,,,
2012-02-10,,,,12.916666666666666,14.208333333333334,1.2916666666666667,0.5833333333333334,18.958333333333332,,,
2012-02-11,,,,8.869565217391305,9.434782608695652,0.5652173913043478,1.391304347826087,18.458333333333332,,,
2012-02-12,,,,7.625,8.666666666666666,1.0416666666666667,0.0,15.458333333333334,,,
2012-02-13,,,,8.75,10.166666666666666,1.4166666666666667,0.16666666666666666,18.333333333333332,,,
2012-02-14,,,,16.782608695652176,19.608695652173914,2.8260869565217392,0.043478260869565216,14.826086956521738,,,
2012-02-15,,,,14.375,17.875,3.5,0.0,20.125,,,
2012-02-16,,,,8.0,9.05,1.05,0.7083333333333334,11.75,,,
2012-02-17,,,,7.583333333333333,8.625,1.0416666666666667,0.625,10.958333333333334,,,
2012-02-18,,,,17.0,19.47826086956522,2.4782608695652173,0.0,27.208333333333332,,,
2012-02-19,,,,14.541666666666666,15.916666666666666,1.375,0.4583333333333333,21.416666666666668,,,
2012-02-20,,,,11.791666666666666,13.125,1.3333333333333333,2.0,14.75,,,
2012-02-21,,,,11.541666666666666,12.791666666666666,1.25,3.2916666666666665,11.333333333333334,,,
2012-02-22,,,,9.875,11.208333333333334,1.3333333333333333,0.4583333333333333,12.666666666666666,,,
2012-02-23,,,,10.0,10.875,0.875,0.041666666666666664,12.875,,,
2012-02-24,,,,4.5,5.0,0.5,0.0,16.833333333333332,,,
2012-02-25,,,,9.0,10.333333333333334,1.3333333333333333,0.047619047619047616,10.136363636363637,,,
2012-02-26,,,,9.291666666666666,10.0,0.7083333333333334,0.041666666666666664,12.875,,,
2012-02-27,,,,13.291666666666666,14.708333333333334,1.4166666666666667,0.0,21.458333333333332,,,
2012-02-28,,,,13.166666666666666,17.208333333333332,4.041666666666667,0.0,28.625,,,
2012-03-01,,,,2.7916666666666665,2.875,0.08333333333333333,0.0,34.625,,,
2012-03-02,,,,4.875,5.166666666666667,0.2916666666666667,0.2916666666666667,21.291666666666668,,,
2012-03-03,,,,4.291666666666667,4.625,0.3333333333333333,0.16666666666666666,11.041666666666666,,,
2012-03-04,,,,5.086956521739131,5.826086956521739,0.7391304347826086,0.0,11.208333333333334,,,
2012-03-05,,,,8.833333333333334,9.708333333333334,0.875,0.375,15.583333333333334,,,
2012-03-06,,,,21.5,25.5,4.0,0.9166666666666666,29.958333333333332,,,
2012-03-07,,,,8.5,8.875,0.375,0.7916666666666666,36.208333333333336,,,
2012-03-08,,,,6.333333333333333,6.5,0.16666666666666666,0.9166666666666666,46.791666666666664,,,
2012-03-09,,,,10.041666666666666,10.541666666666666,0.5,0.5833333333333334,46.833333333333336,,,
2012-03-10,,,,5.333333333333333,5.333333333333333,0.0,0.2916666666666667,46.0,,,
2012-03-11,,,,12.130434782608695,13.434782608695652,1.3043478260869565,2.2857142857142856,12.791666666666666,,,
2012-03-12,,,,10.791666666666666,12.166666666666666,1.375,0.3333333333333333,17.125,,,
2012-03-13,,,,1.4166666666666667,1.4166666666666667,0.0,0.0625,35.869565217391305,,,
2012-03-14,,,,3.375,3.875,0.5,0.7916666666666666,20.875,,,
2012-03-15,,,,3.9583333333333335,4.333333333333333,0.375,1.0,14.75,,,
2012-03-16,,,,8.291666666666666,9.208333333333334,0.9166666666666666,1.25,26.25,,,
2012-03-17,,,,4.708333333333333,4.916666666666667,0.20833333333333334,2.1904761904761907,32.125,,,
2012-03-18,,,,1.565217391304348,1.565217391304348,0.0,,56.708333333333336,,,
2012-03-19,,,,5.875,6.5,0.625,,43.125,,,
2012-03-20,,,,6.875,7.375,0.5,,43.833333333333336,,,
2012-03-21,,,,4.416666666666667,4.75,0.3333333333333333,,12.708333333333334,,,
2012-03-22,,,,5.166666666666667,5.583333333333333,0.4166666666666667,0.4,20.833333333333332,,,
2012-03-23,,,,8.25,8.916666666666666,0.6666666666666666,0.65,22.458333333333332,,,
2012-03-24,,,,2.7916666666666665,2.7916666666666665,0.0,0.5,23.625,,,
2012-03-25,,,,6.217391304347826,6.739130434782608,0.5217391304347826,0.043478260869565216,24.25,,,
2012-03-26,,,,4.666666666666667,5.0,0.3333333333333333,0.041666666666666664,14.75,,,
2012-03-27,,,,7.5,7.708333333333333,0.20833333333333334,0.0,27.333333333333332,,,
2012-03-28,,,,12.958333333333334,14.708333333333334,1.75,0.08333333333333333,33.5,,,
2012-03-29,,,,9.208333333333334,10.25,1.0416666666666667,0.08333333333333333,31.958333333333332,,,
2012-03-30,,,,4.208333333333333,4.666666666666667,0.4583333333333333,0.0,19.708333333333332,,,
2012-03-31,,,,2.875,2.9166666666666665,0.041666666666666664,0.0,18.26086956521739,,,
2012-04-01,,,,3.625,3.7916666666666665,0.16666666666666666,4.375,20.458333333333332,,,
2012-04-02,,,,5.916666666666667,6.75,0.8333333333333334,4.166666666666667,14.291666666666666,,,
2012-04-03,,,,2.375,2.375,0.0,3.9565217391304346,41.041666666666664,,,
2012-04-04,,,,9.041666666666666,9.791666666666666,0.75,4.25,18.583333333333332,,,
2012-04-05,,,,4.583333333333333,4.708333333333333,0.125,4.541666666666667,31.833333333333332,,,
2012-04-06,,,,5.818181818181818,6.363636363636363,0.5454545454545454,4.363636363636363,19.869565217391305,,,
2012-04-07,,,,6.25,6.916666666666667,0.6666666666666666,4.083333333333333,18.791666666666668,,,
2012-04-08,,,,6.166666666666667,6.791666666666667,0.625,5.416666666666667,17.083333333333332,,,
2012-04-09,,,,5.75,5.916666666666667,0.16666666666666666,4.291666666666667,35.583333333333336,,,
2012-04-10,,,,9.125,9.666666666666666,0.5416666666666666,4.173913043478261,52.583333333333336,,,
2012-04-11,,,,3.625,3.6666666666666665,0.041666666666666664,3.9583333333333335,48.666666666666664,,,
2012-04-12,,,,5.625,6.333333333333333,0.7083333333333334,4.208333333333333,21.75,,,
2012-04-13,,,,7.434782608695652,8.043478260869565,0.6086956521739131,4.708333333333333,27.083333333333332,,,
2012-04-14,,,,4.875,5.041666666666667,0.16666666666666666,3.8333333333333335,30.416666666666668,,,
2012-04-15,,,,2.375,2.4583333333333335,0.08333333333333333,3.8333333333333335,21.208333333333332,,,
2012-04-16,,,,7.625,8.208333333333334,0.5833333333333334,4.083333333333333,20.875,,,
2012-04-17,,,,10.083333333333334,10.416666666666666,0.3333333333333333,4.217391304347826,22.708333333333332,,,
2012-04-18,,,,6.166666666666667,7.041666666666667,0.875,4.291666666666667,21.541666666666668,,,
2012-04-19,,,,3.875,4.416666666666667,0.5416666666666666,3.75,15.791666666666666,,,
2012-04-20,,,,4.434782608695652,5.130434782608695,0.6956521739130435,4.0,11.375,,,
2012-04-21,,,,4.291666666666667,4.833333333333333,0.5416666666666666,3.7916666666666665,12.0,,,
2012-04-22,,,,2.0833333333333335,2.25,0.16666666666666666,3.7916666666666665,14.208333333333334,,,
2012-04-23,,,,2.4166666666666665,2.4166666666666665,0.0,3.8333333333333335,23.125,,,
2012-04-24,,,,6.833333333333333,7.708333333333333,0.875,4.434782608695652,28.833333333333332,,,
2012-04-25,,,,7.75,8.666666666666666,0.9166666666666666,4.333333333333333,30.416666666666668,,,
2012-04-26,,,,4.916666666666667,5.083333333333333,0.16666666666666666,4.125,31.391304347826086,,,
2012-04-27,,,,4.913043478260869,5.043478260869565,0.13043478260869565,3.7083333333333335,27.5,,,
2012-04-28,,,,4.833333333333333,5.291666666666667,0.4583333333333333,4.208333333333333,17.708333333333332,,,
2012-04-29,,,,6.916666666666667,7.5,0.5833333333333334,6.375,24.541666666666668,,,
2012-04-30,,,,5.958333333333333,6.916666666666667,0.9583333333333334,4.791666666666667,20.208333333333332,,,
2012-05-01,,,,2.75,2.7916666666666665,0.041666666666666664,4.695652173913044,29.958333333333332,,,
2012-05-02,,,,1.7916666666666667,1.7916666666666667,0.0,4.375,27.375,,,
2012-05-03,,,,2.4166666666666665,2.5416666666666665,0.125,4.125,44.083333333333336,,,
2012-05-04,,,,6.695652173913044,7.130434782608695,0.43478260869565216,5.333333333333333,40.208333333333336,,,
2012-05-05,,,,4.291666666666667,4.458333333333333,0.16666666666666666,5.375,22.375,,,
2012-05-06,,,,5.125,5.166666666666667,0.041666666666666664,5.375,34.083333333333336,,,
2012-05-07,,,,6.0,6.375,0.375,5.458333333333333,24.75,,,
2012-05-08,,,,10.0,10.875,0.875,6.3478260869565215,35.708333333333336,,,
2012-05-09,,,,13.458333333333334,13.916666666666666,0.4583333333333333,6.666666666666667,47.75,,,
2012-05-10,,,,5.708333333333333,6.0,0.2916666666666667,4.75,30.791666666666668,,,
2012-05-11,,,,6.478260869565218,7.086956521739131,0.6086956521739131,4.833333333333333,15.0,,,
2012-05-12,,,,7.625,8.041666666666666,0.4166666666666667,4.666666666666667,18.666666666666668,,,
2012-05-13,,,,4.666666666666667,5.041666666666667,0.375,5.791666666666667,16.166666666666668,,,
2012-05-14,,,,5.916666666666667,6.125,0.20833333333333334,5.583333333333333,19.791666666666668,,,
2012-05-15,,,,2.4583333333333335,2.4583333333333335,0.0,5.043478260869565,24.416666666666668,,,
2012-05-16,,,,5.875,6.5,0.625,6.041666666666667,19.833333333333332,,,
2012-05-17,,,,4.75,4.791666666666667,0.041666666666666664,6.666666666666667,39.916666666666664,,,
2012-05-18,,,,6.913043478260869,7.304347826086956,0.391304347826087,5.625,28.875,,,
2012-05-19,,,,5.291666666666667,5.625,0.3333333333333333,5.708333333333333,30.458333333333332,,,
2012-05-20,,,,4.083333333333333,4.083333333333333,0.0,6.125,25.041666666666668,,,
2012-05-21,,,,7.625,8.166666666666666,0.5416666666666666,5.75,29.666666666666668,,,
2012-05-22,,,,2.9583333333333335,3.2916666666666665,0.3333333333333333,4.2272727272727275,21.583333333333332,,,
2012-05-23,,,,4.208333333333333,4.666666666666667,0.4583333333333333,4.416666666666667,22.166666666666668,,,
2012-05-24,,,,7.625,8.291666666666666,0.6666666666666666,5.875,26.75,,,
2012-05-25,,,,8.826086956521738,9.347826086956522,0.5217391304347826,6.375,29.541666666666668,,,
2012-05-26,,,,6.583333333333333,7.0,0.4166666666666667,5.875,28.875,,,
2012-05-27,,,,6.916666666666667,7.375,0.4583333333333333,6.916666666666667,28.708333333333332,,,
2012-05-28,,,,4.041666666666667,4.291666666666667,0.25,6.125,23.333333333333332,,,
2012-05-29,,,,4.0,4.208333333333333,0.20833333333333334,6.086956521739131,28.375,,,
2012-05-30,,,,5.625,6.166666666666667,0.5416666666666666,5.916666666666667,18.458333333333332,,,
2012-05-31,,,,5.291666666666667,5.708333333333333,0.4166666666666667,5.5,18.75,,,
2012-06-01,,,,4.434782608695652,4.826086956521739,0.391304347826087,5.708333333333333,19.083333333333332,,,
2012-06-02,,,,8.25,9.166666666666666,0.9166666666666666,6.75,26.583333333333332,,,
2012-06-03,,,,3.0416666666666665,3.125,0.08333333333333333,4.875,29.041666666666668,,,
2012-06-04,,,,5.166666666666667,6.583333333333333,1.4166666666666667,5.583333333333333,23.5,,,
2012-06-05,,,,3.5,3.7083333333333335,0.20833333333333334,5.782608695652174,17.041666666666668,,,
2012-06-06,,,,4.208333333333333,4.541666666666667,0.3333333333333333,5.125,20.875,,,
2012-06-07,,,,3.9583333333333335,4.416666666666667,0.4583333333333333,5.666666666666667,21.375,,,
2012-06-08,,,,3.5652173913043477,3.869565217391304,0.30434782608695654,6.291666666666667,32.0,,,
2012-06-09,,,,2.4583333333333335,2.5416666666666665,0.08333333333333333,5.708333333333333,22.291666666666668,,,
2012-06-10,,,,4.041666666666667,4.5,0.4583333333333333,6.166666666666667,15.875,,,
2012-06-11,,,,3.875,4.458333333333333,0.5833333333333334,5.583333333333333,13.791666666666666,,,
2012-06-12,,,,4.583333333333333,5.25,0.6666666666666666,5.3478260869565215,22.541666666666668,,,
2012-06-13,,,,3.0833333333333335,3.7916666666666665,0.7083333333333334,4.833333333333333,27.391304347826086,,,
2012-06-14,,,,3.125,4.125,1.0,5.5,25.125,,,
2012-06-15,,,,5.956521739130435,7.217391304347826,1.2608695652173914,5.833333333333333,18.958333333333332,,,
2012-06-16,,,,7.208333333333333,8.166666666666666,0.9583333333333334,5.75,19.041666666666668,,,
2012-06-17,,,,8.25,9.375,1.125,5.958333333333333,29.708333333333332,,,
2012-06-18,,,,9.958333333333334,10.791666666666666,0.8333333333333334,7.125,21.791666666666668,,,
2012-06-19,,,,4.291666666666667,4.583333333333333,0.2916666666666667,6.869565217391305,38.833333333333336,,,
2012-06-20,,,,2.4583333333333335,2.875,0.4166666666666667,7.083333333333333,65.08333333333333,,,
2012-06-21,,,,4.083333333333333,4.458333333333333,0.375,6.541666666666667,24.75,,,
2012-06-22,,,,7.3478260869565215,8.173913043478262,0.8260869565217391,6.708333333333333,27.5,,,
2012-06-23,,,,8.625,9.541666666666666,0.9166666666666666,7.125,16.75,,,
2012-06-24,,,,7.541666666666667,8.458333333333334,0.9166666666666666,7.5,15.125,,,
2012-06-25,,,,3.5833333333333335,4.75,1.1666666666666667,5.833333333333333,15.333333333333334,,,
2012-06-26,,,,3.2083333333333335,4.166666666666667,0.9583333333333334,5.0,21.958333333333332,,,
2012-06-27,,,,4.583333333333333,5.791666666666667,1.2083333333333333,5.333333333333333,13.791666666666666,,,
2012-06-28,,,,7.5,9.166666666666666,1.6666666666666667,6.416666666666667,15.791666666666666,,,
2012-06-29,,,,8.08695652173913,10.173913043478262,2.0869565217391304,6.666666666666667,14.041666666666666,,,
2012-06-30,,,,3.25,4.083333333333333,0.8333333333333334,5.833333333333333,16.958333333333332,,,
2012-07-01,,,,5.125,5.75,0.625,5.958333333333333,21.541666666666668,,,
2012-07-02,,,,7.125,8.666666666666666,1.5416666666666667,5.75,18.625,,,
2012-07-03,,,,7.25,9.0,1.75,6.086956521739131,18.5,,,
2012-07-04,,,,3.875,4.583333333333333,0.7083333333333334,6.5,19.608695652173914,,,
2012-07-05,,,,11.083333333333334,12.166666666666666,1.0833333333333333,7.291666666666667,34.416666666666664,,,
2012-07-06,,,,8.652173913043478,9.521739130434783,0.8695652173913043,7.333333333333333,42.041666666666664,,,
2012-07-07,,,,4.208333333333333,4.875,0.6666666666666666,7.375,34.75,,,
2012-07-08,,,,2.25,2.8333333333333335,0.5833333333333334,6.208333333333333,19.958333333333332,,,
2012-07-09,,,,4.75,5.833333333333333,1.0833333333333333,7.0,16.333333333333332,,,
2012-07-10,,,,5.958333333333333,6.666666666666667,0.7083333333333334,8.0,22.0,,,
2012-07-11,,,,6.375,8.083333333333334,1.7083333333333333,8.347826086956522,22.708333333333332,,,
2012-07-12,,,,2.2083333333333335,3.7916666666666665,1.5833333333333333,8.208333333333334,37.75,,,
2012-07-13,,,,3.608695652173913,5.173913043478261,1.565217391304348,7.625,36.458333333333336,,,
2012-07-14,,,,4.666666666666667,6.166666666666667,1.5,7.791666666666667,38.916666666666664,,,
2012-07-15,,,,3.3333333333333335,4.416666666666667,1.0833333333333333,7.791666666666667,25.25,,,
2012-07-16,,,,3.75,5.75,2.0,7.416666666666667,23.333333333333332,,,
2012-07-17,,,,4.166666666666667,6.75,2.5833333333333335,6.521739130434782,30.5,,,
2012-07-18,,,,5.625,7.0,1.375,6.458333333333333,27.25,,,
2012-07-19,,,,8.041666666666666,10.041666666666666,2.0,7.333333333333333,30.708333333333332,,,
2012-07-20,,,,4.434782608695652,6.173913043478261,1.7391304347826086,6.208333333333333,14.791666666666666,,,
2012-07-21,,,,3.375,3.9583333333333335,0.5833333333333334,5.791666666666667,14.666666666666666,,,
2012-07-22,,,,4.25,4.833333333333333,0.5833333333333334,6.458333333333333,17.916666666666668,,,
2012-07-23,,,,10.708333333333334,14.541666666666666,3.8333333333333335,6.958333333333333,27.583333333333332,,,
2012-07-24,,,,9.541666666666666,12.5,2.9583333333333335,6.826086956521739,23.708333333333332,,,
2012-07-25,,,,9.5,10.791666666666666,1.2916666666666667,7.25,38.8421052631579,,,
2012-07-26,,,,6.291666666666667,6.875,0.5833333333333334,7.125,35.91304347826087,,,
2012-07-27,,,,6.608695652173913,7.173913043478261,0.5652173913043478,7.25,38.916666666666664,,,
2012-07-28,,,,5.875,8.375,2.5,7.125,18.041666666666668,,,
2012-07-29,,,,4.375,5.791666666666667,1.4166666666666667,7.458333333333333,18.291666666666668,,,
2012-07-30,,,,3.7916666666666665,5.375,1.5833333333333333,6.875,20.833333333333332,,,
2012-07-31,,,,4.583333333333333,6.791666666666667,2.2083333333333335,6.869565217391305,25.958333333333332,,,
2012-08-01,,,,4.666666666666667,8.0,3.3333333333333335,6.666666666666667,29.166666666666668,,,
2012-08-02,,,,5.375,7.666666666666667,2.2916666666666665,7.375,25.166666666666668,,,
2012-08-03,,,,7.304347826086956,12.521739130434783,5.217391304347826,7.458333333333333,15.2,,,
2012-08-04,,,,7.791666666666667,11.833333333333334,4.041666666666667,7.208333333333333,,,,
2012-08-05,,,,4.583333333333333,6.25,1.6666666666666667,7.208333333333333,,,,
2012-08-06,,,,8.333333333333334,11.25,2.9166666666666665,7.541666666666667,15.0,,,
2012-08-07,,,,8.458333333333334,9.541666666666666,1.0833333333333333,7.956521739130435,19.166666666666668,,,
2012-08-08,,,,5.590909090909091,6.318181818181818,0.7272727272727273,8.043478260869565,23.26086956521739,,,
2012-08-09,,,,3.6666666666666665,4.416666666666667,0.75,7.375,20.708333333333332,,,
2012-08-10,,,,4.0,4.869565217391305,0.8695652173913043,8.125,22.416666666666668,,,
2012-08-11,,,,4.625,4.875,0.25,7.666666666666667,28.041666666666668,,,
2012-08-12,,,,5.5,6.125,0.625,7.5,19.25,,,
2012-08-13,,,,2.875,3.1666666666666665,0.2916666666666667,7.5,25.541666666666668,,,
2012-08-14,,,,3.6666666666666665,4.208333333333333,0.5416666666666666,7.260869565217392,27.333333333333332,,,
2012-08-15,,,,4.083333333333333,5.541666666666667,1.4583333333333333,7.125,24.0,,,
2012-08-16,,,,3.375,4.458333333333333,1.0833333333333333,7.416666666666667,,,,
2012-08-17,,,,5.6521739130434785,9.478260869565217,3.8260869565217392,7.833333333333333,18.1,,,
2012-08-18,,,,4.708333333333333,7.458333333333333,2.75,7.458333333333333,15.291666666666666,,,
2012-08-19,,,,4.666666666666667,7.208333333333333,2.5416666666666665,7.458333333333333,15.458333333333334,,,
2012-08-20,,,,7.041666666666667,10.208333333333334,3.1666666666666665,7.416666666666667,15.958333333333334,,,
2012-08-21,,,,6.083333333333333,8.958333333333334,2.875,7.869565217391305,18.333333333333332,,,
2012-08-22,,,,3.0416666666666665,4.375,1.3333333333333333,7.35,19.5,,,
2012-08-23,,,,3.375,5.041666666666667,1.6666666666666667,7.25,14.208333333333334,,,
2012-08-24,,,,2.9565217391304346,4.173913043478261,1.2173913043478262,6.5,14.75,,,
2012-08-25,,,,2.875,3.7916666666666665,0.9166666666666666,6.958333333333333,14.125,,,
2012-08-26,,,,2.5833333333333335,3.75,1.1666666666666667,7.041666666666667,19.958333333333332,,,
2012-08-27,,,,2.2083333333333335,2.9583333333333335,0.75,6.958333333333333,18.125,,,
2012-08-28,,,,2.7083333333333335,3.1666666666666665,0.4583333333333333,7.391304347826087,15.545454545454545,,,
2012-08-29,,,,3.5833333333333335,4.458333333333333,0.875,7.291666666666667,14.125,,,
2012-08-30,,,,4.541666666666667,5.916666666666667,1.375,7.375,17.916666666666668,,,
2012-08-31,,,,3.869565217391304,5.086956521739131,1.2173913043478262,7.458333333333333,13.291666666666666,,,
2012-09-01,,,,6.208333333333333,8.583333333333334,2.375,7.458333333333333,14.333333333333334,,,
2012-09-02,,,,6.083333333333333,6.583333333333333,0.5,7.125,17.333333333333332,,,
2012-09-03,,,,6.333333333333333,7.5,1.1666666666666667,6.75,17.25,,,
2012-09-04,,,,3.5416666666666665,4.041666666666667,0.5,7.173913043478261,16.833333333333332,,,
2012-09-05,,,,7.791666666666667,8.625,0.8333333333333334,7.458333333333333,20.26086956521739,,,
2012-09-06,,,,6.583333333333333,7.666666666666667,1.0833333333333333,7.666666666666667,17.375,,,
2012-09-07,,,,7.0,8.304347826086957,1.3043478260869565,7.416666666666667,14.8,,,
2012-09-08,,,,6.25,7.291666666666667,1.0416666666666667,7.75,,,,
2012-09-09,,,,5.041666666666667,7.75,2.7083333333333335,7.458333333333333,,,,
2012-09-10,,,,4.333333333333333,6.0,1.6666666666666667,6.958333333333333,5.473684210526316,,,
2012-09-11,,,,5.5,7.333333333333333,1.8333333333333333,7.173913043478261,6.666666666666667,,,
2012-09-12,,,,4.0,4.846153846153846,0.8461538461538461,7.538461538461538,19.53846153846154,,,
2012-09-13,,,,6.208333333333333,7.375,1.1666666666666667,8.041666666666666,21.208333333333332,,,
2012-09-14,,,,5.434782608695652,5.695652173913044,0.2608695652173913,8.208333333333334,15.791666666666666,,,
2012-09-15,,,,5.791666666666667,6.833333333333333,1.0416666666666667,7.166666666666667,16.291666666666668,,,
2012-09-16,,,,4.208333333333333,4.791666666666667,0.5833333333333334,7.458333333333333,18.541666666666668,,,
2012-09-17,,,,1.625,2.0416666666666665,0.4166666666666667,7.791666666666667,30.208333333333332,,,
2012-09-18,,,,2.4166666666666665,3.25,0.8333333333333334,7.217391304347826,25.958333333333332,,,
2012-09-19,,,,2.1666666666666665,2.8333333333333335,0.6666666666666666,6.791666666666667,25.791666666666668,,,
2012-09-20,,,,4.916666666666667,5.5,0.5833333333333334,6.636363636363637,33.833333333333336,,,
2012-09-21,,,,6.304347826086956,6.869565217391305,0.5652173913043478,5.666666666666667,28.166666666666668,,,
2012-09-22,,,,3.2083333333333335,3.5833333333333335,0.375,5.65,14.916666666666666,,,
2012-09-23,,,,2.1666666666666665,2.1666666666666665,0.0,,16.875,,,
2012-09-24,,,,3.9583333333333335,4.416666666666667,0.4583333333333333,7.625,13.208333333333334,,,
2012-09-25,,,,2.9166666666666665,3.4583333333333335,0.5416666666666666,7.739130434782608,16.916666666666668,,,
2012-09-26,,,,2.25,2.75,0.5,7.791666666666667,13.708333333333334,,,
2012-09-27,,,,1.6666666666666667,2.2083333333333335,0.5416666666666666,7.5,16.875,,,
2012-09-28,,,,2.5652173913043477,3.0,0.43478260869565216,7.541666666666667,34.041666666666664,,,
2012-09-29,,,,3.875,4.208333333333333,0.3333333333333333,8.333333333333334,21.875,,,
2012-09-30,,,,1.375,1.375,0.0,8.708333333333334,29.916666666666668,,,
2012-10-01,,,,1.2916666666666667,1.2916666666666667,0.0,8.25,28.291666666666668,,,
2012-10-02,,,,5.458333333333333,6.0,0.5416666666666666,8.73913043478261,21.0,,,
2012-10-03,,,,5.0,5.541666666666667,0.5416666666666666,8.208333333333334,27.565217391304348,,,
2012-10-04,,,,4.041666666666667,4.25,0.20833333333333334,8.291666666666666,29.458333333333332,,,
2012-10-05,,,,7.739130434782608,8.782608695652174,1.0434782608695652,8.5,17.0,,,
2012-10-06,,,,5.958333333333333,6.791666666666667,0.8333333333333334,9.083333333333334,23.666666666666668,,,
2012-10-07,,,,2.375,2.4166666666666665,0.041666666666666664,8.083333333333334,18.666666666666668,,,
2012-10-08,,,,2.4583333333333335,2.9166666666666665,0.4583333333333333,7.583333333333333,17.208333333333332,,,
2012-10-09,,,,3.2916666666666665,4.083333333333333,0.7916666666666666,7.826086956521739,15.041666666666666,,,
2012-10-10,,,,3.7916666666666665,4.666666666666667,0.875,7.5,15.333333333333334,,,
2012-10-11,,,,4.041666666666667,4.583333333333333,0.5416666666666666,7.416666666666667,17.416666666666668,,,
2012-10-12,,,,7.565217391304348,8.391304347826088,0.8260869565217391,6.95,18.416666666666668,,,
2012-10-13,,,,8.75,9.375,0.625,4.708333333333333,14.125,,,
2012-10-14,,,,5.041666666666667,5.291666666666667,0.25,4.5,13.875,,,
2012-10-15,,,,6.75,7.541666666666667,0.7916666666666666,4.875,21.875,,,
2012-10-16,,,,6.958333333333333,7.958333333333333,1.0,5.0,16.541666666666668,,,
2012-10-17,,,,8.458333333333334,9.5,1.0416666666666667,4.458333333333333,24.541666666666668,,,
2012-10-18,,,,7.416666666666667,8.583333333333334,1.1666666666666667,4.583333333333333,19.208333333333332,,,
2012-10-19,,,,4.086956521739131,4.826086956521739,0.7391304347826086,4.541666666666667,14.375,,,
2012-10-20,,,,6.041666666666667,6.708333333333333,0.6666666666666666,4.458333333333333,12.375,,,
2012-10-21,,,,12.416666666666666,13.666666666666666,1.25,4.708333333333333,25.125,,,
2012-10-22,,,,7.833333333333333,8.416666666666666,0.5833333333333334,5.375,31.0,,,
2012-10-23,,,,2.75,2.75,0.0,4.782608695652174,27.416666666666668,,,
2012-10-24,,,,7.958333333333333,8.791666666666666,0.8333333333333334,4.916666666666667,10.75,,,
2012-10-25,,,,7.333333333333333,8.125,0.7916666666666666,4.458333333333333,13.25,,,
2012-10-26,,,,8.391304347826088,9.521739130434783,1.1304347826086956,5.0,24.5,,,
2012-10-27,,,,3.875,4.5,0.625,4.291666666666667,18.041666666666668,,,
2012-10-28,,,,1.875,1.875,0.0,4.5,16.875,,,
2012-10-29,,,,4.625,5.125,0.5,4.375,15.541666666666666,,,
2012-10-30,,,,12.416666666666666,15.083333333333334,2.6666666666666665,4.695652173913044,16.958333333333332,,,
2012-10-31,,,,12.0,13.916666666666666,1.9166666666666667,4.833333333333333,15.791666666666666,,,
2012-11-01,,,,7.916666666666667,9.625,1.7083333333333333,5.208333333333333,19.208333333333332,,,
2012-11-02,,,,8.043478260869565,9.130434782608695,1.0869565217391304,4.5,12.0,,,
2012-11-03,,,,11.166666666666666,12.416666666666666,1.25,5.583333333333333,13.541666666666666,,,
2012-11-04,,,,10.416666666666666,11.75,1.3333333333333333,4.916666666666667,12.625,,,
2012-11-05,,,,10.041666666666666,15.958333333333334,5.916666666666667,5.0,11.666666666666666,,,
2012-11-06,,,,4.875,5.041666666666667,0.16666666666666666,4.565217391304348,18.541666666666668,,,
2012-11-07,,,,14.041666666666666,15.791666666666666,1.75,4.875,22.75,,,
2012-11-08,,,,14.125,15.458333333333334,1.3333333333333333,4.791666666666667,17.625,,,
2012-11-09,,,,19.434782608695652,25.043478260869566,5.608695652173913,5.5,20.666666666666668,,,
2012-11-10,,,,4.416666666666667,5.041666666666667,0.625,4.666666666666667,16.0,,,
2012-11-11,,,,2.0416666666666665,2.2916666666666665,0.25,4.791666666666667,10.041666666666666,,,
2012-11-12,,,,7.583333333333333,12.916666666666666,5.333333333333333,4.708333333333333,20.458333333333332,,,
2012-11-13,,,,4.791666666666667,5.208333333333333,0.4166666666666667,5.0,21.625,,,
2012-11-14,,,,10.285714285714286,11.761904761904763,1.4761904761904763,5.125,16.708333333333332,,,
2012-11-15,,,,8.916666666666666,10.083333333333334,1.1666666666666667,4.666666666666667,11.0,,,
2012-11-16,,,,6.826086956521739,7.695652173913044,0.8695652173913043,4.625,9.916666666666666,,,
2012-11-17,,,,2.75,2.7916666666666665,0.041666666666666664,4.666666666666667,23.708333333333332,,,
2012-11-18,,,,6.5,7.083333333333333,0.5833333333333334,5.0,11.458333333333334,,,
2012-11-19,,,,8.958333333333334,10.041666666666666,1.0833333333333333,4.333333333333333,14.416666666666666,,,
2012-11-20,,,,10.708333333333334,12.75,2.0416666666666665,4.6521739130434785,15.666666666666666,,,
2012-11-21,,,,16.083333333333332,20.083333333333332,4.0,6.291666666666667,10.291666666666666,,,
2012-11-22,,,,17.25,30.5,13.25,5.260869565217392,17.375,,,
2012-11-23,,,,11.695652173913043,15.391304347826088,3.6956521739130435,5.208333333333333,27.125,,,
2012-11-24,,,,3.9166666666666665,4.416666666666667,0.5,4.916666666666667,10.958333333333334,,,
2012-11-25,,,,9.333333333333334,10.958333333333334,1.625,4.75,10.75,,,
2012-11-26,,,,8.583333333333334,9.916666666666666,1.3333333333333333,4.416666666666667,29.083333333333332,,,
2012-11-27,,,,10.19047619047619,11.285714285714286,1.0952380952380953,5.4,10.285714285714286,,,
2012-11-28,,,,12.0,13.875,1.875,4.458333333333333,15.08695652173913,,,
2012-11-29,,,,18.045454545454547,23.90909090909091,5.863636363636363,5.333333333333333,25.458333333333332,,,
2012-11-30,,,,5.833333333333333,6.791666666666667,0.9583333333333334,4.833333333333333,18.708333333333332,,,
2012-12-01,,,,5.041666666666667,5.541666666666667,0.5,5.083333333333333,14.125,,,
2012-12-02,,,,8.75,9.791666666666666,1.0416666666666667,5.166666666666667,10.5,,,
2012-12-03,,,,4.956521739130435,5.782608695652174,0.8260869565217391,4.833333333333333,13.291666666666666,,,
2012-12-04,,,,12.047619047619047,13.80952380952381,1.7619047619047619,5.0,15.75,,,
2012-12-05,,,,11.333333333333334,12.958333333333334,1.625,4.875,12.458333333333334,,,
2012-12-06,,,,6.375,7.083333333333333,0.7083333333333334,5.291666666666667,13.791666666666666,,,
2012-12-07,,,,19.0,26.625,7.625,5.375,13.458333333333334,,,
2012-12-08,,,,5.5,6.083333333333333,0.5833333333333334,5.291666666666667,17.125,,,
2012-12-09,,,,4.75,5.375,0.625,5.916666666666667,12.541666666666666,,,
2012-12-10,,,,6.173913043478261,7.260869565217392,1.0869565217391304,4.875,8.458333333333334,,,
2012-12-11,,,,15.708333333333334,22.458333333333332,6.75,5.2272727272727275,13.208333333333334,,,
2012-12-12,,,,16.0,23.416666666666668,7.416666666666667,5.75,13.130434782608695,,,
2012-12-13,,,,18.083333333333332,27.083333333333332,9.0,5.458333333333333,17.041666666666668,,,
2012-12-14,,,,17.208333333333332,22.583333333333332,5.375,5.5,20.666666666666668,,,
2012-12-15,,,,14.416666666666666,16.083333333333332,1.6666666666666667,5.208333333333333,30.333333333333332,,,
2012-12-16,,,,12.208333333333334,14.25,2.0416666666666665,5.166666666666667,26.166666666666668,,,
2012-12-17,,,,12.478260869565217,13.869565217391305,1.391304347826087,5.5,22.75,,,
2012-12-18,,,,11.0,14.166666666666666,3.1666666666666665,5.318181818181818,29.166666666666668,,,
2012-12-19,,,,9.208333333333334,11.125,1.9166666666666667,6.045454545454546,8.041666666666666,,,
2012-12-20,,,,11.833333333333334,14.5,2.6666666666666665,5.25,9.458333333333334,,,
2012-12-21,,,,19.875,26.791666666666668,6.916666666666667,5.125,14.125,,,
2012-12-22,,,,14.291666666666666,18.916666666666668,4.625,4.666666666666667,21.041666666666668,,,
2012-12-23,,,,9.375,10.166666666666666,0.7916666666666666,4.833333333333333,15.75,,,
2012-12-24,,,,9.0,9.956521739130435,0.9565217391304348,5.666666666666667,12.333333333333334,,,
2012-12-25,,,,15.458333333333334,17.833333333333332,2.375,5.954545454545454,14.5,,,
2012-12-26,,,,9.916666666666666,11.5,1.5833333333333333,6.541666666666667,9.583333333333334,,,
2012-12-27,,,,17.666666666666668,22.833333333333332,5.166666666666667,8.041666666666666,12.541666666666666,,,
2012-12-28,,,,29.0,43.791666666666664,14.791666666666666,6.666666666666667,33.416666666666664,,,
2012-12-29,,,,4.958333333333333,5.375,0.4166666666666667,5.416666666666667,11.25,,,
2012-12-30,,,,8.458333333333334,9.625,1.1666666666666667,5.666666666666667,21.791666666666668,,,
2012-12-31,,,,7.0,7.956521739130435,0.9565217391304348,6.125,10.208333333333334,,,
2013-01-01,,,,7.083333333333333,7.541666666666667,0.4583333333333333,1.2916666666666667,31.541666666666668,,,
2013-01-02,,,,5.708333333333333,6.666666666666667,0.9583333333333334,0.5833333333333334,13.916666666666666,,,
2013-01-03,,,,9.652173913043478,10.956521739130435,1.3043478260869565,0.7083333333333334,15.416666666666666,,,
2013-01-04,,,,7.875,9.375,1.5,0.875,21.0,,,
2013-01-05,,,,4.0,4.583333333333333,0.5833333333333334,0.4583333333333333,11.25,,,
2013-01-06,,,,8.875,10.166666666666666,1.2916666666666667,0.875,10.875,,,
2013-01-07,,,,16.208333333333332,19.166666666666668,2.9583333333333335,1.0,17.541666666666668,,,
2013-01-08,,,,13.291666666666666,18.916666666666668,5.625,0.4166666666666667,25.5,,,
2013-01-09,,,,5.791666666666667,6.416666666666667,0.625,0.3333333333333333,11.625,,,
2013-01-10,,,,9.130434782608695,11.130434782608695,2.0,1.5416666666666667,9.833333333333334,,,
2013-01-11,,,,19.333333333333332,26.416666666666668,7.083333333333333,0.625,14.25,,,
2013-01-12,,,,14.833333333333334,17.166666666666668,2.3333333333333335,2.2083333333333335,21.166666666666668,,,
2013-01-13,,,,10.708333333333334,11.791666666666666,1.0833333333333333,1.7916666666666667,14.791666666666666,,,
2013-01-14,,,,13.708333333333334,17.541666666666668,3.8333333333333335,0.9130434782608695,10.791666666666666,,,
2013-01-15,,,,6.125,7.208333333333333,1.0833333333333333,0.041666666666666664,11.916666666666666,,,
2013-01-16,,,,12.583333333333334,14.75,2.1666666666666665,0.7916666666666666,11.416666666666666,,,
2013-01-17,,,,22.08695652173913,30.08695652173913,8.0,1.75,20.625,,,
2013-01-18,,,,14.833333333333334,18.583333333333332,3.75,0.5416666666666666,14.916666666666666,,,
2013-01-19,,,,6.416666666666667,7.333333333333333,0.9166666666666666,1.2916666666666667,12.833333333333334,,,
2013-01-20,,,,12.958333333333334,17.791666666666668,4.833333333333333,1.125,12.583333333333334,,,
2013-01-21,,,,12.5,15.875,3.375,1.1304347826086956,23.0,,,
2013-01-22,,,,15.541666666666666,18.541666666666668,3.0,2.875,25.666666666666668,,,
2013-01-23,,,,15.375,20.041666666666668,4.666666666666667,2.2083333333333335,13.25,,,
2013-01-24,,,,12.608695652173912,17.043478260869566,4.434782608695652,0.4166666666666667,21.125,,,
2013-01-25,,,,23.75,31.083333333333332,7.333333333333333,2.5833333333333335,36.958333333333336,,,
2013-01-26,,,,4.25,4.75,0.5,0.4583333333333333,18.958333333333332,,,
2013-01-27,,,,14.166666666666666,17.208333333333332,3.0416666666666665,1.0833333333333333,11.875,,,
2013-01-28,,,,8.5,10.583333333333334,2.0833333333333335,1.608695652173913,18.875,,,
2013-01-29,,,,12.541666666666666,14.833333333333334,2.2916666666666665,2.5833333333333335,13.0,,,
2013-01-30,,,,2.7916666666666665,2.7916666666666665,0.0,0.5,24.666666666666668,,,
2013-01-31,,,,10.347826086956522,12.26086956521739,1.9130434782608696,0.125,19.708333333333332,,,
2013-02-01,,,,13.166666666666666,15.25,2.0833333333333335,0.125,17.083333333333332,,,
2013-02-02,,,,15.333333333333334,18.333333333333332,3.0,0.041666666666666664,47.083333333333336,,,
2013-02-03,,,,7.625,9.166666666666666,1.5416666666666667,0.125,54.0,,,
2013-02-04,,,,2.8333333333333335,3.4583333333333335,0.625,0.043478260869565216,14.375,,,
2013-02-05,,,,6.375,7.708333333333333,1.3333333333333333,0.5416666666666666,9.708333333333334,,,
2013-02-06,,,,10.208333333333334,11.916666666666666,1.7083333333333333,2.375,10.833333333333334,,,
2013-02-07,,,,7.956521739130435,9.26086956521739,1.3043478260869565,0.75,11.125,,,
2013-02-08,,,,1.9166666666666667,2.2916666666666665,0.375,0.0,22.166666666666668,,,
2013-02-09,,,,5.75,6.583333333333333,0.8333333333333334,1.5833333333333333,15.333333333333334,,,
2013-02-10,,,,11.708333333333334,13.083333333333334,1.375,0.4166666666666667,11.75,,,
2013-02-11,,,,3.5833333333333335,4.166666666666667,0.5833333333333334,0.043478260869565216,13.083333333333334,,,
2013-02-12,,,,2.8333333333333335,3.5416666666666665,0.7083333333333334,0.0,19.125,,,
2013-02-13,,,,9.833333333333334,10.833333333333334,1.0,0.08333333333333333,11.75,,,
2013-02-14,,,,2.857142857142857,3.5238095238095237,0.6666666666666666,0.0,15.625,,,
2013-02-15,,,,3.5833333333333335,4.416666666666667,0.8333333333333334,0.0,34.875,,,
2013-02-16,,,,3.375,3.875,0.5,0.041666666666666664,12.458333333333334,,,
2013-02-17,,,,6.625,7.333333333333333,0.7083333333333334,1.4583333333333333,26.791666666666668,,,
2013-02-18,,,,10.083333333333334,11.875,1.7916666666666667,1.7391304347826086,15.166666666666666,,,
2013-02-19,,,,13.041666666666666,14.958333333333334,1.9166666666666667,1.2083333333333333,12.416666666666666,,,
2013-02-20,,,,5.541666666666667,6.375,0.8333333333333334,0.4583333333333333,16.083333333333332,,,
2013-02-21,,,,8.478260869565217,9.73913043478261,1.2608695652173914,1.0,19.541666666666668,,,
2013-02-22,,,,11.416666666666666,12.833333333333334,1.4166666666666667,0.5,12.083333333333334,,,
2013-02-23,,,,5.291666666666667,6.0,0.7083333333333334,0.16666666666666666,12.416666666666666,,,
2013-02-24,,,,8.875,10.25,1.375,0.0,12.458333333333334,,,
2013-02-25,,,,12.583333333333334,14.75,2.1666666666666665,2.5652173913043477,21.708333333333332,,,
2013-02-26,,,,13.541666666666666,15.083333333333334,1.5416666666666667,1.7083333333333333,46.77272727272727,,,
2013-02-27,,,,3.75,3.9166666666666665,0.16666666666666666,0.3333333333333333,34.916666666666664,,,
2013-02-28,,,,8.91304347826087,10.173913043478262,1.2608695652173914,1.0416666666666667,38.0,,,
2013-03-01,,,,6.708333333333333,6.916666666666667,0.20833333333333334,0.7083333333333334,26.708333333333332,,,
2013-03-02,,,,2.125,2.125,0.0,0.0,16.375,,,
2013-03-03,,,,4.0,4.583333333333333,0.5833333333333334,0.08333333333333333,15.791666666666666,,,
2013-03-04,,,,5.416666666666667,5.916666666666667,0.5,1.1304347826086956,19.666666666666668,,,
2013-03-05,,,,3.625,3.7916666666666665,0.16666666666666666,0.3333333333333333,26.291666666666668,,,
2013-03-06,,,,5.625,6.083333333333333,0.4583333333333333,0.6666666666666666,9.708333333333334,,,
2013-03-07,,,,10.173913043478262,11.08695652173913,0.9130434782608695,3.1666666666666665,14.791666666666666,,,
2013-03-08,,,,7.833333333333333,8.583333333333334,0.75,1.25,15.291666666666666,,,
2013-03-09,,,,7.916666666666667,8.875,0.9583333333333334,0.8333333333333334,12.666666666666666,,,
2013-03-10,,,,7.583333333333333,9.25,1.6666666666666667,1.5833333333333333,14.333333333333334,,,
2013-03-11,,,,6.416666666666667,7.416666666666667,1.0,0.34782608695652173,7.913043478260869,,,
2013-03-12,,,,12.708333333333334,15.75,3.0416666666666665,2.5,27.916666666666668,,,
2013-03-13,,,,4.458333333333333,4.5,0.041666666666666664,0.16666666666666666,66.16666666666667,,,
2013-03-14,,,,4.7272727272727275,5.2727272727272725,0.5454545454545454,0.08695652173913043,10.916666666666666,,,
2013-03-15,,,,4.625,5.208333333333333,0.5833333333333334,1.375,4.958333333333333,,,
2013-03-16,,,,6.458333333333333,7.0,0.5416666666666666,1.9583333333333333,23.958333333333332,,,
2013-03-17,,,,5.458333333333333,5.75,0.2916666666666667,1.75,28.875,,,
2013-03-18,,,,3.1666666666666665,3.2083333333333335,0.041666666666666664,0.43478260869565216,41.458333333333336,,,
2013-03-19,,,,4.375,4.875,0.5,0.041666666666666664,14.583333333333334,,,
2013-03-20,,,,7.0,7.458333333333333,0.4583333333333333,0.0,30.958333333333332,,,
2013-03-21,,,,3.9565217391304346,4.521739130434782,0.5652173913043478,0.16666666666666666,4.291666666666667,,,
2013-03-22,,,,4.333333333333333,5.083333333333333,0.75,0.20833333333333334,4.375,,,
2013-03-23,,,,6.708333333333333,7.375,0.6666666666666666,0.8333333333333334,10.625,,,
2013-03-24,,,,9.916666666666666,11.041666666666666,1.125,0.875,16.708333333333332,,,
2013-03-25,,,,5.541666666666667,5.875,0.3333333333333333,2.260869565217391,35.5,,,
2013-03-26,,,,11.375,13.291666666666666,1.9166666666666667,1.25,41.833333333333336,,,
2013-03-27,,,,4.25,4.416666666666667,0.16666666666666666,0.9583333333333334,32.375,,,
2013-03-28,,,,9.91304347826087,11.08695652173913,1.173913043478261,1.6666666666666667,32.583333333333336,,,
2013-03-29,,,,2.5416666666666665,2.5833333333333335,0.041666666666666664,0.75,29.041666666666668,,,
2013-03-30,,,,1.7083333333333333,1.7916666666666667,0.08333333333333333,0.0,41.708333333333336,,,
2013-03-31,,,,4.916666666666667,5.416666666666667,0.5,0.16666666666666666,8.666666666666666,,,
2013-04-01,,,,4.434782608695652,4.913043478260869,0.4782608695652174,0.0,17.166666666666668,,,
2013-04-02,,,,2.9166666666666665,2.9166666666666665,0.0,0.0,25.916666666666668,,,
2013-04-03,,,,2.9523809523809526,3.0952380952380953,0.14285714285714285,0.19047619047619047,35.523809523809526,,,
2013-04-04,,,,7.363636363636363,8.0,0.6363636363636364,0.0,31.09090909090909,,,
2013-04-05,,,,8.375,9.291666666666666,0.9166666666666666,0.041666666666666664,37.541666666666664,,,
2013-04-06,,,,1.2916666666666667,1.4166666666666667,0.125,0.0,35.416666666666664,,,
2013-04-07,,,,1.7083333333333333,1.9583333333333333,0.25,0.0,47.916666666666664,,,
2013-04-08,,,,6.956521739130435,7.304347826086956,0.34782608695652173,0.0,13.791666666666666,,,
2013-04-09,,,,8.791666666666666,10.541666666666666,1.75,0.4583333333333333,27.208333333333332,,,
2013-04-10,,,,5.291666666666667,5.75,0.4583333333333333,0.0,26.208333333333332,,,
2013-04-11,,,,4.208333333333333,4.5,0.2916666666666667,0.0,17.583333333333332,,,
2013-04-12,,,,7.958333333333333,8.458333333333334,0.5,0.13636363636363635,19.041666666666668,,,
2013-04-13,,,,3.625,3.875,0.25,0.0,13.375,,,
2013-04-14,,,,1.8333333333333333,1.8333333333333333,0.0,0.08333333333333333,37.833333333333336,,,
2013-04-15,,,,4.043478260869565,4.478260869565218,0.43478260869565216,0.125,34.208333333333336,,,
2013-04-16,,,,4.958333333333333,5.333333333333333,0.375,0.08333333333333333,25.208333333333332,,,
2013-04-17,,,,2.375,2.375,0.0,0.0,57.0,,,
2013-04-18,,,,3.9583333333333335,4.291666666666667,0.3333333333333333,0.08333333333333333,27.708333333333332,,,
2013-04-19,,,,4.125,4.541666666666667,0.4166666666666667,0.0,22.916666666666668,,,
2013-04-20,,,,6.166666666666667,6.666666666666667,0.5,0.0,21.166666666666668,,,
2013-04-21,,,,2.2083333333333335,2.2083333333333335,0.0,0.0,14.833333333333334,,,
2013-04-22,,,,8.391304347826088,9.043478260869565,0.6521739130434783,0.5416666666666666,25.5,,,
2013-04-23,,,,6.916666666666667,7.25,0.3333333333333333,0.375,28.708333333333332,,,
2013-04-24,,,,2.625,2.625,0.0,0.041666666666666664,40.125,,,
2013-04-25,,,,7.5,8.0,0.5,0.16666666666666666,34.916666666666664,,,
2013-04-26,,,,4.375,4.5,0.125,0.5217391304347826,30.166666666666668,,,
2013-04-27,,,,4.083333333333333,4.208333333333333,0.125,0.08333333333333333,22.625,,,
2013-04-28,,,,4.458333333333333,4.541666666666667,0.08333333333333333,0.375,26.416666666666668,,,
2013-04-29,,,,6.3478260869565215,6.565217391304348,0.21739130434782608,0.7083333333333334,33.125,,,
2013-04-30,,,,1.2916666666666667,1.2916666666666667,0.0,0.0,46.208333333333336,,,
2013-05-01,,,,3.75,4.25,0.5,0.0,30.125,,,
2013-05-02,,,,6.625,7.291666666666667,0.6666666666666666,0.375,12.416666666666666,,,
2013-05-03,,,,3.6666666666666665,3.9583333333333335,0.2916666666666667,0.16666666666666666,15.5,,,
2013-05-04,,,,2.9166666666666665,3.25,0.3333333333333333,0.041666666666666664,17.291666666666668,,,
2013-05-05,,,,4.0,4.333333333333333,0.3333333333333333,0.375,24.791666666666668,,,
2013-05-06,,,,5.0,5.130434782608695,0.13043478260869565,0.6666666666666666,32.59090909090909,,,
2013-05-07,,,,3.6666666666666665,4.041666666666667,0.375,0.08333333333333333,19.666666666666668,,,
2013-05-08,,,,8.0,8.625,0.625,0.7083333333333334,14.75,,,
2013-05-09,,,,8.916666666666666,10.041666666666666,1.125,1.6666666666666667,25.227272727272727,,,
2013-05-10,,,,10.416666666666666,11.541666666666666,1.125,1.4166666666666667,27.583333333333332,,,
2013-05-11,,,,4.0,4.041666666666667,0.041666666666666664,0.25,31.416666666666668,,,
2013-05-12,,,,4.041666666666667,4.416666666666667,0.375,0.041666666666666664,21.375,,,
2013-05-13,,,,5.043478260869565,5.695652173913044,0.6521739130434783,0.2916666666666667,25.416666666666668,,,
2013-05-14,,,,5.375,5.708333333333333,0.3333333333333333,0.85,24.166666666666668,,,
2013-05-15,,,,5.958333333333333,6.5,0.5416666666666666,0.17391304347826086,36.375,,,
2013-05-16,,,,7.5,9.5,2.0,0.5416666666666666,23.25,,,
2013-05-17,,,,4.958333333333333,5.75,0.7916666666666666,0.20833333333333334,20.25,,,
2013-05-18,,,,4.75,5.083333333333333,0.3333333333333333,0.375,21.416666666666668,,,
2013-05-19,,,,3.2083333333333335,3.4166666666666665,0.20833333333333334,0.25,20.916666666666668,,,
2013-05-20,,,,4.3478260869565215,4.391304347826087,0.043478260869565216,0.0,21.541666666666668,,,
2013-05-21,,,,6.75,7.75,1.0,0.16666666666666666,16.333333333333332,,,
2013-05-22,,,,5.583333333333333,6.166666666666667,0.5833333333333334,0.043478260869565216,24.291666666666668,,,
2013-05-23,,,,8.041666666666666,8.875,0.8333333333333334,0.0,28.625,,,
2013-05-24,,,,9.958333333333334,11.125,1.1666666666666667,0.5652173913043478,26.91304347826087,,,
2013-05-25,,,,4.25,4.75,0.5,0.0,12.541666666666666,,,
2013-05-26,,,,4.541666666666667,4.666666666666667,0.125,0.0,18.791666666666668,,,
2013-05-27,,,,4.086956521739131,4.260869565217392,0.17391304347826086,0.0,15.541666666666666,,,
2013-05-28,,,,2.5416666666666665,2.5833333333333335,0.041666666666666664,0.0,16.416666666666668,,,
2013-05-29,,,,2.1666666666666665,2.25,0.08333333333333333,0.0,23.75,,,
2013-05-30,,,,1.9583333333333333,1.9583333333333333,0.0,0.0,33.75,,,
2013-05-31,,,,5.583333333333333,6.166666666666667,0.5833333333333334,0.0,28.083333333333332,,,
2013-06-01,,,,4.083333333333333,4.5,0.4166666666666667,0.0,16.75,,,
2013-06-02,,,,2.125,2.3333333333333335,0.20833333333333334,0.0,20.791666666666668,,,
2013-06-03,,,,5.521739130434782,6.173913043478261,0.6521739130434783,0.041666666666666664,17.666666666666668,,,
2013-06-04,,,,8.583333333333334,10.916666666666666,2.3333333333333335,1.0833333333333333,25.833333333333332,,,
2013-06-05,,,,4.541666666666667,4.958333333333333,0.4166666666666667,0.13043478260869565,19.833333333333332,,,
2013-06-06,,,,4.0,4.208333333333333,0.20833333333333334,0.0,15.916666666666666,,,
2013-06-07,,,,5.708333333333333,6.416666666666667,0.7083333333333334,0.4782608695652174,15.541666666666666,,,
2013-06-08,,,,6.25,6.875,0.625,0.875,15.958333333333334,,,
2013-06-09,,,,6.416666666666667,7.083333333333333,0.6666666666666666,1.625,27.625,,,
2013-06-10,,,,3.5652173913043477,3.782608695652174,0.21739130434782608,0.55,24.583333333333332,,,
2013-06-11,,,,12.625,13.75,1.125,0.782608695652174,20.208333333333332,,,
2013-06-12,,,,8.708333333333334,9.833333333333334,1.125,0.0,19.833333333333332,,,
2013-06-13,,,,4.708333333333333,6.125,1.4166666666666667,0.0,15.833333333333334,,,
2013-06-14,,,,9.041666666666666,13.666666666666666,4.625,0.125,19.5,,,
2013-06-15,,,,5.166666666666667,8.458333333333334,3.2916666666666665,0.041666666666666664,15.916666666666666,,,
2013-06-16,,,,4.875,5.375,0.5,0.0,16.416666666666668,,,
2013-06-17,,,,5.869565217391305,6.869565217391305,1.0,0.0,17.375,,,
2013-06-18,,,,3.5,4.041666666666667,0.5416666666666666,0.0,37.125,,,
2013-06-19,,,,4.0,4.375,0.375,0.041666666666666664,50.291666666666664,,,
2013-06-20,,,,5.333333333333333,5.5,0.16666666666666666,0.0,17.291666666666668,,,
2013-06-21,,,,11.416666666666666,12.333333333333334,0.9166666666666666,0.4583333333333333,22.25,,,
2013-06-22,,,,9.458333333333334,10.041666666666666,0.5833333333333334,1.1666666666666667,30.916666666666668,,,
2013-06-23,,,,8.541666666666666,9.166666666666666,0.625,0.4583333333333333,26.791666666666668,,,
2013-06-24,,,,10.130434782608695,11.956521739130435,1.826086956521739,0.7916666666666666,26.291666666666668,,,
2013-06-25,,,,6.875,8.208333333333334,1.3333333333333333,0.4782608695652174,23.333333333333332,,,
2013-06-26,,,,5.458333333333333,5.75,0.2916666666666667,0.3333333333333333,24.416666666666668,,,
2013-06-27,,,,3.3333333333333335,3.7916666666666665,0.4583333333333333,0.041666666666666664,23.5,,,
2013-06-28,,,,6.416666666666667,7.25,0.8333333333333334,0.2916666666666667,21.25,,,
2013-06-29,,,,6.625,7.75,1.125,0.16666666666666666,25.083333333333332,,,
2013-06-30,,,,4.875,5.708333333333333,0.8333333333333334,0.5,20.041666666666668,,,
2013-07-01,,,,3.8260869565217392,4.217391304347826,0.391304347826087,0.2916666666666667,15.583333333333334,,,
2013-07-02,,,,4.916666666666667,5.791666666666667,0.875,0.17391304347826086,14.583333333333334,,,
2013-07-03,,,,3.3333333333333335,3.5,0.16666666666666666,1.125,18.208333333333332,,,
2013-07-04,,,,3.5555555555555554,3.888888888888889,0.3333333333333333,0.2916666666666667,32.083333333333336,,,
2013-07-05,,,,1.3846153846153846,2.0,0.6153846153846154,0.08333333333333333,43.083333333333336,,,
2013-07-06,,,,1.2916666666666667,1.9583333333333333,0.6666666666666666,0.0,45.083333333333336,,,
2013-07-07,,,,4.0,5.125,1.125,0.125,37.416666666666664,,,
2013-07-08,,,,10.375,13.333333333333334,2.9583333333333335,0.7916666666666666,31.291666666666668,,,
2013-07-09,,,,7.125,7.791666666666667,0.6666666666666666,0.8695652173913043,44.708333333333336,,,
2013-07-10,,,,4.791666666666667,5.416666666666667,0.625,0.7916666666666666,48.916666666666664,,,
2013-07-11,,,,5.125,5.958333333333333,0.8333333333333334,1.0,58.541666666666664,,,
2013-07-12,,,,8.173913043478262,9.391304347826088,1.2173913043478262,1.0,47.708333333333336,,,
2013-07-13,,,,5.666666666666667,6.0,0.3333333333333333,0.7083333333333334,53.708333333333336,,,
2013-07-14,,,,7.041666666666667,7.916666666666667,0.875,1.9166666666666667,56.166666666666664,,,
2013-07-15,,,,3.7916666666666665,4.083333333333333,0.2916666666666667,0.2916666666666667,37.625,,,
2013-07-16,,,,3.9583333333333335,4.5,0.5416666666666666,0.0,16.625,,,
2013-07-17,,,,5.375,6.25,0.875,0.041666666666666664,20.416666666666668,,,
2013-07-18,,,,4.375,4.625,0.25,0.3333333333333333,38.666666666666664,,,
2013-07-19,,,,2.9130434782608696,3.4782608695652173,0.5652173913043478,0.08333333333333333,23.458333333333332,,,
2013-07-20,,,,3.0,3.4583333333333335,0.4583333333333333,0.0,19.708333333333332,,,
2013-07-21,,,,2.875,3.4166666666666665,0.5416666666666666,0.0,17.041666666666668,,,
2013-07-22,,,,4.416666666666667,5.0,0.5833333333333334,0.20833333333333334,24.666666666666668,,,
2013-07-23,,,,5.291666666666667,5.958333333333333,0.6666666666666666,0.2608695652173913,28.166666666666668,,,
2013-07-24,,,,5.375,5.958333333333333,0.5833333333333334,0.7916666666666666,16.333333333333332,,,
2013-07-25,,,,6.25,7.666666666666667,1.4166666666666667,0.75,18.166666666666668,,,
2013-07-26,,,,4.913043478260869,5.695652173913044,0.782608695652174,0.6666666666666666,31.083333333333332,,,
2013-07-27,,,,3.2916666666666665,3.3333333333333335,0.041666666666666664,0.5,33.75,,,
2013-07-28,,,,4.0,4.0,0.0,0.8333333333333334,26.125,,,
2013-07-29,,,,6.541666666666667,6.75,0.20833333333333334,0.3333333333333333,32.0,,,
2013-07-30,,,,4.416666666666667,4.75,0.3333333333333333,0.0,31.458333333333332,,,
2013-07-31,,,,4.666666666666667,5.416666666666667,0.75,0.0,26.041666666666668,,,
2013-08-01,,,,6.208333333333333,6.916666666666667,0.7083333333333334,0.5416666666666666,21.791666666666668,,,
2013-08-02,,,,2.4782608695652173,3.5652173913043477,1.0869565217391304,0.25,17.565217391304348,,,
2013-08-03,,,,3.375,3.9166666666666665,0.5416666666666666,0.8333333333333334,19.25,,,
2013-08-04,,,,3.2083333333333335,3.4166666666666665,0.20833333333333334,0.75,15.75,,,
2013-08-05,,,,3.2083333333333335,3.5833333333333335,0.375,0.16666666666666666,18.291666666666668,,,
2013-08-06,,,,4.125,4.541666666666667,0.4166666666666667,0.043478260869565216,24.166666666666668,,,
2013-08-07,,,,5.875,7.041666666666667,1.1666666666666667,0.375,30.583333333333332,,,
2013-08-08,,,,7.708333333333333,7.958333333333333,0.25,2.1666666666666665,38.916666666666664,,,
2013-08-09,,,,3.0,3.1739130434782608,0.17391304347826086,0.5833333333333334,51.791666666666664,,,
2013-08-10,,,,4.041666666666667,4.333333333333333,0.2916666666666667,0.6666666666666666,61.583333333333336,,,
2013-08-11,,,,5.625,6.041666666666667,0.4166666666666667,1.7083333333333333,78.45833333333333,,,
2013-08-12,,,,4.583333333333333,4.791666666666667,0.20833333333333334,1.2083333333333333,76.16666666666667,,,
2013-08-13,,,,4.291666666666667,4.666666666666667,0.375,0.391304347826087,49.875,,,
2013-08-14,,,,2.5,2.5416666666666665,0.041666666666666664,0.041666666666666664,35.125,,,
2013-08-15,,,,2.5416666666666665,2.7083333333333335,0.16666666666666666,0.0,36.083333333333336,,,
2013-08-16,,,,2.608695652173913,2.782608695652174,0.17391304347826086,0.13043478260869565,31.875,,,
2013-08-17,,,,1.8333333333333333,2.125,0.2916666666666667,0.041666666666666664,18.333333333333332,,,
2013-08-18,,,,2.1666666666666665,2.3333333333333335,0.16666666666666666,0.0,17.125,,,
2013-08-19,,,,2.4166666666666665,2.7916666666666665,0.375,0.0,25.041666666666668,,,
2013-08-20,,,,3.625,4.5,0.875,1.0869565217391304,23.166666666666668,,,
2013-08-21,,,,5.125,6.458333333333333,1.3333333333333333,0.20833333333333334,19.458333333333332,,,
2013-08-22,,,,5.75,6.458333333333333,0.7083333333333334,0.2916666666666667,22.291666666666668,,,
2013-08-23,,,,5.391304347826087,6.043478260869565,0.6521739130434783,0.375,30.25,,,
2013-08-24,,,,7.25,7.791666666666667,0.5416666666666666,0.08333333333333333,32.833333333333336,,,
2013-08-25,,,,4.833333333333333,4.833333333333333,0.0,0.041666666666666664,20.666666666666668,,,
2013-08-26,,,,6.333333333333333,6.875,0.5416666666666666,0.2916666666666667,19.75,,,
2013-08-27,,,,3.5416666666666665,3.75,0.20833333333333334,0.043478260869565216,13.375,,,
2013-08-28,,,,6.583333333333333,6.791666666666667,0.20833333333333334,2.4583333333333335,24.458333333333332,,,
2013-08-29,,,,5.458333333333333,5.75,0.2916666666666667,0.9583333333333334,35.416666666666664,,,
2013-08-30,,,,2.4782608695652173,2.739130434782609,0.2608695652173913,0.4166666666666667,47.166666666666664,,,
2013-08-31,,,,5.958333333333333,6.708333333333333,0.75,0.5,45.0,,,
2013-09-01,,,,2.2083333333333335,2.3333333333333335,0.125,0.16666666666666666,41.583333333333336,,,
2013-09-02,,,,4.166666666666667,4.666666666666667,0.5,0.625,23.458333333333332,,,
2013-09-03,,,,4.208333333333333,7.208333333333333,3.0,0.8695652173913043,15.166666666666666,,,
2013-09-04,,,,2.75,3.0833333333333335,0.3333333333333333,0.20833333333333334,31.958333333333332,,,
2013-09-05,,,,3.6666666666666665,4.333333333333333,0.6666666666666666,0.4166666666666667,29.166666666666668,,,
2013-09-06,,,,4.086956521739131,4.782608695652174,0.6956521739130435,0.0,23.083333333333332,,,
2013-09-07,,,,3.5,3.8333333333333335,0.3333333333333333,0.16666666666666666,22.25,,,
2013-09-08,,,,3.25,3.7916666666666665,0.5416666666666666,0.375,19.458333333333332,,,
2013-09-09,,,,4.25,4.791666666666667,0.5416666666666666,0.16666666666666666,14.208333333333334,,,
2013-09-10,,,,3.9583333333333335,4.5,0.5416666666666666,0.043478260869565216,17.833333333333332,,,
2013-09-11,,,,5.0,5.416666666666667,0.4166666666666667,0.0,18.583333333333332,,,
2013-09-12,,,,5.954545454545454,6.454545454545454,0.5,0.4090909090909091,18.458333333333332,,,
2013-09-13,,,,8.0,9.130434782608695,1.1304347826086956,0.5416666666666666,22.083333333333332,,,
2013-09-14,,,,5.208333333333333,5.583333333333333,0.375,0.25,20.333333333333332,,,
2013-09-15,,,,1.4583333333333333,1.625,0.16666666666666666,0.0,42.291666666666664,,,
2013-09-16,,,,1.625,2.0833333333333335,0.4583333333333333,0.0,50.208333333333336,,,
2013-09-17,,,,4.583333333333333,5.083333333333333,0.5,0.13043478260869565,18.25,,,
2013-09-18,,,,7.041666666666667,7.541666666666667,0.5,0.4583333333333333,18.416666666666668,,,
2013-09-19,,,,7.041666666666667,7.75,0.7083333333333334,0.2916666666666667,18.416666666666668,,,
2013-09-20,,,,5.260869565217392,6.304347826086956,1.0434782608695652,0.125,22.0,,,
2013-09-21,,,,3.75,4.166666666666667,0.4166666666666667,0.041666666666666664,22.708333333333332,,,
2013-09-22,,,,3.375,3.6666666666666665,0.2916666666666667,0.5416666666666666,28.041666666666668,,,
2013-09-23,,,,1.4166666666666667,1.8333333333333333,0.4166666666666667,0.0,23.458333333333332,,,
2013-09-24,,,,4.125,4.666666666666667,0.5416666666666666,0.0,33.458333333333336,,,
2013-09-25,,,,4.5,5.083333333333333,0.5833333333333334,0.0,30.75,,,
2013-09-26,,,,1.6666666666666667,2.125,0.4583333333333333,0.0,23.875,,,
2013-09-27,,,,4.130434782608695,4.6521739130434785,0.5217391304347826,0.0,13.958333333333334,,,
2013-09-28,,,,4.25,4.666666666666667,0.4166666666666667,0.0,15.166666666666666,,,
2013-09-29,,,,4.0,4.166666666666667,0.16666666666666666,0.08333333333333333,16.291666666666668,,,
2013-09-30,,,,3.0833333333333335,3.3333333333333335,0.25,0.0,18.375,,,
2013-10-01,,,,4.75,5.291666666666667,0.5416666666666666,0.0,23.25,,,
2013-10-02,,,,4.583333333333333,5.25,0.6666666666666666,0.041666666666666664,26.208333333333332,,,
2013-10-03,,,,5.875,6.75,0.875,0.4166666666666667,32.708333333333336,,,
2013-10-04,,,,2.391304347826087,2.608695652173913,0.21739130434782608,0.0,24.291666666666668,,,
2013-10-05,,,,2.2083333333333335,2.25,0.041666666666666664,0.0,27.333333333333332,,,
2013-10-06,,,,3.125,3.3333333333333335,0.20833333333333334,0.0,22.5,,,
2013-10-07,,,,4.708333333333333,5.583333333333333,0.875,0.0,16.833333333333332,,,
2013-10-08,,,,4.416666666666667,5.708333333333333,1.2916666666666667,0.0,17.041666666666668,,,
2013-10-09,,,,1.0416666666666667,1.4166666666666667,0.375,0.16666666666666666,29.375,,,
2013-10-10,,,,6.916666666666667,9.125,2.2083333333333335,0.5,23.541666666666668,,,
2013-10-11,,,,3.217391304347826,3.4347826086956523,0.21739130434782608,0.25,24.043478260869566,,,
2013-10-12,,,,2.0833333333333335,2.0833333333333335,0.0,0.3333333333333333,33.833333333333336,,,
2013-10-13,,,,7.333333333333333,7.666666666666667,0.3333333333333333,0.7916666666666666,14.375,,,
2013-10-14,,,,3.25,3.3333333333333335,0.08333333333333333,0.08333333333333333,17.125,,,
2013-10-15,,,,4.541666666666667,4.583333333333333,0.041666666666666664,0.08695652173913043,21.666666666666668,,,
2013-10-16,,,,2.0416666666666665,2.0416666666666665,0.0,0.0,37.416666666666664,,,
2013-10-17,,,,3.2916666666666665,3.8333333333333335,0.5416666666666666,0.0,16.208333333333332,,,
2013-10-18,,,,3.9130434782608696,4.434782608695652,0.5217391304347826,0.125,15.916666666666666,,,
2013-10-19,,,,3.375,3.4583333333333335,0.08333333333333333,0.0,22.416666666666668,,,
2013-10-20,,,,3.8333333333333335,3.8333333333333335,0.0,0.0,26.416666666666668,,,
2013-10-21,,,,4.833333333333333,5.416666666666667,0.5833333333333334,0.0,18.125,,,
2013-10-22,,,,2.8333333333333335,3.2916666666666665,0.4583333333333333,0.0,15.75,,,
2013-10-23,,,,2.8333333333333335,3.2916666666666665,0.4583333333333333,0.0,15.5,,,
2013-10-24,,,,3.5,3.7916666666666665,0.2916666666666667,0.0,23.5,,,
2013-10-25,,,,3.1739130434782608,3.391304347826087,0.21739130434782608,0.0,28.875,,,
2013-10-26,,,,5.75,6.041666666666667,0.2916666666666667,0.2916666666666667,22.625,,,
2013-10-27,,,,6.166666666666667,6.541666666666667,0.375,0.2916666666666667,19.5,,,
2013-10-28,,,,9.125,10.333333333333334,1.2083333333333333,0.6666666666666666,19.208333333333332,,,
2013-10-29,,,,16.333333333333332,19.375,3.0416666666666665,0.043478260869565216,25.291666666666668,,,
2013-10-30,,,,8.75,9.541666666666666,0.7916666666666666,0.08333333333333333,18.708333333333332,,,
2013-10-31,,,,14.291666666666666,15.541666666666666,1.25,0.4166666666666667,28.708333333333332,,,
2013-11-01,,,,12.869565217391305,14.652173913043478,1.7826086956521738,0.5,30.958333333333332,,,
2013-11-02,,,,7.125,7.791666666666667,0.6666666666666666,0.16666666666666666,27.458333333333332,,,
2013-11-03,,,,9.0,9.583333333333334,0.5833333333333334,0.20833333333333334,63.458333333333336,,,
2013-11-04,,,,8.833333333333334,9.166666666666666,0.3333333333333333,0.4583333333333333,47.625,,,
2013-11-05,,,,11.875,14.208333333333334,2.3333333333333335,0.43478260869565216,25.708333333333332,,,
2013-11-06,,,,7.958333333333333,12.083333333333334,4.125,0.3333333333333333,22.291666666666668,,,
2013-11-07,,,,10.458333333333334,11.666666666666666,1.2083333333333333,0.041666666666666664,29.75,,,
2013-11-08,,,,15.173913043478262,20.347826086956523,5.173913043478261,0.4583333333333333,27.125,,,
2013-11-09,,,,4.875,5.458333333333333,0.5833333333333334,0.0,18.541666666666668,,,
2013-11-10,,,,2.3333333333333335,2.3333333333333335,0.0,0.08333333333333333,30.625,,,
2013-11-11,,,,4.916666666666667,5.458333333333333,0.5416666666666666,1.125,15.166666666666666,,,
2013-11-12,,,,11.333333333333334,13.166666666666666,1.8333333333333333,1.434782608695652,13.375,,,
2013-11-13,,,,9.875,11.708333333333334,1.8333333333333333,1.5416666666666667,15.166666666666666,,,
2013-11-14,,,,11.291666666666666,13.0,1.7083333333333333,1.0,15.5,,,
2013-11-15,,,,13.304347826086957,15.73913043478261,2.4347826086956523,0.25,27.041666666666668,,,
2013-11-16,,,,7.916666666666667,8.791666666666666,0.875,1.5833333333333333,25.75,,,
2013-11-17,,,,5.416666666666667,6.125,0.7083333333333334,1.0,33.333333333333336,,,
2013-11-18,,,,3.875,4.125,0.25,1.0416666666666667,27.875,,,
2013-11-19,,,,6.625,7.791666666666667,1.1666666666666667,0.9565217391304348,16.583333333333332,,,
2013-11-20,,,,9.375,10.916666666666666,1.5416666666666667,1.4166666666666667,22.166666666666668,,,
2013-11-21,,,,17.416666666666668,20.041666666666668,2.625,0.2916666666666667,20.291666666666668,,,
2013-11-22,,,,18.652173913043477,23.82608695652174,5.173913043478261,0.0,22.416666666666668,,,
2013-11-23,,,,13.166666666666666,16.208333333333332,3.0416666666666665,0.625,16.125,,,
2013-11-24,,,,10.083333333333334,11.25,1.1666666666666667,0.8333333333333334,24.916666666666668,,,
2013-11-25,,,,7.75,8.583333333333334,0.8333333333333334,0.16666666666666666,28.5,,,
2013-11-26,,,,10.0,11.958333333333334,1.9583333333333333,0.6956521739130435,29.791666666666668,,,
2013-11-27,,,,7.208333333333333,10.083333333333334,2.875,0.3333333333333333,15.708333333333334,,,
2013-11-28,,,,4.916666666666667,5.333333333333333,0.4166666666666667,0.6666666666666666,21.958333333333332,,,
2013-11-29,,,,9.826086956521738,11.608695652173912,1.7826086956521738,0.9583333333333334,16.416666666666668,,,
2013-11-30,,,,14.75,19.458333333333332,4.708333333333333,0.041666666666666664,16.958333333333332,,,
2013-12-01,,,,13.75,15.583333333333334,1.8333333333333333,0.8333333333333334,20.666666666666668,,,
2013-12-02,,,,15.541666666666666,19.083333333333332,3.5416666666666665,0.25,29.958333333333332,,,
2013-12-03,,,,16.416666666666668,19.458333333333332,3.0416666666666665,1.0434782608695652,29.958333333333332,,,
2013-12-04,,,,10.416666666666666,12.75,2.3333333333333335,0.16666666666666666,15.875,,,
2013-12-05,,,,14.583333333333334,18.708333333333332,4.125,0.5,20.291666666666668,,,
2013-12-06,,,,27.434782608695652,39.65217391304348,12.217391304347826,2.1666666666666665,43.25,,,
2013-12-07,,,,6.75,7.666666666666667,0.9166666666666666,1.0,15.625,,,
2013-12-08,,,,5.833333333333333,6.166666666666667,0.3333333333333333,0.9166666666666666,13.0,,,
2013-12-09,,,,17.583333333333332,21.875,4.291666666666667,0.875,30.208333333333332,,,
2013-12-10,,,,11.125,14.541666666666666,3.4166666666666665,0.17391304347826086,36.208333333333336,,,
2013-12-11,,,,7.625,8.666666666666666,1.0416666666666667,1.0,17.333333333333332,,,
2013-12-12,,,,13.041666666666666,14.958333333333334,1.9166666666666667,1.5416666666666667,21.791666666666668,,,
2013-12-13,,,,9.043478260869565,12.608695652173912,3.5652173913043477,0.8333333333333334,20.541666666666668,,,
2013-12-14,,,,5.916666666666667,6.625,0.7083333333333334,0.5416666666666666,13.208333333333334,,,
2013-12-15,,,,5.083333333333333,5.916666666666667,0.8333333333333334,0.20833333333333334,11.666666666666666,,,
2013-12-16,,,,6.375,7.583333333333333,1.2083333333333333,0.041666666666666664,13.958333333333334,,,
2013-12-17,,,,7.666666666666667,9.458333333333334,1.7916666666666667,0.43478260869565216,11.461538461538462,,,
2013-12-18,,,,5.625,6.833333333333333,1.2083333333333333,0.125,,,,
2013-12-19,,,,3.2916666666666665,4.291666666666667,1.0,0.0,,,,
2013-12-20,,,,6.913043478260869,7.869565217391305,0.9565217391304348,0.041666666666666664,8.11111111111111,,,
2013-12-21,,,,13.875,18.333333333333332,4.458333333333333,0.625,19.291666666666668,,,
2013-12-22,,,,6.458333333333333,7.5,1.0416666666666667,0.0,11.416666666666666,,,
2013-12-23,,,,13.416666666666666,16.791666666666668,3.375,0.625,17.916666666666668,,,
2013-12-24,,,,8.916666666666666,9.958333333333334,1.0416666666666667,0.4782608695652174,13.583333333333334,,,
2013-12-25,,,,17.666666666666668,27.083333333333332,9.416666666666666,2.875,18.833333333333332,,,
2013-12-26,,,,22.916666666666668,31.541666666666668,8.625,0.375,34.125,,,
2013-12-27,,,,15.08695652173913,16.391304347826086,1.3043478260869565,1.6666666666666667,27.916666666666668,,,
2013-12-28,,,,6.125,7.041666666666667,0.9166666666666666,0.2916666666666667,9.875,,,
2013-12-29,,,,8.833333333333334,11.166666666666666,2.3333333333333335,0.041666666666666664,10.958333333333334,,,
2013-12-30,,,,11.958333333333334,14.75,2.7916666666666665,1.3333333333333333,18.0,,,
2013-12-31,,,,15.833333333333334,17.833333333333332,2.0,0.391304347826087,22.625,,,
2014-01-01,89.0,60.708333333333336,44.0,5.782608695652174,6.391304347826087,0.6086956521739131,2.130434782608696,6.875,90.0,43.75,7.0
2014-01-02,79.0,54.0,32.0,8.833333333333334,10.208333333333334,1.375,0.08333333333333333,5.916666666666667,69.0,26.125,-19.0
2014-01-03,84.0,56.666666666666664,33.0,5.375,6.166666666666667,0.7916666666666666,0.20833333333333334,4.291666666666667,82.0,35.25,-4.0
2014-01-04,81.0,70.79166666666667,51.0,11.666666666666666,14.708333333333334,3.0416666666666665,0.5833333333333334,13.333333333333334,92.0,40.666666666666664,7.0
2014-01-05,95.0,79.20833333333333,59.0,16.125,20.333333333333332,4.208333333333333,0.625,22.375,112.0,56.041666666666664,19.0
2014-01-06,98.0,80.29166666666667,69.0,5.083333333333333,6.833333333333333,1.75,1.6666666666666667,36.041666666666664,165.0,120.58333333333333,40.0
2014-01-07,71.0,50.375,37.0,7.208333333333333,10.0,2.7916666666666665,0.7916666666666666,3.2083333333333335,93.0,64.54166666666667,34.0
2014-01-08,66.0,52.791666666666664,41.0,6.739130434782608,8.91304347826087,2.1739130434782608,0.13043478260869565,6.416666666666667,99.0,49.916666666666664,13.0
2014-01-09,65.0,51.458333333333336,37.0,7.916666666666667,10.291666666666666,2.375,0.08333333333333333,5.833333333333333,97.0,49.708333333333336,14.0
2014-01-10,71.0,51.125,31.0,5.916666666666667,8.0,2.0833333333333335,0.0,4.333333333333333,102.0,50.75,11.0
2014-01-11,89.0,61.083333333333336,41.0,6.875,9.041666666666666,2.1666666666666665,0.5416666666666666,9.166666666666666,100.0,59.041666666666664,13.0
2014-01-12,93.0,61.625,36.0,5.375,7.75,2.375,0.20833333333333334,4.416666666666667,85.0,40.375,9.0
2014-01-13,87.0,67.375,40.0,14.5,20.75,6.25,0.4583333333333333,6.375,101.0,40.166666666666664,-6.0
2014-01-14,88.0,72.375,51.0,23.375,34.625,11.25,1.75,24.375,107.0,60.125,-4.0
2014-01-15,98.0,95.83333333333333,89.0,18.217391304347824,33.04347826086956,14.826086956521738,0.391304347826087,44.208333333333336,114.0,80.95833333333333,51.0
2014-01-16,97.0,82.58333333333333,62.0,7.75,10.791666666666666,3.0416666666666665,0.7083333333333334,12.869565217391305,116.0,82.79166666666667,38.0
2014-01-17,88.0,61.916666666666664,37.0,5.708333333333333,9.125,3.4166666666666665,0.75,10.041666666666666,120.0,79.83333333333333,6.0
2014-01-18,66.0,52.708333333333336,34.0,6.291666666666667,7.583333333333333,1.2916666666666667,0.125,3.5416666666666665,99.0,43.666666666666664,0.0
2014-01-19,85.0,66.625,44.0,16.75,22.833333333333332,6.083333333333333,1.0833333333333333,13.625,114.0,63.458333333333336,29.0
2014-01-20,87.0,64.25,38.0,9.583333333333334,12.25,2.6666666666666665,1.4166666666666667,14.75,106.0,59.708333333333336,11.0
2014-01-21,98.0,83.45833333333333,65.0,14.0,30.083333333333332,16.083333333333332,0.5833333333333334,26.458333333333332,108.0,77.58333333333333,59.0
2014-01-22,98.0,97.16666666666667,93.0,8.347826086956522,14.608695652173912,6.260869565217392,0.08695652173913043,20.791666666666668,109.0,91.79166666666667,74.0
2014-01-23,98.0,78.125,45.0,9.5,13.0,3.5,0.5,7.541666666666667,122.0,70.25,15.0
2014-01-24,97.0,76.16666666666667,56.0,14.666666666666666,24.291666666666668,9.625,0.4583333333333333,6.916666666666667,83.0,45.5,2.0
2014-01-25,98.0,81.91666666666667,65.0,10.75,13.833333333333334,3.0833333333333335,0.75,17.333333333333332,106.0,71.04166666666667,19.0
2014-01-26,98.0,93.54166666666667,76.0,17.416666666666668,25.75,8.333333333333334,1.0,39.0,128.0,102.95833333333333,81.0
2014-01-27,98.0,93.20833333333333,76.0,13.791666666666666,19.625,5.833333333333333,0.7083333333333334,27.625,136.0,108.08333333333333,63.0
2014-01-28,97.0,79.20833333333333,61.0,8.75,18.666666666666668,9.916666666666666,1.2083333333333333,7.791666666666667,70.0,47.041666666666664,7.0
2014-01-29,85.0,69.33333333333333,58.0,14.217391304347826,22.869565217391305,8.652173913043478,0.5217391304347826,5.208333333333333,62.0,35.333333333333336,-5.0
2014-01-30,98.0,92.375,68.0,13.416666666666666,20.166666666666668,6.75,0.041666666666666664,21.291666666666668,102.0,74.45833333333333,45.0
2014-01-31,98.0,68.16666666666667,36.0,6.416666666666667,10.458333333333334,4.041666666666667,0.0,6.625,102.0,53.916666666666664,21.0
2014-02-01,72.0,54.583333333333336,37.0,3.5416666666666665,6.25,2.7083333333333335,0.08333333333333333,2.9583333333333335,84.0,33.125,1.0
2014-02-02,73.0,59.041666666666664,42.0,9.458333333333334,16.916666666666668,7.458333333333333,1.0416666666666667,8.708333333333334,76.0,34.0,-4.0
2014-02-03,87.0,66.41666666666667,50.0,14.916666666666666,22.208333333333332,7.291666666666667,1.0,9.541666666666666,72.0,35.75,1.0
2014-02-04,80.0,65.375,56.0,7.791666666666667,13.583333333333334,5.791666666666667,0.2916666666666667,5.833333333333333,74.0,56.208333333333336,13.0
2014-02-05,97.0,89.29166666666667,68.0,5.043478260869565,6.565217391304348,1.5217391304347827,0.0,8.25,60.0,45.0,33.0
2014-02-06,97.0,84.45833333333333,66.0,8.791666666666666,11.708333333333334,2.9166666666666665,0.7083333333333334,13.208333333333334,84.0,54.583333333333336,20.0
2014-02-07,98.0,81.75,63.0,10.541666666666666,15.958333333333334,5.416666666666667,0.25,12.25,83.0,51.916666666666664,-5.0
2014-02-08,98.0,97.83333333333333,96.0,9.833333333333334,12.833333333333334,3.0,0.3333333333333333,29.083333333333332,103.0,60.833333333333336,39.0
2014-02-09,98.0,78.29166666666667,42.0,10.958333333333334,14.25,3.2916666666666665,1.5,14.25,46.0,23.291666666666668,-2.0
2014-02-10,91.0,68.375,42.0,14.625,19.666666666666668,5.041666666666667,0.4583333333333333,11.166666666666666,84.0,32.458333333333336,-18.0
2014-02-11,97.0,84.91666666666667,61.0,17.291666666666668,24.583333333333332,7.291666666666667,0.5,18.958333333333332,105.0,46.875,-8.0
2014-02-12,98.0,90.25,77.0,19.47826086956522,25.73913043478261,6.260869565217392,1.173913043478261,39.041666666666664,110.0,63.166666666666664,13.0
2014-02-13,98.0,59.291666666666664,29.0,14.777777777777779,17.333333333333332,2.5555555555555554,0.22727272727272727,19.956521739130434,101.0,50.458333333333336,11.0
2014-02-14,66.0,42.541666666666664,27.0,,,,0.25,6.875,94.0,44.25,7.0
2014-02-15,81.0,56.75,27.0,,,,0.75,10.25,111.0,47.958333333333336,-4.0
2014-02-16,69.0,56.416666666666664,34.0,,,,1.0416666666666667,10.208333333333334,95.0,54.041666666666664,-6.0
2014-02-17,97.0,79.83333333333333,65.0,3.4166666666666665,4.5,1.0833333333333333,0.25,10.333333333333334,74.0,66.0,56.0
2014-02-18,98.0,97.20833333333333,91.0,3.0869565217391304,3.6956521739130435,0.6086956521739131,0.0,24.916666666666668,82.0,65.75,45.0
2014-02-19,96.0,88.54166666666667,82.0,2.875,3.4583333333333335,0.5833333333333334,0.2608695652173913,13.208333333333334,85.0,62.291666666666664,47.0
2014-02-20,89.0,80.0,67.0,3.5,4.166666666666667,0.6666666666666666,0.20833333333333334,12.041666666666666,73.0,57.958333333333336,51.0
2014-02-21,86.0,74.25,64.0,6.166666666666667,6.833333333333333,0.6666666666666666,0.3333333333333333,7.916666666666667,73.0,55.708333333333336,30.0
2014-02-22,98.0,92.0,76.0,5.0,5.083333333333333,0.08333333333333333,0.4166666666666667,30.041666666666668,126.0,96.375,65.0
2014-02-23,98.0,97.41666666666667,95.0,4.708333333333333,5.125,0.4166666666666667,0.25,36.0,161.0,119.04166666666667,84.0
2014-02-24,98.0,87.95833333333333,64.0,11.625,12.791666666666666,1.1666666666666667,0.7916666666666666,40.791666666666664,115.0,90.33333333333333,76.0
2014-02-25,93.0,79.45833333333333,65.0,8.565217391304348,9.956521739130435,1.391304347826087,0.625,47.583333333333336,95.0,85.33333333333333,78.0
2014-02-26,98.0,96.08333333333333,83.0,10.25,11.166666666666666,0.9166666666666666,0.2608695652173913,30.130434782608695,121.0,85.58333333333333,72.0
2014-02-27,98.0,71.0,40.0,7.375,8.5,1.125,0.5833333333333334,12.208333333333334,129.0,83.625,51.0
2014-02-28,74.0,59.541666666666664,48.0,6.958333333333333,7.791666666666667,0.8333333333333334,0.7083333333333334,9.125,87.0,65.75,31.0
2014-03-01,98.0,87.41666666666667,72.0,3.5833333333333335,3.625,0.041666666666666664,0.041666666666666664,35.125,149.0,104.75,57.0
2014-03-02,97.0,62.0,32.0,6.125,6.458333333333333,0.3333333333333333,0.4166666666666667,8.083333333333334,132.0,95.125,70.0
2014-03-03,98.0,85.66666666666667,73.0,5.208333333333333,6.0,0.7916666666666666,0.4583333333333333,19.916666666666668,78.0,67.16666666666667,52.0
2014-03-04,98.0,91.45833333333333,81.0,7.608695652173913,8.826086956521738,1.2173913043478262,0.20833333333333334,43.375,147.0,110.0,69.0
2014-03-05,96.0,64.29166666666667,46.0,5.75,6.375,0.625,0.5652173913043478,7.291666666666667,111.0,87.91666666666667,71.0
2014-03-06,95.0,79.625,71.0,3.9583333333333335,4.75,0.7916666666666666,0.0,7.916666666666667,88.0,78.54166666666667,66.0
2014-03-07,97.0,89.5,79.0,3.1666666666666665,3.5416666666666665,0.375,0.0,14.625,84.0,76.29166666666667,72.0
2014-03-08,98.0,97.95833333333333,97.0,3.2083333333333335,3.5,0.2916666666666667,0.0,36.541666666666664,87.0,79.54166666666667,71.0
2014-03-09,98.0,98.0,98.0,4.041666666666667,4.5,0.4583333333333333,0.041666666666666664,39.208333333333336,145.0,98.20833333333333,82.0
2014-03-10,98.0,71.91666666666667,43.0,4.916666666666667,5.458333333333333,0.5416666666666666,0.08333333333333333,1.7083333333333333,133.0,83.83333333333333,24.0
2014-03-11,71.0,56.416666666666664,45.0,5.695652173913044,6.434782608695652,0.7391304347826086,0.4583333333333333,7.333333333333333,112.0,58.75,-2.0
2014-03-12,82.0,55.833333333333336,36.0,5.375,5.708333333333333,0.3333333333333333,1.173913043478261,13.833333333333334,135.0,88.75,43.0
2014-03-13,83.0,56.375,38.0,6.541666666666667,7.0,0.4583333333333333,0.875,10.304347826086957,127.0,87.54166666666667,23.0
2014-03-14,88.0,72.70833333333333,59.0,7.958333333333333,8.75,0.7916666666666666,1.1666666666666667,18.458333333333332,105.0,84.16666666666667,63.0
2014-03-15,97.0,77.58333333333333,64.0,6.833333333333333,7.083333333333333,0.25,0.625,24.875,131.0,96.5,63.0
2014-03-16,98.0,92.54166666666667,82.0,13.166666666666666,15.75,2.5833333333333335,0.9583333333333334,38.625,143.0,115.45833333333333,72.0
2014-03-17,98.0,91.66666666666667,75.0,8.916666666666666,10.041666666666666,1.125,1.375,24.583333333333332,186.0,133.875,87.0
2014-03-18,98.0,95.875,85.0,14.608695652173912,18.608695652173914,4.0,1.0416666666666667,28.52173913043478,152.0,134.16666666666666,106.0
2014-03-19,98.0,97.875,97.0,7.083333333333333,7.541666666666667,0.4583333333333333,0.13043478260869565,32.458333333333336,163.0,119.125,96.0
2014-03-20,98.0,97.45833333333333,95.0,4.208333333333333,4.666666666666667,0.4583333333333333,0.0,17.0,105.0,94.54166666666667,82.0
2014-03-21,98.0,82.58333333333333,64.0,6.291666666666667,6.875,0.5833333333333334,0.4583333333333333,15.625,106.0,87.33333333333333,48.0
2014-03-22,97.0,84.95833333333333,69.0,5.333333333333333,5.666666666666667,0.3333333333333333,0.6666666666666666,24.166666666666668,168.0,118.91666666666667,49.0
2014-03-23,98.0,80.25,51.0,5.25,6.041666666666667,0.7916666666666666,0.5833333333333334,20.375,131.0,91.875,37.0
2014-03-24,98.0,56.833333333333336,30.0,4.416666666666667,4.916666666666667,0.5,0.0,4.708333333333333,145.0,79.54166666666667,24.0
2014-03-25,75.0,55.625,34.0,5.826086956521739,6.565217391304348,0.7391304347826086,0.4166666666666667,4.708333333333333,122.0,77.5,19.0
2014-03-26,80.0,60.541666666666664,41.0,6.0,6.583333333333333,0.5833333333333334,0.8260869565217391,8.041666666666666,115.0,79.75,22.0
2014-03-27,89.0,69.625,39.0,8.791666666666666,9.916666666666666,1.125,1.5,16.916666666666668,164.0,114.25,33.0
2014-03-28,97.0,81.125,55.0,9.041666666666666,10.291666666666666,1.25,1.5833333333333333,28.541666666666668,174.0,132.66666666666666,75.0
2014-03-29,98.0,90.41666666666667,77.0,2.0833333333333335,2.25,0.16666666666666666,0.2916666666666667,18.875,188.0,147.625,118.0
2014-03-30,98.0,81.66666666666667,53.0,11.125,11.583333333333334,0.4583333333333333,1.5416666666666667,29.583333333333332,178.0,135.66666666666666,87.0
2014-03-31,97.0,86.54166666666667,70.0,5.625,5.875,0.25,1.8333333333333333,30.791666666666668,193.0,152.375,95.0
2014-04-01,70.0,48.208333333333336,34.0,5.75,6.125,0.375,0.08695652173913043,13.25,141.0,120.16666666666667,90.0
2014-04-02,85.0,64.04166666666667,44.0,5.625,6.333333333333333,0.7083333333333334,0.08333333333333333,12.416666666666666,175.0,139.625,75.0
2014-04-03,97.0,91.58333333333333,80.0,3.7083333333333335,3.9166666666666665,0.20833333333333334,0.041666666666666664,28.25,163.0,150.66666666666666,134.0
2014-04-04,98.0,82.75,46.0,3.652173913043478,4.0,0.34782608695652173,0.041666666666666664,18.583333333333332,195.0,158.45833333333334,113.0
2014-04-05,68.0,50.083333333333336,34.0,4.041666666666667,4.291666666666667,0.25,0.2916666666666667,3.7083333333333335,142.0,111.33333333333333,90.0
2014-04-06,97.0,86.375,63.0,4.166666666666667,4.625,0.4583333333333333,0.2916666666666667,9.958333333333334,103.0,72.125,36.0
2014-04-07,85.0,62.458333333333336,29.0,4.791666666666667,5.416666666666667,0.625,0.5833333333333334,7.791666666666667,154.0,100.70833333333333,21.0
2014-04-08,93.0,75.875,60.0,11.333333333333334,12.875,1.5416666666666667,1.2608695652173914,21.625,179.0,133.70833333333334,70.0
2014-04-09,97.0,67.875,52.0,8.541666666666666,9.5,0.9583333333333334,0.5416666666666666,22.875,162.0,149.25,128.0
2014-04-10,98.0,73.125,42.0,7.416666666666667,7.958333333333333,0.5416666666666666,1.3333333333333333,39.833333333333336,211.0,152.625,102.0
2014-04-11,60.0,43.5,22.0,6.173913043478261,6.478260869565218,0.30434782608695654,0.625,15.91304347826087,159.0,118.33333333333333,76.0
2014-04-12,66.0,49.125,34.0,7.041666666666667,7.458333333333333,0.4166666666666667,0.625,15.875,166.0,123.45833333333333,60.0
2014-04-13,69.0,50.208333333333336,34.0,5.416666666666667,5.666666666666667,0.25,0.16666666666666666,12.5,157.0,124.58333333333333,67.0
2014-04-14,88.0,69.0,47.0,5.0,5.291666666666667,0.2916666666666667,0.0,11.666666666666666,168.0,128.875,94.0
2014-04-15,91.0,68.125,49.0,6.666666666666667,7.333333333333333,0.6666666666666666,0.34782608695652173,19.291666666666668,199.0,147.33333333333334,76.0
2014-04-16,94.0,70.91666666666667,46.0,8.166666666666666,8.625,0.4583333333333333,0.75,34.916666666666664,207.0,160.75,117.0
2014-04-17,96.0,72.375,50.0,7.833333333333333,8.458333333333334,0.625,0.3333333333333333,32.583333333333336,190.0,166.625,126.0
2014-04-18,97.0,82.875,66.0,5.695652173913044,5.913043478260869,0.21739130434782608,0.25,29.875,159.0,128.58333333333334,111.0
2014-04-19,95.0,70.79166666666667,54.0,2.25,2.7083333333333335,0.4583333333333333,0.041666666666666664,12.625,143.0,114.83333333333333,91.0
2014-04-20,72.0,66.91666666666667,62.0,2.0416666666666665,2.2083333333333335,0.16666666666666666,0.0,7.583333333333333,139.0,115.91666666666667,92.0
2014-04-21,98.0,80.58333333333333,64.0,1.7083333333333333,1.7083333333333333,0.0,0.0,15.916666666666666,181.0,152.04166666666666,139.0
2014-04-22,98.0,87.95833333333333,78.0,7.083333333333333,7.833333333333333,0.75,0.17391304347826086,16.958333333333332,171.0,150.66666666666666,136.0
2014-04-23,95.0,62.75,43.0,6.583333333333333,7.083333333333333,0.5,0.6666666666666666,17.375,186.0,153.25,121.0
2014-04-24,91.0,68.95833333333333,50.0,6.958333333333333,7.583333333333333,0.625,0.4583333333333333,15.666666666666666,174.0,143.95833333333334,109.0
2014-04-25,94.0,73.41666666666667,54.0,5.739130434782608,6.260869565217392,0.5217391304347826,1.0,18.875,209.0,160.16666666666666,93.0
2014-04-26,96.0,69.79166666666667,50.0,3.75,3.8333333333333335,0.08333333333333333,0.5833333333333334,16.291666666666668,216.0,167.41666666666666,110.0
2014-04-27,86.0,67.5,53.0,2.2916666666666665,2.3333333333333335,0.041666666666666664,0.5,10.958333333333334,210.0,172.16666666666666,120.0
2014-04-28,78.0,66.375,48.0,2.0833333333333335,2.1666666666666665,0.08333333333333333,1.0,15.458333333333334,213.0,176.75,152.0
2014-04-29,86.0,77.16666666666667,63.0,3.0,3.125,0.125,0.782608695652174,19.583333333333332,212.0,178.79166666666666,162.0
2014-04-30,96.0,85.83333333333333,73.0,2.125,2.125,0.0,0.125,29.041666666666668,186.0,171.08333333333334,144.0
2014-05-01,98.0,92.375,83.0,4.333333333333333,4.666666666666667,0.3333333333333333,0.041666666666666664,31.041666666666668,201.0,175.79166666666666,155.0
2014-05-02,97.0,83.58333333333333,54.0,6.782608695652174,7.3478260869565215,0.5652173913043478,0.8333333333333334,13.041666666666666,231.0,184.54166666666666,149.0
2014-05-03,98.0,81.54166666666667,65.0,5.958333333333333,6.291666666666667,0.3333333333333333,2.625,32.375,238.0,194.45833333333334,158.0
2014-05-04,65.0,47.208333333333336,32.0,2.5833333333333335,2.5833333333333335,0.0,0.6666666666666666,16.041666666666668,191.0,170.0,138.0
2014-05-05,95.0,84.16666666666667,68.0,1.875,1.875,0.0,0.8333333333333334,33.833333333333336,192.0,174.5,161.0
2014-05-06,96.0,81.54166666666667,61.0,4.0,4.083333333333333,0.08333333333333333,0.13043478260869565,19.0,179.0,152.70833333333334,133.0
2014-05-07,95.0,69.625,49.0,4.833333333333333,5.166666666666667,0.3333333333333333,0.08333333333333333,13.041666666666666,197.0,157.58333333333334,99.0
2014-05-08,93.0,75.54166666666667,62.0,3.1666666666666665,3.25,0.08333333333333333,0.0,15.75,215.0,181.70833333333334,145.0
2014-05-09,96.0,79.83333333333333,63.0,3.8260869565217392,3.9130434782608696,0.08695652173913043,0.09090909090909091,16.52173913043478,224.0,171.875,112.0
2014-05-10,84.0,67.66666666666667,51.0,6.041666666666667,6.416666666666667,0.375,0.4583333333333333,9.666666666666666,206.0,161.20833333333334,121.0
2014-05-11,87.0,66.08333333333333,45.0,5.125,5.25,0.125,0.25,12.0,206.0,164.45833333333334,116.0
2014-05-12,95.0,75.66666666666667,61.0,3.25,3.4166666666666665,0.16666666666666666,0.16666666666666666,15.041666666666666,222.0,183.58333333333334,122.0
2014-05-13,98.0,96.91666666666667,93.0,4.916666666666667,5.041666666666667,0.125,0.0,27.5,191.0,172.66666666666666,157.0
2014-05-14,98.0,91.79166666666667,79.0,8.041666666666666,9.583333333333334,1.5416666666666667,0.6666666666666666,38.25,228.0,191.79166666666666,138.0
2014-05-15,98.0,96.45833333333333,87.0,7.583333333333333,7.833333333333333,0.25,0.2916666666666667,27.75,194.0,170.95833333333334,155.0
2014-05-16,98.0,74.95833333333333,40.0,8.652173913043478,9.478260869565217,0.8260869565217391,0.8333333333333334,24.5,227.0,187.20833333333334,141.0
2014-05-17,83.0,63.083333333333336,45.0,4.166666666666667,4.458333333333333,0.2916666666666667,0.3333333333333333,5.625,224.0,187.125,134.0
2014-05-18,94.0,79.375,64.0,3.4583333333333335,3.5833333333333335,0.125,0.08333333333333333,9.25,233.0,189.58333333333334,154.0
2014-05-19,97.0,84.25,61.0,7.0,8.125,1.125,0.9166666666666666,18.125,234.0,195.25,146.0
2014-05-20,98.0,89.04166666666667,71.0,5.625,6.125,0.5,0.6956521739130435,34.916666666666664,236.0,191.70833333333334,155.0
2014-05-21,98.0,94.20833333333333,81.0,3.2916666666666665,3.5416666666666665,0.25,0.4583333333333333,23.041666666666668,195.0,171.0,149.0
2014-05-22,93.0,80.16666666666667,70.0,4.208333333333333,4.875,0.6666666666666666,0.6666666666666666,5.666666666666667,190.0,166.25,140.0
2014-05-23,89.0,74.0,63.0,3.391304347826087,3.6956521739130435,0.30434782608695654,0.25,9.375,176.0,159.04166666666666,140.0
2014-05-24,96.0,82.79166666666667,69.0,4.083333333333333,4.5,0.4166666666666667,0.4583333333333333,13.833333333333334,225.0,191.04166666666666,141.0
2014-05-25,95.0,86.375,75.0,2.4583333333333335,2.5416666666666665,0.08333333333333333,0.5,26.041666666666668,231.0,202.625,179.0
2014-05-26,97.0,88.45833333333333,77.0,1.8333333333333333,1.9166666666666667,0.08333333333333333,0.4166666666666667,26.583333333333332,222.0,198.625,182.0
2014-05-27,98.0,94.66666666666667,82.0,3.75,4.208333333333333,0.4583333333333333,0.0,17.958333333333332,244.0,192.54166666666666,171.0
2014-05-28,98.0,88.91666666666667,76.0,7.0,7.875,0.875,0.9166666666666666,24.25,243.0,206.875,170.0
2014-05-29,98.0,87.45833333333333,75.0,3.8333333333333335,4.333333333333333,0.5,1.0416666666666667,39.625,251.0,211.16666666666666,170.0
2014-05-30,98.0,87.16666666666667,69.0,6.130434782608695,6.826086956521739,0.6956521739130435,2.0,54.125,252.0,211.625,171.0
2014-05-31,97.0,88.20833333333333,74.0,3.5,3.9583333333333335,0.4583333333333333,0.7083333333333334,56.708333333333336,256.0,215.5,185.0
2014-06-01,98.0,87.125,68.0,3.2916666666666665,3.6666666666666665,0.375,0.8333333333333334,47.416666666666664,264.0,218.5,181.0
2014-06-02,98.0,96.08333333333333,90.0,4.916666666666667,5.333333333333333,0.4166666666666667,0.125,32.208333333333336,207.0,188.25,179.0
2014-06-03,98.0,94.33333333333333,87.0,6.875,7.833333333333333,0.9583333333333334,0.4782608695652174,43.291666666666664,230.0,203.5,183.0
2014-06-04,96.0,83.0,67.0,3.7083333333333335,4.208333333333333,0.5,0.16666666666666666,35.375,258.0,222.95833333333334,203.0
2014-06-05,98.0,88.04166666666667,78.0,5.291666666666667,6.0,0.7083333333333334,0.16666666666666666,12.75,218.0,205.29166666666666,191.0
2014-06-06,98.0,97.58333333333333,94.0,5.130434782608695,5.608695652173913,0.4782608695652174,0.0,21.73913043478261,195.0,190.83333333333334,186.0
2014-06-07,98.0,97.91666666666667,97.0,4.125,4.25,0.125,0.0,28.208333333333332,200.0,185.79166666666666,178.0
2014-06-08,98.0,94.75,85.0,4.0,4.791666666666667,0.7916666666666666,0.3333333333333333,18.875,237.0,215.04166666666666,200.0
2014-06-09,98.0,91.83333333333333,78.0,5.875,7.25,1.375,0.20833333333333334,17.416666666666668,250.0,219.41666666666666,186.0
2014-06-10,98.0,95.95833333333333,87.0,5.166666666666667,6.708333333333333,1.5416666666666667,0.043478260869565216,5.291666666666667,230.0,197.125,181.0
2014-06-11,98.0,97.66666666666667,95.0,8.25,13.375,5.125,0.5416666666666666,14.416666666666666,221.0,203.20833333333334,181.0
2014-06-12,98.0,97.125,94.0,4.666666666666667,5.833333333333333,1.1666666666666667,0.041666666666666664,21.708333333333332,238.0,215.58333333333334,202.0
2014-06-13,98.0,86.83333333333333,74.0,4.173913043478261,4.6521739130434785,0.4782608695652174,0.125,22.791666666666668,249.0,218.95833333333334,184.0
2014-06-14,96.0,82.33333333333333,60.0,6.583333333333333,7.083333333333333,0.5,0.875,18.5,258.0,216.95833333333334,179.0
2014-06-15,97.0,82.41666666666667,46.0,3.7916666666666665,4.166666666666667,0.375,0.4583333333333333,13.0,277.0,223.58333333333334,181.0
2014-06-16,97.0,85.375,63.0,4.958333333333333,5.208333333333333,0.25,1.7083333333333333,42.583333333333336,266.0,231.20833333333334,192.0
2014-06-17,97.0,90.04166666666667,79.0,3.2916666666666665,3.5,0.20833333333333334,1.6956521739130435,44.375,259.0,234.45833333333334,215.0
2014-06-18,97.0,91.0,80.0,5.642857142857143,6.0,0.35714285714285715,0.8181818181818182,34.708333333333336,230.0,215.79166666666666,196.0
2014-06-19,97.0,81.875,54.0,3.7142857142857144,4.214285714285714,0.5,0.5714285714285714,22.0,268.0,224.79166666666666,189.0
2014-06-20,95.0,87.66666666666667,79.0,2.75,2.875,0.125,0.2916666666666667,14.958333333333334,246.0,226.08333333333334,208.0
2014-06-21,97.0,90.125,78.0,3.6666666666666665,3.875,0.20833333333333334,0.6666666666666666,14.0,264.0,231.04166666666666,212.0
2014-06-22,98.0,97.79166666666667,97.0,5.916666666666667,6.333333333333333,0.4166666666666667,0.4583333333333333,19.5,218.0,200.33333333333334,189.0
2014-06-23,98.0,90.91666666666667,74.0,6.541666666666667,7.541666666666667,1.0,0.25,28.208333333333332,232.0,209.16666666666666,186.0
2014-06-24,98.0,95.08333333333333,87.0,6.083333333333333,6.333333333333333,0.25,0.625,18.166666666666668,244.0,206.5,186.0
2014-06-25,98.0,90.58333333333333,79.0,6.5,7.125,0.625,0.20833333333333334,13.166666666666666,256.0,219.5,190.0
2014-06-26,98.0,90.5,79.0,5.608695652173913,6.260869565217392,0.6521739130434783,0.2608695652173913,10.958333333333334,250.0,222.45833333333334,191.0
2014-06-27,98.0,93.20833333333333,87.0,9.166666666666666,12.375,3.2083333333333335,0.4583333333333333,8.208333333333334,247.0,228.70833333333334,206.0
2014-06-28,98.0,93.83333333333333,88.0,4.416666666666667,5.041666666666667,0.625,0.041666666666666664,8.75,242.0,228.375,218.0
2014-06-29,98.0,95.91666666666667,87.0,3.375,3.9583333333333335,0.5833333333333334,0.0,7.666666666666667,238.0,218.41666666666666,204.0
2014-06-30,96.0,90.0,81.0,4.208333333333333,5.083333333333333,0.875,0.125,9.833333333333334,237.0,221.29166666666666,201.0
2014-07-01,98.0,93.20833333333333,85.0,5.791666666666667,7.125,1.3333333333333333,0.16666666666666666,13.333333333333334,246.0,229.20833333333334,212.0
2014-07-02,97.0,84.91666666666667,66.0,5.083333333333333,6.125,1.0416666666666667,0.20833333333333334,10.291666666666666,259.0,235.70833333333334,204.0
2014-07-03,98.0,91.33333333333333,80.0,5.869565217391305,6.695652173913044,0.8260869565217391,0.6521739130434783,19.083333333333332,276.0,239.20833333333334,211.0
2014-07-04,98.0,97.41666666666667,95.0,4.833333333333333,5.333333333333333,0.5,0.0,9.08695652173913,223.0,212.5,203.0
2014-07-05,98.0,97.08333333333333,94.0,3.3333333333333335,3.625,0.2916666666666667,0.0,14.625,232.0,215.375,204.0
2014-07-06,98.0,91.29166666666667,75.0,4.041666666666667,4.666666666666667,0.625,0.20833333333333334,11.25,267.0,228.625,195.0
2014-07-07,98.0,97.79166666666667,96.0,4.583333333333333,4.875,0.2916666666666667,0.20833333333333334,15.291666666666666,231.0,220.58333333333334,210.0
2014-07-08,98.0,88.70833333333333,73.0,5.916666666666667,7.0,1.0833333333333333,0.20833333333333334,11.541666666666666,267.0,235.20833333333334,212.0
2014-07-09,98.0,94.25,84.0,5.125,6.041666666666667,0.9166666666666666,0.2916666666666667,15.416666666666666,244.0,231.625,212.0
2014-07-10,98.0,97.25,94.0,3.6956521739130435,4.826086956521739,1.1304347826086956,0.17391304347826086,27.083333333333332,268.0,243.58333333333334,227.0
2014-07-11,98.0,92.0,75.0,3.0833333333333335,3.375,0.2916666666666667,0.08333333333333333,24.833333333333332,311.0,259.0416666666667,234.0
2014-07-12,95.0,79.16666666666667,60.0,5.25,5.916666666666667,0.6666666666666666,0.25,18.291666666666668,296.0,261.9583333333333,230.0
2014-07-13,98.0,92.04166666666667,78.0,4.708333333333333,5.041666666666667,0.3333333333333333,0.5833333333333334,32.791666666666664,261.0,245.75,223.0
2014-07-14,98.0,91.45833333333333,78.0,6.708333333333333,8.25,1.5416666666666667,0.4166666666666667,34.0,296.0,254.04166666666666,229.0
2014-07-15,98.0,86.91666666666667,64.0,6.416666666666667,6.958333333333333,0.5416666666666666,0.4166666666666667,16.833333333333332,275.0,243.125,217.0
2014-07-16,98.0,95.0,85.0,6.25,7.333333333333333,1.0833333333333333,0.25,30.916666666666668,278.0,239.20833333333334,213.0
2014-07-17,98.0,95.0,88.0,5.260869565217392,5.695652173913044,0.43478260869565216,0.43478260869565216,20.625,250.0,225.91666666666666,213.0
2014-07-18,98.0,96.66666666666667,92.0,7.0,8.208333333333334,1.2083333333333333,0.5833333333333334,17.5,242.0,225.625,214.0
2014-07-19,98.0,95.66666666666667,86.0,6.083333333333333,6.875,0.7916666666666666,0.375,13.125,255.0,227.04166666666666,212.0
2014-07-20,98.0,96.33333333333333,89.0,3.3333333333333335,3.9583333333333335,0.625,0.375,10.5,249.0,223.79166666666666,212.0
2014-07-21,98.0,94.16666666666667,85.0,4.083333333333333,4.791666666666667,0.7083333333333334,0.375,10.833333333333334,237.0,221.58333333333334,207.0
2014-07-22,98.0,92.16666666666667,82.0,4.833333333333333,6.041666666666667,1.2083333333333333,0.7916666666666666,22.458333333333332,293.0,251.54166666666666,211.0
2014-07-23,98.0,91.41666666666667,75.0,5.083333333333333,6.541666666666667,1.4583333333333333,1.25,41.166666666666664,294.0,258.0833333333333,230.0
2014-07-24,98.0,91.875,75.0,6.086956521739131,7.217391304347826,1.1304347826086956,1.173913043478261,39.5,302.0,262.375,239.0
2014-07-25,98.0,88.33333333333333,71.0,5.708333333333333,6.583333333333333,0.875,0.5416666666666666,39.5,306.0,272.3333333333333,236.0
2014-07-26,98.0,91.66666666666667,80.0,6.041666666666667,9.958333333333334,3.9166666666666665,0.625,40.291666666666664,304.0,275.7916666666667,253.0
2014-07-27,98.0,88.33333333333333,80.0,3.8333333333333335,4.291666666666667,0.4583333333333333,0.5,34.541666666666664,291.0,264.5,244.0
2014-07-28,95.0,77.91666666666667,58.0,4.541666666666667,4.666666666666667,0.125,0.20833333333333334,13.291666666666666,286.0,251.25,224.0
2014-07-29,96.0,80.41666666666667,62.0,6.666666666666667,7.375,0.7083333333333334,0.3333333333333333,18.833333333333332,299.0,257.375,215.0
2014-07-30,97.0,84.95833333333333,69.0,5.583333333333333,6.166666666666667,0.5833333333333334,0.375,23.833333333333332,304.0,262.6666666666667,228.0
2014-07-31,98.0,91.33333333333333,78.0,4.913043478260869,5.565217391304348,0.6521739130434783,0.6086956521739131,18.75,313.0,272.1666666666667,248.0
2014-08-01,98.0,91.0,81.0,4.833333333333333,6.5,1.6666666666666667,0.8333333333333334,17.869565217391305,301.0,272.0833333333333,251.0
2014-08-02,98.0,84.58333333333333,67.0,5.458333333333333,7.666666666666667,2.2083333333333335,0.6666666666666666,23.541666666666668,331.0,280.2916666666667,246.0
2014-08-03,95.0,80.83333333333333,61.0,5.916666666666667,6.916666666666667,1.0,0.5833333333333334,22.416666666666668,323.0,276.0416666666667,237.0
2014-08-04,97.0,88.625,74.0,2.8333333333333335,3.9583333333333335,1.125,0.041666666666666664,18.583333333333332,298.0,262.9166666666667,241.0
2014-08-05,97.0,89.875,76.0,1.5833333333333333,2.625,1.0416666666666667,0.0,22.833333333333332,294.0,259.5416666666667,233.0
2014-08-06,98.0,91.58333333333333,81.0,2.6666666666666665,3.875,1.2083333333333333,0.041666666666666664,25.541666666666668,277.0,250.54166666666666,230.0
2014-08-07,98.0,90.0,76.0,3.9565217391304346,4.782608695652174,0.8260869565217391,0.13043478260869565,20.666666666666668,293.0,252.95833333333334,227.0
2014-08-08,97.0,92.54166666666667,79.0,6.875,8.916666666666666,2.0416666666666665,0.625,17.708333333333332,294.0,260.75,236.0
2014-08-09,98.0,97.75,95.0,4.0,5.333333333333333,1.3333333333333333,0.0,19.833333333333332,250.0,224.20833333333334,214.0
2014-08-10,98.0,95.83333333333333,89.0,1.0833333333333333,2.375,1.2916666666666667,0.0,36.416666666666664,286.0,255.33333333333334,216.0
2014-08-11,98.0,93.125,85.0,1.0833333333333333,2.0833333333333335,1.0,0.0,45.875,285.0,258.5833333333333,239.0
2014-08-12,98.0,95.54166666666667,81.0,3.25,4.416666666666667,1.1666666666666667,0.16666666666666666,24.625,291.0,242.875,213.0
2014-08-13,98.0,93.375,78.0,5.416666666666667,6.583333333333333,1.1666666666666667,0.7083333333333334,30.0,281.0,243.91666666666666,205.0
2014-08-14,98.0,96.5,91.0,4.608695652173913,5.3478260869565215,0.7391304347826086,0.08695652173913043,26.333333333333332,278.0,256.9583333333333,243.0
2014-08-15,98.0,93.70833333333333,84.0,1.8695652173913044,2.4782608695652173,0.6086956521739131,0.043478260869565216,19.833333333333332,285.0,260.0833333333333,243.0
2014-08-16,98.0,97.25,96.0,2.7916666666666665,3.0,0.20833333333333334,0.041666666666666664,22.291666666666668,245.0,227.5,212.0
2014-08-17,98.0,95.5,90.0,4.833333333333333,5.708333333333333,0.875,0.4166666666666667,13.541666666666666,273.0,247.875,216.0
2014-08-18,98.0,92.75,82.0,4.458333333333333,5.75,1.2916666666666667,0.4166666666666667,15.208333333333334,299.0,264.7916666666667,238.0
2014-08-19,98.0,92.375,81.0,3.625,5.458333333333333,1.8333333333333333,0.16666666666666666,14.791666666666666,287.0,258.9166666666667,237.0
2014-08-20,98.0,89.41666666666667,79.0,6.041666666666667,8.5,2.4583333333333335,0.4166666666666667,22.166666666666668,303.0,268.0833333333333,237.0
2014-08-21,98.0,89.58333333333333,78.0,4.869565217391305,6.391304347826087,1.5217391304347827,0.08695652173913043,19.75,310.0,267.9583333333333,237.0
2014-08-22,98.0,90.95833333333333,78.0,5.0,6.5,1.5,0.3333333333333333,19.125,303.0,265.9166666666667,241.0
2014-08-23,98.0,94.20833333333333,88.0,3.9583333333333335,5.0,1.0416666666666667,0.2916666666666667,12.5,269.0,249.54166666666666,234.0
2014-08-24,98.0,89.20833333333333,79.0,3.7916666666666665,4.833333333333333,1.0416666666666667,0.375,10.083333333333334,296.0,259.625,234.0
2014-08-25,96.0,91.20833333333333,83.0,5.5,6.416666666666667,0.9166666666666666,0.4166666666666667,14.75,266.0,244.875,235.0
2014-08-26,98.0,94.95833333333333,89.0,8.791666666666666,9.916666666666666,1.125,1.25,27.333333333333332,247.0,234.41666666666666,220.0
2014-08-27,98.0,91.20833333333333,82.0,3.125,4.333333333333333,1.2083333333333333,0.125,12.416666666666666,244.0,227.875,213.0
2014-08-28,98.0,98.0,98.0,2.8260869565217392,3.217391304347826,0.391304347826087,0.0,12.125,216.0,210.5,204.0
2014-08-29,98.0,96.58333333333333,94.0,4.958333333333333,5.791666666666667,0.8333333333333334,0.4166666666666667,10.434782608695652,237.0,225.25,214.0
2014-08-30,98.0,97.58333333333333,96.0,2.9166666666666665,3.5416666666666665,0.625,0.041666666666666664,11.208333333333334,217.0,207.16666666666666,190.0
2014-08-31,98.0,96.54166666666667,94.0,3.0,3.75,0.75,0.3333333333333333,9.666666666666666,232.0,220.75,208.0
2014-09-01,98.0,97.25,94.0,4.208333333333333,5.458333333333333,1.25,0.08333333333333333,11.041666666666666,231.0,220.20833333333334,201.0
2014-09-02,98.0,93.16666666666667,81.0,3.4166666666666665,4.833333333333333,1.4166666666666667,0.3333333333333333,12.166666666666666,259.0,226.95833333333334,204.0
2014-09-03,97.0,88.29166666666667,76.0,3.4583333333333335,4.875,1.4166666666666667,0.041666666666666664,11.875,244.0,227.58333333333334,215.0
2014-09-04,94.0,80.41666666666667,67.0,4.0,4.304347826086956,0.30434782608695654,0.08695652173913043,9.375,279.0,250.33333333333334,215.0
2014-09-05,97.0,90.625,82.0,3.1666666666666665,3.4166666666666665,0.25,0.08333333333333333,13.0,288.0,261.5833333333333,241.0
2014-09-06,98.0,91.66666666666667,77.0,5.041666666666667,6.083333333333333,1.0416666666666667,0.2916666666666667,13.833333333333334,264.0,252.95833333333334,239.0
2014-09-07,98.0,97.08333333333333,95.0,3.125,3.125,0.0,0.25,14.375,238.0,212.04166666666666,194.0
2014-09-08,98.0,96.16666666666667,92.0,3.9583333333333335,4.541666666666667,0.5833333333333334,0.16666666666666666,12.875,227.0,215.45833333333334,193.0
2014-09-09,98.0,91.75,81.0,2.5833333333333335,3.5,0.9166666666666666,0.0,13.416666666666666,243.0,222.41666666666666,205.0
2014-09-10,96.0,91.29166666666667,79.0,4.333333333333333,5.5,1.1666666666666667,0.4166666666666667,15.583333333333334,252.0,227.125,211.0
2014-09-11,98.0,96.54166666666667,90.0,7.782608695652174,8.347826086956522,0.5652173913043478,0.043478260869565216,17.875,228.0,210.375,191.0
2014-09-12,98.0,83.58333333333333,59.0,6.7727272727272725,7.545454545454546,0.7727272727272727,0.22727272727272727,11.541666666666666,241.0,216.83333333333334,196.0
2014-09-13,93.0,82.125,72.0,5.916666666666667,6.75,0.8333333333333334,0.5833333333333334,5.291666666666667,246.0,225.54166666666666,209.0
2014-09-14,98.0,86.41666666666667,76.0,3.875,4.708333333333333,0.8333333333333334,0.4583333333333333,6.0,247.0,222.66666666666666,200.0
2014-09-15,98.0,91.08333333333333,78.0,4.791666666666667,5.875,1.0833333333333333,0.125,8.875,244.0,218.95833333333334,192.0
2014-09-16,97.0,87.625,71.0,4.083333333333333,5.166666666666667,1.0833333333333333,0.6666666666666666,12.583333333333334,278.0,241.5,218.0
2014-09-17,94.0,81.08333333333333,67.0,3.875,5.25,1.375,0.08333333333333333,9.625,245.0,225.04166666666666,207.0
2014-09-18,92.0,78.95833333333333,67.0,5.521739130434782,6.086956521739131,0.5652173913043478,0.6521739130434783,11.208333333333334,221.0,209.33333333333334,184.0
2014-09-19,94.0,79.29166666666667,67.0,9.166666666666666,10.333333333333334,1.1666666666666667,0.5,12.416666666666666,231.0,200.16666666666666,160.0
2014-09-20,91.0,77.875,64.0,4.75,5.375,0.625,0.125,7.25,210.0,205.33333333333334,194.0
2014-09-21,96.0,77.66666666666667,63.0,3.7916666666666665,4.583333333333333,0.7916666666666666,0.20833333333333334,7.208333333333333,236.0,207.875,180.0
2014-09-22,98.0,83.54166666666667,70.0,6.25,7.583333333333333,1.3333333333333333,0.7083333333333334,10.875,245.0,209.75,174.0
2014-09-23,95.0,74.58333333333333,60.0,6.25,7.375,1.125,0.4583333333333333,10.291666666666666,234.0,205.375,170.0
2014-09-24,93.0,76.29166666666667,65.0,5.541666666666667,6.708333333333333,1.1666666666666667,0.08333333333333333,11.666666666666666,257.0,228.625,183.0
2014-09-25,98.0,90.875,77.0,1.608695652173913,1.6521739130434783,0.043478260869565216,0.0,24.869565217391305,251.0,232.54166666666666,208.0
2014-09-26,97.0,79.0,61.0,3.3333333333333335,3.9166666666666665,0.5833333333333334,0.08333333333333333,6.791666666666667,240.0,216.0,197.0
2014-09-27,93.0,80.79166666666667,74.0,2.0,2.4583333333333335,0.4583333333333333,0.0,15.625,216.0,204.45833333333334,196.0
2014-09-28,97.0,90.58333333333333,83.0,1.375,1.8333333333333333,0.4583333333333333,0.0,28.958333333333332,227.0,210.79166666666666,203.0
2014-09-29,95.0,84.33333333333333,78.0,2.6666666666666665,3.4583333333333335,0.7916666666666666,0.0,23.875,231.0,209.66666666666666,176.0
2014-09-30,98.0,88.41666666666667,69.0,8.75,10.041666666666666,1.2916666666666667,0.375,23.416666666666668,260.0,214.45833333333334,165.0
2014-10-01,98.0,96.08333333333333,89.0,7.5,8.541666666666666,1.0416666666666667,0.041666666666666664,18.75,222.0,205.54166666666666,194.0
2014-10-02,98.0,96.5,92.0,5.739130434782608,6.260869565217392,0.5217391304347826,0.0,13.833333333333334,220.0,205.375,193.0
2014-10-03,98.0,94.20833333333333,87.0,3.0833333333333335,4.25,1.1666666666666667,0.5,17.458333333333332,274.0,241.45833333333334,213.0
2014-10-04,98.0,87.875,79.0,6.458333333333333,7.541666666666667,1.0833333333333333,0.5833333333333334,14.541666666666666,246.0,223.20833333333334,206.0
2014-10-05,98.0,94.83333333333333,81.0,2.0,3.0,1.0,0.041666666666666664,21.625,214.0,197.875,185.0
2014-10-06,98.0,91.29166666666667,79.0,2.5833333333333335,3.7916666666666665,1.2083333333333333,0.0,16.40909090909091,248.0,221.04166666666666,189.0
2014-10-07,86.0,76.91666666666667,70.0,3.25,4.625,1.375,0.041666666666666664,6.416666666666667,211.0,194.25,184.0
2014-10-08,98.0,81.79166666666667,68.0,6.5,8.375,1.875,0.25,8.166666666666666,221.0,194.29166666666666,165.0
2014-10-09,98.0,77.375,61.0,5.173913043478261,6.304347826086956,1.1304347826086956,0.0,9.708333333333334,241.0,207.16666666666666,162.0
2014-10-10,97.0,82.29166666666667,59.0,6.458333333333333,7.583333333333333,1.125,0.16666666666666666,12.958333333333334,252.0,212.29166666666666,170.0
2014-10-11,96.0,76.5,68.0,3.5,4.166666666666667,0.6666666666666666,0.0,13.375,205.0,189.20833333333334,182.0
2014-10-12,90.0,72.125,59.0,2.3333333333333335,3.0833333333333335,0.75,0.0,8.208333333333334,198.0,181.58333333333334,161.0
2014-10-13,98.0,91.45833333333333,77.0,1.9166666666666667,2.75,0.8333333333333334,0.0,20.208333333333332,235.0,198.875,154.0
2014-10-14,98.0,78.20833333333333,57.0,2.4583333333333335,3.8333333333333335,1.375,0.125,17.916666666666668,276.0,227.70833333333334,188.0
2014-10-15,90.0,76.66666666666667,66.0,2.8333333333333335,4.208333333333333,1.375,0.0,6.958333333333333,185.0,164.79166666666666,151.0
2014-10-16,98.0,94.16666666666667,87.0,5.181818181818182,6.0,0.8181818181818182,0.0,11.625,184.0,163.29166666666666,132.0
2014-10-17,98.0,82.375,62.0,10.958333333333334,13.0,2.0416666666666665,0.8333333333333334,16.041666666666668,215.0,170.20833333333334,127.0
2014-10-18,95.0,68.91666666666667,55.0,5.875,6.791666666666667,0.9166666666666666,0.25,10.416666666666666,196.0,168.20833333333334,138.0
2014-10-19,98.0,81.375,65.0,7.958333333333333,9.333333333333334,1.375,0.7916666666666666,17.375,214.0,173.54166666666666,127.0
2014-10-20,91.0,65.83333333333333,40.0,5.166666666666667,7.375,2.2083333333333335,0.4166666666666667,9.291666666666666,248.0,207.95833333333334,143.0
2014-10-21,97.0,88.66666666666667,73.0,3.2083333333333335,4.291666666666667,1.0833333333333333,0.0,16.833333333333332,224.0,207.5,182.0
2014-10-22,98.0,96.75,93.0,2.3333333333333335,3.625,1.2916666666666667,0.0,12.333333333333334,223.0,177.0,151.0
2014-10-23,94.0,85.20833333333333,72.0,2.5217391304347827,2.8260869565217392,0.30434782608695654,0.0,13.25,174.0,164.33333333333334,155.0
2014-10-24,97.0,75.54166666666667,63.0,8.458333333333334,10.166666666666666,1.7083333333333333,0.041666666666666664,8.521739130434783,203.0,171.04166666666666,127.0
2014-10-25,98.0,85.20833333333333,62.0,7.916666666666667,11.791666666666666,3.875,0.5,18.25,223.0,181.625,116.0
2014-10-26,97.0,88.45833333333333,73.0,3.5833333333333335,4.583333333333333,1.0,0.25,9.625,238.0,214.79166666666666,192.0
2014-10-27,98.0,91.25,69.0,6.791666666666667,8.416666666666666,1.625,0.4166666666666667,15.333333333333334,222.0,194.20833333333334,155.0
2014-10-28,81.0,57.583333333333336,35.0,6.458333333333333,8.083333333333334,1.625,0.08333333333333333,5.875,195.0,147.125,107.0
2014-10-29,83.0,65.70833333333333,44.0,15.5,18.541666666666668,3.0416666666666665,1.6666666666666667,13.458333333333334,181.0,135.70833333333334,94.0
2014-10-30,97.0,78.79166666666667,63.0,9.695652173913043,12.347826086956522,2.652173913043478,0.13043478260869565,15.333333333333334,218.0,169.95833333333334,102.0
2014-10-31,97.0,86.0,76.0,11.791666666666666,16.083333333333332,4.291666666666667,0.041666666666666664,25.541666666666668,217.0,193.25,173.0
2014-11-01,98.0,97.70833333333333,96.0,16.666666666666668,21.083333333333332,4.416666666666667,0.0,38.458333333333336,193.0,182.95833333333334,173.0
2014-11-02,98.0,94.83333333333333,86.0,3.375,4.625,1.25,0.125,16.25,215.0,198.79166666666666,168.0
2014-11-03,94.0,65.83333333333333,50.0,4.25,5.458333333333333,1.2083333333333333,0.16666666666666666,5.75,218.0,185.33333333333334,141.0
2014-11-04,80.0,65.79166666666667,58.0,7.375,9.458333333333334,2.0833333333333335,0.25,3.5833333333333335,183.0,154.625,101.0
2014-11-05,96.0,72.16666666666667,61.0,5.5,7.708333333333333,2.2083333333333335,0.041666666666666664,10.0,191.0,181.0,174.0
2014-11-06,98.0,95.75,91.0,4.130434782608695,4.608695652173913,0.4782608695652174,0.0,15.958333333333334,204.0,180.79166666666666,148.0
2014-11-07,80.0,66.08333333333333,57.0,4.954545454545454,5.590909090909091,0.6363636363636364,0.4090909090909091,13.25,193.0,174.91666666666666,149.0
2014-11-08,98.0,80.75,61.0,6.625,7.625,1.0,0.25,10.5,180.0,168.16666666666666,157.0
2014-11-09,98.0,95.95833333333333,87.0,9.333333333333334,11.125,1.7916666666666667,0.4166666666666667,26.083333333333332,208.0,171.83333333333334,145.0
2014-11-10,98.0,79.16666666666667,56.0,6.541666666666667,8.666666666666666,2.125,0.4166666666666667,22.791666666666668,202.0,177.83333333333334,154.0
2014-11-11,95.0,78.29166666666667,69.0,3.4583333333333335,4.75,1.2916666666666667,0.7083333333333334,16.375,194.0,178.75,166.0
2014-11-12,98.0,97.20833333333333,89.0,14.791666666666666,19.083333333333332,4.291666666666667,0.0,28.708333333333332,190.0,157.875,118.0
2014-11-13,98.0,68.16666666666667,48.0,9.695652173913043,11.130434782608695,1.434782608695652,0.5652173913043478,14.375,199.0,147.33333333333334,97.0
2014-11-14,78.0,54.416666666666664,42.0,5.583333333333333,6.375,0.7916666666666666,0.5,4.041666666666667,171.0,126.875,87.0
2014-11-15,82.0,62.0,35.0,9.083333333333334,10.375,1.2916666666666667,0.5,6.125,180.0,118.79166666666667,71.0
2014-11-16,84.0,70.95833333333333,48.0,11.5,13.208333333333334,1.7083333333333333,0.5833333333333334,8.291666666666666,159.0,106.04166666666667,66.0
2014-11-17,92.0,77.33333333333333,67.0,15.833333333333334,18.958333333333332,3.125,1.5,24.0,175.0,133.125,88.0
2014-11-18,92.0,69.66666666666667,47.0,10.208333333333334,12.5,2.2916666666666665,0.875,13.583333333333334,157.0,124.08333333333333,93.0
2014-11-19,79.0,65.875,44.0,11.375,14.208333333333334,2.8333333333333335,0.7083333333333334,7.0,140.0,100.70833333333333,71.0
2014-11-20,98.0,87.29166666666667,65.0,11.217391304347826,13.391304347826088,2.1739130434782608,0.08695652173913043,14.208333333333334,156.0,109.91666666666667,72.0
2014-11-21,98.0,89.95833333333333,77.0,9.958333333333334,11.916666666666666,1.9583333333333333,0.08695652173913043,14.521739130434783,169.0,131.08333333333334,88.0
2014-11-22,98.0,90.125,77.0,15.125,18.541666666666668,3.4166666666666665,0.5833333333333334,17.083333333333332,179.0,139.66666666666666,105.0
2014-11-23,97.0,81.58333333333333,70.0,6.958333333333333,8.791666666666666,1.8333333333333333,0.625,16.25,182.0,142.29166666666666,94.0
2014-11-24,98.0,82.83333333333333,67.0,6.25,8.375,2.125,0.375,17.75,179.0,152.54166666666666,116.0
2014-11-25,98.0,97.04166666666667,95.0,8.958333333333334,13.625,4.666666666666667,0.0,26.208333333333332,148.0,130.04166666666666,101.0
2014-11-26,98.0,97.875,97.0,2.1666666666666665,4.583333333333333,2.4166666666666665,0.0,20.125,165.0,148.25,130.0
2014-11-27,98.0,84.95833333333333,77.0,3.9565217391304346,4.608695652173913,0.6521739130434783,0.0,9.666666666666666,159.0,143.83333333333334,111.0
2014-11-28,98.0,85.33333333333333,62.0,7.208333333333333,12.333333333333334,5.125,0.08333333333333333,12.875,189.0,151.41666666666666,96.0
2014-11-29,98.0,96.25,90.0,9.583333333333334,11.375,1.7916666666666667,0.125,18.75,188.0,158.125,113.0
2014-11-30,96.0,81.08333333333333,69.0,4.291666666666667,5.625,1.3333333333333333,0.0,11.708333333333334,171.0,161.125,152.0
2014-12-01,98.0,95.625,87.0,5.416666666666667,7.125,1.7083333333333333,0.0,25.958333333333332,201.0,174.20833333333334,143.0
2014-12-02,81.0,63.75,46.0,7.458333333333333,10.416666666666666,2.9583333333333335,1.25,7.25,150.0,119.91666666666667,82.0
2014-12-03,69.0,56.208333333333336,39.0,6.625,9.333333333333334,2.7083333333333335,1.5,8.75,129.0,99.08333333333333,70.0
2014-12-04,98.0,80.0,58.0,7.304347826086956,8.08695652173913,0.782608695652174,0.08695652173913043,,142.0,118.5,90.0
2014-12-05,98.0,80.5,58.0,12.083333333333334,14.5,2.4166666666666665,0.08333333333333333,7.928571428571429,131.0,88.20833333333333,62.0
2014-12-06,94.0,74.91666666666667,47.0,10.291666666666666,13.708333333333334,3.4166666666666665,0.08333333333333333,5.708333333333333,94.0,50.958333333333336,22.0
2014-12-07,79.0,66.5,48.0,9.541666666666666,12.125,2.5833333333333335,0.20833333333333334,4.125,94.0,57.291666666666664,16.0
2014-12-08,97.0,85.29166666666667,66.0,12.666666666666666,19.833333333333332,7.166666666666667,0.2916666666666667,10.083333333333334,124.0,80.04166666666667,50.0
2014-12-09,96.0,78.20833333333333,61.0,12.791666666666666,17.041666666666668,4.25,0.9166666666666666,15.208333333333334,125.0,80.83333333333333,46.0
2014-12-10,89.0,75.0,57.0,12.875,17.0,4.125,0.375,12.208333333333334,110.0,70.41666666666667,10.0
2014-12-11,98.0,95.91666666666667,89.0,9.304347826086957,10.695652173913043,1.391304347826087,0.0,38.5,169.0,128.25,72.0
2014-12-12,98.0,77.91666666666667,66.0,8.958333333333334,10.708333333333334,1.75,0.7083333333333334,8.75,112.0,103.45833333333333,74.0
2014-12-13,98.0,80.625,55.0,8.541666666666666,10.875,2.3333333333333335,0.2916666666666667,8.708333333333334,122.0,70.70833333333333,36.0
2014-12-14,95.0,75.04166666666667,49.0,9.5,12.875,3.375,1.2083333333333333,5.666666666666667,83.0,40.5,14.0
2014-12-15,84.0,63.208333333333336,43.0,8.125,11.041666666666666,2.9166666666666665,0.08333333333333333,5.166666666666667,91.0,55.666666666666664,-2.0
2014-12-16,98.0,92.66666666666667,58.0,12.708333333333334,17.541666666666668,4.833333333333333,0.041666666666666664,21.291666666666668,142.0,74.375,49.0
2014-12-17,97.0,67.375,46.0,6.875,10.208333333333334,3.3333333333333335,1.2083333333333333,9.833333333333334,92.0,60.541666666666664,25.0
2014-12-18,82.0,57.291666666666664,36.0,5.695652173913044,6.913043478260869,1.2173913043478262,0.2608695652173913,4.0,79.0,35.041666666666664,3.0
2014-12-19,92.0,73.04166666666667,48.0,15.166666666666666,24.791666666666668,9.625,0.9166666666666666,5.173913043478261,87.0,37.208333333333336,-4.0
2014-12-20,98.0,91.625,72.0,9.0,11.625,2.625,0.041666666666666664,30.25,166.0,112.375,65.0
2014-12-21,98.0,85.5,68.0,9.083333333333334,12.458333333333334,3.375,0.3333333333333333,13.666666666666666,129.0,96.54166666666667,55.0
2014-12-22,92.0,56.25,31.0,8.166666666666666,11.583333333333334,3.4166666666666665,0.7916666666666666,5.666666666666667,114.0,78.54166666666667,53.0
2014-12-23,82.0,61.375,39.0,9.333333333333334,12.833333333333334,3.5,0.25,5.5,110.0,62.916666666666664,24.0
2014-12-24,92.0,73.25,51.0,20.5,27.791666666666668,7.291666666666667,0.8333333333333334,15.666666666666666,136.0,66.75,17.0
2014-12-25,91.0,62.958333333333336,41.0,16.956521739130434,20.26086956521739,3.3043478260869565,2.4285714285714284,12.91304347826087,109.0,68.375,34.0
2014-12-26,78.0,54.458333333333336,35.0,7.583333333333333,9.041666666666666,1.4583333333333333,0.2916666666666667,3.75,90.0,48.25,8.0
2014-12-27,77.0,61.583333333333336,41.0,12.0,14.583333333333334,2.5833333333333335,0.6666666666666666,9.333333333333334,69.0,32.583333333333336,-9.0
2014-12-28,91.0,77.16666666666667,60.0,14.666666666666666,18.083333333333332,3.4166666666666665,1.0,23.416666666666668,100.0,48.916666666666664,-8.0
2014-12-29,98.0,95.95833333333333,76.0,11.5,15.041666666666666,3.5416666666666665,0.08333333333333333,34.958333333333336,98.0,71.20833333333333,45.0
2014-12-30,98.0,88.58333333333333,66.0,14.416666666666666,20.625,6.208333333333333,0.4583333333333333,25.5,114.0,63.5,26.0
2014-12-31,97.0,73.16666666666667,50.0,7.666666666666667,10.583333333333334,2.9166666666666665,1.0416666666666667,19.291666666666668,119.0,82.625,23.0
2015-04-01,98.0,96.29166666666667,91.0,4.869565217391305,5.130434782608695,0.2608695652173913,0.9583333333333334,45.0,175.0,126.70833333333333,71.0
2015-04-02,96.0,78.08333333333333,59.0,2.8333333333333335,3.25,0.4166666666666667,0.0,8.833333333333334,132.0,103.83333333333333,68.0
2015-04-03,98.0,93.58333333333333,82.0,1.375,1.375,0.0,0.08333333333333333,48.625,181.0,160.54166666666666,133.0
2015-04-04,98.0,90.95833333333333,80.0,3.875,4.291666666666667,0.4166666666666667,0.041666666666666664,22.25,167.0,109.25,90.0
2015-04-05,98.0,97.16666666666667,93.0,9.666666666666666,10.583333333333334,0.9166666666666666,0.041666666666666664,24.75,106.0,94.375,81.0
2015-04-06,98.0,95.79166666666667,84.0,9.25,10.875,1.625,0.3333333333333333,46.666666666666664,187.0,133.58333333333334,100.0
2015-04-07,98.0,96.08333333333333,87.0,3.2083333333333335,3.75,0.5416666666666666,0.0,15.833333333333334,95.0,85.95833333333333,80.0
2015-04-08,98.0,89.75,75.0,2.391304347826087,2.9565217391304346,0.5652173913043478,0.0,14.041666666666666,86.0,54.041666666666664,30.0
2015-04-09,97.0,86.0,78.0,3.0,3.5,0.5,0.34782608695652173,13.875,89.0,75.54166666666667,57.0
2015-04-10,98.0,97.58333333333333,96.0,6.083333333333333,6.541666666666667,0.4583333333333333,0.25,21.608695652173914,91.0,80.375,66.0
2015-04-11,99.0,96.625,92.0,3.625,4.0,0.375,0.0,16.916666666666668,126.0,108.79166666666667,88.0
2015-04-12,97.0,87.16666666666667,79.0,5.666666666666667,6.291666666666667,0.625,0.25,11.666666666666666,142.0,123.0,93.0
2015-04-13,98.0,96.54166666666667,86.0,5.708333333333333,6.25,0.5416666666666666,0.041666666666666664,23.625,139.0,128.33333333333334,105.0
2015-04-14,99.0,98.04166666666667,98.0,4.791666666666667,5.291666666666667,0.5,0.0,11.291666666666666,133.0,122.79166666666667,108.0
2015-04-15,98.0,89.79166666666667,73.0,4.6521739130434785,4.6521739130434785,0.0,0.5416666666666666,15.958333333333334,187.0,141.91666666666666,94.0
2015-04-16,98.0,81.875,65.0,6.0,6.041666666666667,0.041666666666666664,1.391304347826087,34.5,192.0,148.58333333333334,96.0
2015-04-17,97.0,88.41666666666667,78.0,3.5,3.625,0.125,0.8333333333333334,38.875,193.0,151.375,100.0
2015-04-18,94.0,72.33333333333333,52.0,3.875,4.125,0.25,0.5416666666666666,31.416666666666668,170.0,138.83333333333334,82.0
2015-04-19,98.0,89.79166666666667,61.0,7.541666666666667,7.958333333333333,0.4166666666666667,1.0833333333333333,33.041666666666664,177.0,143.375,97.0
2015-04-20,98.0,96.625,91.0,2.5,2.5833333333333335,0.08333333333333333,0.5833333333333334,52.625,202.0,179.16666666666666,151.0
2015-04-21,98.0,89.54166666666667,67.0,4.083333333333333,4.625,0.5416666666666666,0.0,17.25,183.0,155.125,139.0
2015-04-22,98.0,85.29166666666667,72.0,8.956521739130435,9.652173913043478,0.6956521739130435,0.5833333333333334,23.125,166.0,146.66666666666666,121.0
2015-04-23,98.0,90.91666666666667,66.0,10.416666666666666,11.333333333333334,0.9166666666666666,0.6086956521739131,25.666666666666668,178.0,154.04166666666666,122.0
2015-04-24,98.0,81.33333333333333,65.0,4.666666666666667,4.708333333333333,0.041666666666666664,0.20833333333333334,14.375,216.0,180.41666666666666,139.0
2015-04-25,97.0,81.29166666666667,51.0,5.541666666666667,5.958333333333333,0.4166666666666667,0.16666666666666666,33.541666666666664,172.0,153.91666666666666,119.0
2015-04-26,97.0,82.5,56.0,4.375,4.583333333333333,0.20833333333333334,0.25,25.916666666666668,220.0,167.875,102.0
2015-04-27,98.0,90.875,81.0,2.3333333333333335,2.3333333333333335,0.0,0.7083333333333334,39.208333333333336,222.0,185.91666666666666,159.0
2015-04-28,98.0,89.20833333333333,77.0,2.375,2.375,0.0,0.2916666666666667,36.708333333333336,226.0,189.25,164.0
2015-04-29,97.0,85.45833333333333,66.0,5.6521739130434785,5.826086956521739,0.17391304347826086,0.5,18.875,229.0,186.70833333333334,149.0
2015-04-30,98.0,94.54166666666667,80.0,8.875,9.833333333333334,0.9583333333333334,0.34782608695652173,17.541666666666668,201.0,167.20833333333334,138.0
2015-05-01,98.0,88.875,69.0,7.083333333333333,8.0,0.9166666666666666,0.375,12.916666666666666,219.0,181.08333333333334,139.0
2015-05-02,98.0,93.125,83.0,8.916666666666666,11.25,2.3333333333333335,0.5833333333333334,12.125,217.0,181.125,142.0
2015-05-03,98.0,92.08333333333333,72.0,3.7916666666666665,4.166666666666667,0.375,0.4166666666666667,10.416666666666666,228.0,189.0,151.0
2015-05-04,98.0,93.29166666666667,84.0,1.625,1.7083333333333333,0.08333333333333333,0.08333333333333333,14.083333333333334,234.0,203.125,183.0
2015-05-05,98.0,74.83333333333333,55.0,3.8333333333333335,4.125,0.2916666666666667,0.0,18.291666666666668,194.0,165.54166666666666,128.0
2015-05-06,97.0,79.04166666666667,51.0,3.9565217391304346,4.304347826086956,0.34782608695652173,0.3333333333333333,16.958333333333332,221.0,173.0,112.0
2015-05-07,98.0,85.66666666666667,71.0,4.291666666666667,4.333333333333333,0.041666666666666664,1.0869565217391304,20.125,217.0,188.875,170.0
2015-05-08,98.0,91.08333333333333,74.0,5.375,6.083333333333333,0.7083333333333334,0.6666666666666666,26.782608695652176,226.0,184.125,151.0
2015-05-09,98.0,94.70833333333333,89.0,4.666666666666667,4.666666666666667,0.0,1.0,16.125,201.0,181.75,163.0
2015-05-10,98.0,70.79166666666667,39.0,3.875,4.0,0.125,0.4583333333333333,24.208333333333332,244.0,178.95833333333334,136.0
2015-05-11,79.0,56.458333333333336,34.0,2.9166666666666665,3.0833333333333335,0.16666666666666666,0.08333333333333333,7.333333333333333,203.0,167.875,132.0
2015-05-12,98.0,88.625,79.0,1.1666666666666667,1.1666666666666667,0.0,0.0,36.416666666666664,216.0,193.0,167.0
2015-05-13,98.0,79.58333333333333,66.0,2.652173913043478,2.652173913043478,0.0,0.4583333333333333,32.25,233.0,201.375,181.0
2015-05-14,96.0,80.29166666666667,63.0,6.541666666666667,6.833333333333333,0.2916666666666667,1.4782608695652173,44.791666666666664,237.0,198.33333333333334,171.0
2015-05-15,98.0,91.29166666666667,81.0,5.833333333333333,6.166666666666667,0.3333333333333333,0.75,34.875,204.0,187.375,161.0
2015-05-16,98.0,97.75,95.0,7.916666666666667,8.416666666666666,0.5,0.3333333333333333,28.791666666666668,204.0,182.54166666666666,165.0
2015-05-17,98.0,85.04166666666667,58.0,4.708333333333333,4.916666666666667,0.20833333333333334,0.75,25.541666666666668,242.0,198.16666666666666,169.0
2015-05-18,98.0,85.33333333333333,68.0,4.708333333333333,5.125,0.4166666666666667,0.3333333333333333,21.791666666666668,249.0,209.5,158.0
2015-05-19,98.0,97.79166666666667,97.0,4.125,4.5,0.375,0.0,26.791666666666668,214.0,198.29166666666666,179.0
2015-05-20,98.0,97.625,96.0,6.913043478260869,7.391304347826087,0.4782608695652174,0.20833333333333334,17.666666666666668,195.0,178.41666666666666,159.0
2015-05-21,98.0,86.375,68.0,4.791666666666667,5.125,0.3333333333333333,0.43478260869565216,14.791666666666666,202.0,170.45833333333334,137.0
2015-05-22,98.0,86.04166666666667,73.0,4.0,4.041666666666667,0.041666666666666664,1.0416666666666667,24.041666666666668,229.0,190.70833333333334,144.0
2015-05-23,97.0,88.45833333333333,74.0,3.875,3.9583333333333335,0.08333333333333333,1.125,18.916666666666668,235.0,202.29166666666666,178.0
2015-05-24,98.0,88.25,68.0,3.5,3.5,0.0,0.5833333333333334,13.208333333333334,234.0,197.5,173.0
2015-05-25,98.0,95.16666666666667,82.0,5.708333333333333,6.125,0.4166666666666667,0.625,19.875,203.0,180.70833333333334,162.0
2015-05-26,98.0,87.375,54.0,4.458333333333333,4.833333333333333,0.375,0.5833333333333334,19.5,232.0,191.95833333333334,161.0
2015-05-27,98.0,83.41666666666667,57.0,9.521739130434783,10.608695652173912,1.0869565217391304,1.625,26.583333333333332,246.0,208.29166666666666,162.0
2015-05-28,98.0,90.125,83.0,4.5,4.916666666666667,0.4166666666666667,0.5652173913043478,25.083333333333332,231.0,207.20833333333334,175.0
2015-05-29,98.0,95.95833333333333,89.0,11.083333333333334,12.458333333333334,1.375,0.4583333333333333,22.375,212.0,199.625,183.0
2015-05-30,98.0,93.5,79.0,2.9583333333333335,3.2916666666666665,0.3333333333333333,0.16666666666666666,19.416666666666668,226.0,204.75,179.0
2015-05-31,98.0,85.58333333333333,66.0,4.208333333333333,4.333333333333333,0.125,1.1666666666666667,31.583333333333332,258.0,229.0,201.0
2015-06-01,96.0,82.08333333333333,61.0,6.375,7.041666666666667,0.6666666666666666,0.5833333333333334,11.208333333333334,228.0,207.58333333333334,191.0
2015-06-02,98.0,92.66666666666667,81.0,4.166666666666667,4.333333333333333,0.16666666666666666,0.5,14.916666666666666,248.0,218.66666666666666,192.0
2015-06-03,98.0,98.0,98.0,6.3478260869565215,6.695652173913044,0.34782608695652173,0.125,23.708333333333332,222.0,210.33333333333334,203.0
2015-06-04,98.0,71.04166666666667,52.0,6.636363636363637,7.181818181818182,0.5454545454545454,0.5555555555555556,13.125,256.0,211.5,174.0
2015-06-05,98.0,84.70833333333333,64.0,7.428571428571429,8.214285714285714,0.7857142857142857,0.7857142857142857,7.3478260869565215,211.0,185.125,146.0
2015-06-06,98.0,94.79166666666667,87.0,4.25,4.416666666666667,0.16666666666666666,0.08333333333333333,12.041666666666666,184.0,167.16666666666666,145.0
2015-06-07,98.0,86.125,75.0,3.4166666666666665,3.75,0.3333333333333333,0.625,13.25,229.0,192.66666666666666,142.0
2015-06-08,97.0,82.04166666666667,68.0,3.1666666666666665,3.375,0.20833333333333334,0.08333333333333333,10.666666666666666,244.0,213.08333333333334,181.0
2015-06-09,98.0,97.70833333333333,96.0,7.916666666666667,8.583333333333334,0.6666666666666666,0.16666666666666666,24.333333333333332,213.0,201.0,184.0
2015-06-10,98.0,86.625,71.0,7.083333333333333,8.791666666666666,1.7083333333333333,0.7083333333333334,19.541666666666668,263.0,221.25,178.0
2015-06-11,98.0,93.25,79.0,6.041666666666667,6.541666666666667,0.5,0.625,16.0,256.0,222.04166666666666,188.0
2015-06-12,98.0,98.0,98.0,5.260869565217392,5.391304347826087,0.13043478260869565,0.5217391304347826,21.625,208.0,196.20833333333334,187.0
2015-06-13,99.0,94.83333333333333,79.0,3.75,4.041666666666667,0.2916666666666667,0.3333333333333333,12.208333333333334,259.0,218.70833333333334,187.0
2015-06-14,98.0,94.95833333333333,84.0,4.041666666666667,4.041666666666667,0.0,0.8333333333333334,31.375,236.0,215.375,202.0
2015-06-15,98.0,91.95833333333333,75.0,5.0,5.166666666666667,0.16666666666666666,1.5416666666666667,41.958333333333336,264.0,225.0,192.0
2015-06-16,98.0,95.5,88.0,5.666666666666667,6.041666666666667,0.375,1.125,27.75,249.0,220.91666666666666,205.0
2015-06-17,98.0,96.58333333333333,92.0,6.458333333333333,7.166666666666667,0.7083333333333334,0.5,25.041666666666668,234.0,210.0,192.0
2015-06-18,99.0,91.33333333333333,84.0,5.666666666666667,6.208333333333333,0.5416666666666666,0.20833333333333334,20.416666666666668,234.0,213.54166666666666,195.0
2015-06-19,98.0,97.16666666666667,91.0,4.818181818181818,5.2272727272727275,0.4090909090909091,0.21739130434782608,15.083333333333334,211.0,193.0,172.0
2015-06-20,98.0,89.75,73.0,2.8333333333333335,3.1666666666666665,0.3333333333333333,0.4166666666666667,10.916666666666666,226.0,205.79166666666666,180.0
2015-06-21,98.0,90.0,74.0,6.583333333333333,6.916666666666667,0.3333333333333333,0.7916666666666666,11.541666666666666,247.0,214.29166666666666,179.0
2015-06-22,98.0,90.33333333333333,75.0,6.666666666666667,7.583333333333333,0.9166666666666666,0.4166666666666667,12.041666666666666,244.0,218.95833333333334,187.0
2015-06-23,98.0,88.79166666666667,69.0,5.375,6.583333333333333,1.2083333333333333,0.75,11.583333333333334,274.0,231.29166666666666,200.0
2015-06-24,98.0,90.45833333333333,78.0,6.166666666666667,6.541666666666667,0.375,0.75,16.958333333333332,259.0,231.0,198.0
2015-06-25,98.0,88.16666666666667,75.0,6.25,7.125,0.875,0.5833333333333334,12.458333333333334,268.0,236.75,215.0
2015-06-26,98.0,93.625,80.0,5.6521739130434785,6.0,0.34782608695652173,0.17391304347826086,8.75,256.0,227.08333333333334,207.0
2015-06-27,98.0,97.66666666666667,96.0,5.458333333333333,6.0,0.5416666666666666,0.08333333333333333,16.041666666666668,250.0,226.16666666666666,211.0
2015-06-28,98.0,91.04166666666667,78.0,2.5833333333333335,3.125,0.5416666666666666,0.20833333333333334,7.583333333333333,248.0,206.54166666666666,178.0
2015-06-29,94.0,86.54166666666667,72.0,2.4166666666666665,2.8333333333333335,0.4166666666666667,0.08333333333333333,9.208333333333334,225.0,199.58333333333334,175.0
2015-06-30,98.0,89.0,76.0,3.3333333333333335,3.5,0.16666666666666666,0.125,8.166666666666666,247.0,220.04166666666666,195.0
2015-07-01,98.0,98.0,98.0,4.916666666666667,5.041666666666667,0.125,0.16666666666666666,37.708333333333336,241.0,217.875,196.0
2015-07-02,98.0,97.58333333333333,91.0,7.173913043478261,7.739130434782608,0.5652173913043478,0.34782608695652173,24.91304347826087,243.0,216.25,210.0
2015-07-03,98.0,98.0,98.0,5.826086956521739,6.130434782608695,0.30434782608695654,0.30434782608695654,20.5,233.0,214.66666666666666,207.0
2015-07-04,99.0,97.29166666666667,91.0,4.625,5.125,0.5,0.4166666666666667,20.083333333333332,238.0,217.375,203.0
2015-07-05,99.0,98.08333333333333,98.0,4.291666666666667,4.291666666666667,0.0,0.2916666666666667,9.625,204.0,197.45833333333334,190.0
2015-07-06,98.0,98.0,98.0,5.583333333333333,6.0,0.4166666666666667,0.375,11.041666666666666,204.0,198.625,193.0
2015-07-07,98.0,97.83333333333333,97.0,6.083333333333333,6.416666666666667,0.3333333333333333,0.5,17.875,224.0,208.41666666666666,195.0
2015-07-08,98.0,96.79166666666667,90.0,9.125,10.25,1.125,1.9583333333333333,38.708333333333336,262.0,223.41666666666666,196.0
2015-07-09,99.0,98.16666666666667,98.0,4.791666666666667,5.458333333333333,0.6666666666666666,0.125,12.125,205.0,199.33333333333334,195.0
2015-07-10,98.0,93.08333333333333,65.0,4.913043478260869,5.608695652173913,0.6956521739130435,0.6521739130434783,9.875,257.0,220.125,195.0
2015-07-11,98.0,93.875,82.0,3.8333333333333335,4.291666666666667,0.4583333333333333,1.2083333333333333,17.583333333333332,279.0,244.66666666666666,213.0
2015-07-12,99.0,95.20833333333333,86.0,5.083333333333333,5.75,0.6666666666666666,0.875,17.625,283.0,248.25,219.0
2015-07-13,99.0,96.58333333333333,91.0,3.2083333333333335,4.25,1.0416666666666667,0.25,22.5,276.0,250.45833333333334,231.0
2015-07-14,98.0,95.79166666666667,89.0,2.875,3.9583333333333335,1.0833333333333333,0.125,25.083333333333332,280.0,249.79166666666666,231.0
2015-07-15,99.0,96.16666666666667,89.0,3.75,5.0,1.25,0.7083333333333334,37.541666666666664,274.0,246.70833333333334,224.0
2015-07-16,98.0,96.54166666666667,88.0,2.8333333333333335,4.0,1.1666666666666667,0.0,61.458333333333336,288.0,253.29166666666666,233.0
2015-07-17,98.0,97.08333333333333,93.0,1.7826086956521738,2.4782608695652173,0.6956521739130435,0.0,59.5,275.0,246.75,228.0
2015-07-18,98.0,96.79166666666667,91.0,3.0416666666666665,3.4583333333333335,0.4166666666666667,0.2916666666666667,36.166666666666664,273.0,241.54166666666666,224.0
2015-07-19,98.0,89.875,74.0,3.0,3.5833333333333335,0.5833333333333334,0.0,27.041666666666668,287.0,251.91666666666666,220.0
2015-07-20,98.0,92.875,81.0,5.666666666666667,6.958333333333333,1.2916666666666667,0.7083333333333334,26.041666666666668,292.0,254.58333333333334,231.0
2015-07-21,98.0,91.41666666666667,77.0,5.875,7.083333333333333,1.2083333333333333,0.7083333333333334,20.458333333333332,290.0,251.5,225.0
2015-07-22,98.0,92.54166666666667,82.0,3.8333333333333335,4.958333333333333,1.125,0.08333333333333333,16.875,279.0,245.5,221.0
2015-07-23,98.0,95.875,88.0,3.125,3.5416666666666665,0.4166666666666667,0.0,24.625,260.0,233.70833333333334,221.0
2015-07-24,98.0,93.79166666666667,82.0,8.782608695652174,10.130434782608695,1.3478260869565217,1.7826086956521738,37.125,300.0,257.5416666666667,225.0
2015-07-25,98.0,90.625,80.0,8.791666666666666,10.458333333333334,1.6666666666666667,1.25,33.208333333333336,294.0,261.2916666666667,229.0
2015-07-26,98.0,88.75,67.0,9.625,10.416666666666666,0.7916666666666666,2.625,42.166666666666664,329.0,274.875,240.0
2015-07-27,98.0,93.66666666666667,84.0,4.041666666666667,4.666666666666667,0.625,0.5833333333333334,34.541666666666664,303.0,263.6666666666667,239.0
2015-07-28,98.0,97.08333333333333,90.0,6.791666666666667,7.708333333333333,0.9166666666666666,0.9166666666666666,35.416666666666664,279.0,253.25,234.0
2015-07-29,99.0,96.79166666666667,92.0,4.166666666666667,4.625,0.4583333333333333,0.4166666666666667,35.583333333333336,271.0,254.0,238.0
2015-07-30,99.0,93.625,83.0,4.916666666666667,5.583333333333333,0.6666666666666666,0.4166666666666667,33.041666666666664,288.0,261.5416666666667,236.0
2015-07-31,99.0,92.25,79.0,5.043478260869565,5.782608695652174,0.7391304347826086,0.6086956521739131,31.565217391304348,309.0,271.3333333333333,240.0
2015-08-01,99.0,95.16666666666667,85.0,5.375,5.708333333333333,0.3333333333333333,1.0416666666666667,43.375,317.0,274.0,250.0
2015-08-02,99.0,96.20833333333333,87.0,4.583333333333333,5.0,0.4166666666666667,0.625,41.333333333333336,303.0,270.2083333333333,249.0
2015-08-03,99.0,95.0,84.0,5.583333333333333,7.041666666666667,1.4583333333333333,0.8333333333333334,33.208333333333336,309.0,271.5833333333333,247.0
2015-08-04,98.0,93.25,82.0,5.625,7.208333333333333,1.5833333333333333,1.0416666666666667,23.458333333333332,309.0,274.6666666666667,253.0
2015-08-05,98.0,93.79166666666667,83.0,4.166666666666667,6.458333333333333,2.2916666666666665,0.4583333333333333,16.125,309.0,274.5833333333333,254.0
2015-08-06,98.0,90.58333333333333,77.0,2.875,3.9583333333333335,1.0833333333333333,0.0,19.0,313.0,275.9583333333333,250.0
2015-08-07,98.0,90.04166666666667,73.0,7.956521739130435,9.130434782608695,1.173913043478261,1.565217391304348,37.375,318.0,277.8333333333333,248.0
2015-08-08,98.0,96.16666666666667,90.0,4.541666666666667,5.125,0.5833333333333334,0.4166666666666667,29.041666666666668,273.0,248.95833333333334,237.0
2015-08-09,98.0,95.66666666666667,87.0,3.7916666666666665,4.375,0.5833333333333334,0.20833333333333334,23.291666666666668,286.0,256.5416666666667,236.0
2015-08-10,99.0,97.29166666666667,95.0,4.166666666666667,5.5,1.3333333333333333,0.125,23.916666666666668,289.0,266.9166666666667,248.0
2015-08-11,99.0,97.66666666666667,94.0,3.0833333333333335,4.583333333333333,1.5,0.041666666666666664,21.166666666666668,292.0,268.2916666666667,253.0
2015-08-12,99.0,96.04166666666667,88.0,4.083333333333333,5.291666666666667,1.2083333333333333,0.25,16.0,291.0,266.6666666666667,251.0
2015-08-13,98.0,94.66666666666667,79.0,3.875,4.0,0.125,0.7083333333333334,30.125,295.0,271.4166666666667,257.0
2015-08-14,98.0,97.125,90.0,2.9565217391304346,3.391304347826087,0.43478260869565216,0.0,19.833333333333332,295.0,259.9166666666667,236.0
2015-08-15,98.0,93.33333333333333,82.0,2.75,3.0416666666666665,0.2916666666666667,0.125,9.666666666666666,288.0,260.8333333333333,236.0
2015-08-16,98.0,96.75,89.0,4.833333333333333,5.375,0.5416666666666666,0.375,12.916666666666666,284.0,260.1666666666667,248.0
2015-08-17,98.0,97.79166666666667,96.0,4.083333333333333,4.625,0.5416666666666666,0.08333333333333333,16.333333333333332,268.0,254.75,244.0
2015-08-18,98.0,95.75,89.0,1.625,2.125,0.5,0.0,21.791666666666668,298.0,272.4166666666667,258.0
2015-08-19,98.0,90.16666666666667,74.0,6.208333333333333,7.083333333333333,0.875,0.4583333333333333,12.208333333333334,278.0,261.7083333333333,247.0
2015-08-20,98.0,97.91666666666667,97.0,4.75,4.875,0.125,0.08333333333333333,19.958333333333332,258.0,251.79166666666666,243.0
2015-08-21,98.0,97.70833333333333,96.0,4.086956521739131,4.565217391304348,0.4782608695652174,0.13043478260869565,50.041666666666664,275.0,257.5416666666667,239.0
2015-08-22,98.0,93.0,84.0,2.2083333333333335,2.9166666666666665,0.7083333333333334,0.041666666666666664,97.625,306.0,276.125,254.0
2015-08-23,98.0,97.95833333333333,97.0,1.9166666666666667,1.9583333333333333,0.041666666666666664,0.0,33.833333333333336,256.0,244.625,232.0
2015-08-24,98.0,92.75,87.0,1.25,1.7083333333333333,0.4583333333333333,0.0,17.916666666666668,244.0,228.91666666666666,216.0
2015-08-25,97.0,84.75,77.0,2.0416666666666665,2.5833333333333335,0.5416666666666666,0.0,11.333333333333334,237.0,220.29166666666666,205.0
2015-08-26,99.0,96.41666666666667,86.0,4.625,4.791666666666667,0.16666666666666666,0.0,36.375,258.0,231.75,216.0
2015-08-27,98.0,98.0,98.0,3.0833333333333335,3.4166666666666665,0.3333333333333333,0.125,18.869565217391305,231.0,221.45833333333334,215.0
2015-08-28,99.0,98.75,98.0,2.391304347826087,2.8260869565217392,0.43478260869565216,0.0,22.0,218.0,210.83333333333334,206.0
2015-08-29,99.0,98.41666666666667,98.0,2.25,2.6666666666666665,0.4166666666666667,0.0,23.75,233.0,218.16666666666666,208.0
2015-08-30,99.0,98.33333333333333,98.0,2.5416666666666665,2.625,0.08333333333333333,0.0,17.75,225.0,216.66666666666666,211.0
2015-08-31,99.0,98.08333333333333,97.0,4.458333333333333,4.958333333333333,0.5,0.20833333333333334,11.041666666666666,250.0,226.54166666666666,216.0
2015-09-01,99.0,97.125,93.0,8.041666666666666,9.541666666666666,1.5,0.3333333333333333,12.333333333333334,264.0,243.79166666666666,218.0
2015-09-02,98.0,97.41666666666667,93.0,1.9166666666666667,2.25,0.3333333333333333,0.0,32.541666666666664,287.0,259.7916666666667,243.0
2015-09-03,98.0,95.29166666666667,86.0,7.041666666666667,9.458333333333334,2.4166666666666665,0.9583333333333334,25.708333333333332,296.0,254.625,232.0
2015-09-04,98.0,93.20833333333333,79.0,2.739130434782609,2.8260869565217392,0.08695652173913043,0.043478260869565216,19.291666666666668,290.0,254.375,228.0
2015-09-05,98.0,93.79166666666667,88.0,5.833333333333333,6.125,0.2916666666666667,0.5,16.041666666666668,267.0,242.54166666666666,229.0
2015-09-06,98.0,96.16666666666667,76.0,3.3333333333333335,3.4166666666666665,0.08333333333333333,0.4583333333333333,19.541666666666668,284.0,243.91666666666666,221.0
2015-09-07,99.0,97.91666666666667,93.0,4.125,4.375,0.25,0.20833333333333334,22.291666666666668,266.0,231.20833333333334,210.0
2015-09-08,99.0,98.83333333333333,98.0,2.5833333333333335,2.7083333333333335,0.125,0.0,22.75,231.0,220.33333333333334,214.0
2015-09-09,99.0,95.0,90.0,1.5,1.5,0.0,0.0,36.291666666666664,277.0,256.6666666666667,231.0
2015-09-10,99.0,97.125,93.0,2.4545454545454546,2.727272727272727,0.2727272727272727,0.0,30.125,282.0,243.70833333333334,222.0
2015-09-11,99.0,97.83333333333333,94.0,5.521739130434782,6.304347826086956,0.782608695652174,0.2608695652173913,17.833333333333332,238.0,218.5,205.0
2015-09-12,99.0,93.33333333333333,87.0,3.8333333333333335,4.541666666666667,0.7083333333333334,0.2916666666666667,19.791666666666668,274.0,241.20833333333334,197.0
2015-09-13,97.0,90.125,80.0,1.1666666666666667,1.1666666666666667,0.0,0.3333333333333333,20.083333333333332,283.0,254.5,239.0
2015-09-14,98.0,90.625,82.0,3.3333333333333335,3.7083333333333335,0.375,0.08333333333333333,10.625,246.0,227.41666666666666,213.0
2015-09-15,94.0,86.54166666666667,78.0,2.625,3.0,0.375,0.0,8.458333333333334,252.0,223.83333333333334,212.0
2015-09-16,97.0,83.0,72.0,3.625,4.083333333333333,0.4583333333333333,0.0,7.75,245.0,218.66666666666666,195.0
2015-09-17,99.0,97.41666666666667,89.0,3.4583333333333335,3.5833333333333335,0.125,0.0,19.083333333333332,241.0,212.875,188.0
2015-09-18,99.0,98.91666666666667,98.0,5.782608695652174,6.0,0.21739130434782608,0.0,14.375,234.0,217.29166666666666,194.0
2015-09-19,99.0,97.0,91.0,6.333333333333333,7.0,0.6666666666666666,0.25,13.666666666666666,249.0,229.375,213.0
2015-09-20,98.0,91.33333333333333,78.0,3.4583333333333335,3.8333333333333335,0.375,0.20833333333333334,10.833333333333334,245.0,223.20833333333334,204.0
2015-09-21,98.0,94.20833333333333,87.0,2.9166666666666665,3.2916666666666665,0.375,0.16666666666666666,11.791666666666666,242.0,219.70833333333334,205.0
2015-09-22,99.0,86.91666666666667,71.0,4.083333333333333,4.666666666666667,0.5833333333333334,0.4166666666666667,12.833333333333334,247.0,214.95833333333334,183.0
2015-09-23,98.0,90.375,76.0,5.0,5.291666666666667,0.2916666666666667,0.5416666666666666,14.75,250.0,212.0,176.0
2015-09-24,98.0,87.33333333333333,73.0,4.333333333333333,4.75,0.4166666666666667,0.0,14.208333333333334,238.0,222.54166666666666,200.0
2015-09-25,99.0,91.625,78.0,3.0434782608695654,3.5217391304347827,0.4782608695652174,0.0,13.478260869565217,231.0,214.125,199.0
2015-09-26,99.0,98.29166666666667,98.0,3.125,3.4166666666666665,0.2916666666666667,0.0,15.125,225.0,213.58333333333334,198.0
2015-09-27,99.0,98.70833333333333,98.0,4.625,5.083333333333333,0.4583333333333333,0.0,12.375,219.0,208.79166666666666,191.0
2015-09-28,99.0,93.66666666666667,79.0,4.583333333333333,5.583333333333333,1.0,0.3333333333333333,17.958333333333332,263.0,226.66666666666666,192.0
2015-09-29,98.0,76.54166666666667,60.0,6.375,6.958333333333333,0.5833333333333334,0.6666666666666666,11.5,242.0,214.33333333333334,193.0
2015-09-30,83.0,63.125,50.0,4.041666666666667,4.458333333333333,0.4166666666666667,0.5416666666666666,5.791666666666667,225.0,201.79166666666666,159.0
2015-10-01,98.0,86.58333333333333,70.0,2.2083333333333335,2.25,0.041666666666666664,0.16666666666666666,22.0,250.0,221.08333333333334,185.0
2015-10-02,98.0,88.83333333333333,74.0,4.304347826086956,4.913043478260869,0.6086956521739131,0.08695652173913043,28.041666666666668,256.0,234.33333333333334,215.0
2015-10-03,98.0,87.70833333333333,69.0,7.166666666666667,7.625,0.4583333333333333,0.75,21.791666666666668,255.0,222.70833333333334,190.0
2015-10-04,98.0,80.25,63.0,3.25,3.2916666666666665,0.041666666666666664,0.4166666666666667,13.75,249.0,213.54166666666666,189.0
2015-10-05,76.0,67.79166666666667,62.0,3.2083333333333335,3.625,0.4166666666666667,0.08333333333333333,7.125,199.0,188.29166666666666,181.0
2015-10-06,77.0,71.08333333333333,57.0,2.375,2.75,0.375,0.125,7.208333333333333,212.0,189.08333333333334,178.0
2015-10-07,93.0,77.70833333333333,67.0,1.9583333333333333,2.125,0.16666666666666666,0.25,13.75,183.0,171.16666666666666,156.0
2015-10-08,81.0,55.333333333333336,36.0,4.166666666666667,4.458333333333333,0.2916666666666667,0.125,10.041666666666666,247.0,185.25,123.0
2015-10-09,96.0,67.79166666666667,43.0,4.521739130434782,4.869565217391305,0.34782608695652173,0.782608695652174,22.041666666666668,252.0,198.54166666666666,123.0
2015-10-10,98.0,95.08333333333333,86.0,7.541666666666667,7.916666666666667,0.375,0.5,46.5,220.0,191.5,157.0
2015-10-11,98.0,92.5,81.0,1.2916666666666667,1.2916666666666667,0.0,0.041666666666666664,12.041666666666666,216.0,205.33333333333334,190.0
2015-10-12,98.0,88.70833333333333,71.0,6.208333333333333,6.416666666666667,0.20833333333333334,0.8333333333333334,23.958333333333332,236.0,197.08333333333334,156.0
2015-10-13,98.0,84.04166666666667,54.0,8.916666666666666,9.75,0.8333333333333334,0.6666666666666666,17.583333333333332,238.0,193.04166666666666,139.0
2015-10-14,90.0,77.77777777777777,67.0,5.888888888888889,6.666666666666667,0.7777777777777778,0.7777777777777778,5.777777777777778,197.0,181.44444444444446,154.0
