date,CO_mean,NO2_mean,NOX_mean,NO_mean,PM25_mean
2011-01-01,4.167,11.833,17.0,5.167,
2011-01-02,4.25,12.292,23.458,11.167,
2011-01-03,3.25,6.75,10.583,3.833,
2011-01-04,4.042,14.792,28.292,13.5,
2011-01-05,3.217,7.957,11.913,3.957,
2011-01-06,2.75,5.25,7.25,2.0,
2011-01-07,3.0,8.5,15.167,6.667,
2011-01-08,3.042,7.75,12.125,4.375,
2011-01-09,4.667,22.25,43.792,21.542,
2011-01-10,3.583,18.917,35.542,16.625,
2011-01-11,3.833,16.042,33.958,17.917,
2011-01-12,3.571,15.333,32.0,16.667,
2011-01-13,4.375,19.458,56.5,37.042,
2011-01-14,3.875,6.833,18.25,11.417,
2011-01-15,3.458,3.875,11.583,7.708,
2011-01-16,4.458,18.5,45.091,26.591,
2011-01-17,5.0,26.667,65.208,38.542,
2011-01-18,5.875,31.167,80.375,49.208,
2011-01-19,5.913,31.478,80.913,49.435,
2011-01-20,5.833,32.833,97.417,64.583,
2011-01-21,4.042,21.042,39.958,18.917,
2011-01-22,5.167,19.708,43.458,23.75,
2011-01-23,4.0,15.958,31.458,15.5,
2011-01-24,3.792,14.542,25.208,10.667,
2011-01-25,4.208,20.792,47.417,26.625,
2011-01-26,3.222,12.0,21.652,9.652,
2011-01-27,3.875,9.375,14.917,5.542,
2011-01-28,3.875,11.667,21.417,9.75,
2011-01-29,3.458,7.042,10.25,3.208,
2011-01-30,3.708,15.375,28.583,13.208,
2011-01-31,3.125,11.792,25.125,13.333,
2011-02-01,3.417,11.625,21.917,10.292,
2011-02-02,4.391,21.609,59.304,37.696,
2011-02-03,3.75,17.25,32.333,15.083,
2011-02-04,3.625,19.25,43.5,24.25,
2011-02-05,3.542,12.042,20.042,8.0,
2011-02-06,4.667,25.0,48.375,23.375,
2011-02-07,4.667,23.458,46.042,22.583,
2011-02-08,3.125,9.375,17.583,8.208,
2011-02-09,3.087,12.913,24.478,11.565,
2011-02-10,4.0,16.875,31.458,14.583,
2011-02-11,2.583,7.958,12.833,4.875,
2011-02-12,2.625,5.625,7.5,1.875,
2011-02-13,4.75,25.583,58.083,32.5,
2011-02-14,4.625,27.542,52.083,24.542,
2011-02-15,3.708,15.083,25.5,10.417,
2011-02-16,3.652,15.87,28.522,12.652,
2011-02-17,3.625,19.333,41.917,22.583,
2011-02-18,3.208,11.25,19.0,7.75,
2011-02-19,3.458,13.25,21.458,8.208,
2011-02-20,4.125,20.667,41.083,20.417,
2011-02-21,4.167,20.125,36.083,15.958,
2011-02-22,5.0,28.458,64.625,36.167,
2011-02-23,5.0,28.217,60.522,32.304,
2011-02-24,4.083,18.958,33.917,14.958,
2011-02-25,4.75,24.083,49.458,25.375,
2011-02-26,3.167,9.833,16.042,6.208,
2011-02-27,3.208,13.375,22.5,9.125,
2011-02-28,4.167,22.417,45.0,22.583,
2011-03-01,5.783,34.696,71.13,36.435,
2011-03-02,5.208,32.333,72.708,40.375,
2011-03-03,3.667,16.583,31.292,14.708,
2011-03-04,4.083,16.917,27.125,10.208,
2011-03-05,4.25,27.583,48.917,21.333,
2011-03-06,4.917,30.708,81.458,50.75,
2011-03-07,3.875,19.542,34.958,15.417,
2011-03-08,4.391,23.696,48.652,24.957,
2011-03-09,4.958,23.458,56.667,33.208,
2011-03-10,4.583,21.917,42.458,20.542,
2011-03-11,4.042,15.958,25.208,9.25,
2011-03-12,4.0,20.792,39.833,19.042,
2011-03-13,4.292,23.125,49.75,26.625,
2011-03-14,4.292,24.917,49.417,24.5,
2011-03-15,4.217,18.739,29.304,10.565,
2011-03-16,4.348,24.042,47.208,23.167,
2011-03-17,4.292,24.458,38.042,13.583,
2011-03-18,3.75,12.167,20.167,8.0,
2011-03-19,2.75,6.625,10.083,3.458,
2011-03-20,2.958,7.667,12.208,4.542,
2011-03-21,3.0,14.625,24.542,9.917,
2011-03-22,3.304,16.826,28.826,12.0,
2011-03-23,4.25,22.958,46.375,23.417,
2011-03-24,3.625,17.0,27.708,10.708,
2011-03-25,3.792,16.542,27.583,11.042,
2011-03-26,3.083,12.333,20.375,8.042,
2011-03-27,3.875,17.375,29.667,12.292,
2011-03-28,4.083,25.542,41.958,16.417,
2011-03-29,4.522,26.304,52.783,26.478,
2011-03-30,3.75,20.708,37.167,16.458,
2011-03-31,3.083,14.167,23.0,8.833,
2011-04-01,0.875,15.833,27.25,11.417,
2011-04-02,0.208,20.15,32.15,12.0,
2011-04-03,0.417,15.417,19.333,3.917,
2011-04-04,1.167,37.917,65.5,27.583,
2011-04-05,1.458,37.292,61.375,24.083,
2011-04-06,1.5,36.292,49.083,12.792,
2011-04-07,0.909,25.722,36.333,10.611,
2011-04-08,2.167,33.75,61.167,27.417,
2011-04-09,2.292,24.5,50.375,25.875,
2011-04-10,0.75,10.458,15.792,5.333,
2011-04-11,0.667,18.958,33.125,14.167,
2011-04-12,0.167,19.083,36.667,17.583,
2011-04-13,0.417,15.0,23.5,8.5,
2011-04-14,1.652,12.739,17.913,5.174,
2011-04-15,1.958,22.083,31.417,9.333,
2011-04-16,1.125,13.25,20.833,7.583,
2011-04-17,1.083,12.458,19.208,6.75,
2011-04-18,1.708,20.958,42.125,21.167,
2011-04-19,1.583,17.708,35.917,18.208,
2011-04-20,1.208,18.0,40.958,22.958,
2011-04-21,1.087,20.826,47.304,26.478,
2011-04-22,0.458,14.542,26.417,11.875,
2011-04-23,0.375,12.667,20.5,7.833,
2011-04-24,0.125,10.0,14.667,4.667,
2011-04-25,0.375,15.583,24.583,9.0,
2011-04-26,0.375,12.375,17.75,5.375,
2011-04-27,2.083,27.333,52.958,25.625,
2011-04-28,0.826,17.739,30.304,12.565,
2011-04-29,0.5,16.333,27.125,10.792,
2011-04-30,0.917,14.25,19.583,5.333,
2011-05-01,0.875,14.75,20.625,5.875,
2011-05-02,0.875,12.458,23.5,11.042,
2011-05-03,1.75,19.5,33.375,13.875,
2011-05-04,1.167,9.5,15.458,5.958,
2011-05-05,0.826,10.478,17.913,7.435,
2011-05-06,0.542,10.773,19.682,8.909,
2011-05-07,0.708,12.583,18.792,6.208,
2011-05-08,0.75,9.833,15.083,5.25,
2011-05-09,1.583,20.542,34.458,13.917,
2011-05-10,1.583,20.292,33.833,13.542,
2011-05-11,1.708,22.417,39.875,17.458,
2011-05-12,0.609,13.957,29.348,15.391,
2011-05-13,0.292,13.042,21.5,8.458,
2011-05-14,0.167,15.167,23.5,8.333,
2011-05-15,0.292,10.625,16.583,5.958,
2011-05-16,0.333,16.773,25.545,8.773,
2011-05-17,0.208,15.125,27.5,12.375,
2011-05-18,0.333,16.5,31.583,15.083,
2011-05-19,1.261,20.348,29.609,9.261,
2011-05-20,1.042,26.625,38.292,11.667,
2011-05-21,0.458,22.25,35.167,12.917,
2011-05-22,0.583,12.875,19.417,6.542,
2011-05-23,1.042,23.333,49.167,25.833,
2011-05-24,0.833,20.75,46.125,25.375,
2011-05-25,0.667,19.875,39.125,19.25,
2011-05-26,0.609,17.348,33.13,15.783,
2011-05-27,0.542,16.792,26.542,9.75,
2011-05-28,1.125,17.417,32.333,14.917,
2011-05-29,0.792,11.667,25.458,13.792,
2011-05-30,1.083,18.708,43.542,24.833,
2011-05-31,0.708,16.875,38.958,22.083,
2011-06-01,0.417,12.208,22.917,10.708,
2011-06-02,0.826,12.522,24.522,12.0,
2011-06-03,0.917,15.667,26.042,10.375,
2011-06-04,0.958,13.708,24.833,11.125,
2011-06-05,1.583,15.25,21.417,6.167,
2011-06-06,1.583,15.75,32.125,16.375,
2011-06-07,1.5,21.042,36.708,15.667,
2011-06-08,1.333,23.208,40.458,17.25,
2011-06-09,0.304,16.826,25.13,8.304,
2011-06-10,0.792,20.708,32.208,11.5,
2011-06-11,1.042,14.833,28.458,13.625,
2011-06-12,0.625,9.667,13.833,4.167,
2011-06-13,0.833,18.083,33.542,15.458,
2011-06-14,0.417,20.958,40.375,19.417,
2011-06-15,0.458,18.458,46.125,27.667,
2011-06-16,1.261,20.826,50.696,29.87,
2011-06-17,0.917,18.292,31.792,13.5,
2011-06-18,0.708,16.125,28.417,12.292,
2011-06-19,0.875,14.375,22.25,7.875,
2011-06-20,1.167,25.875,48.042,22.167,
2011-06-21,0.833,18.292,36.792,18.5,
2011-06-22,0.333,17.417,27.917,10.5,
2011-06-23,0.375,11.0,27.87,16.87,
2011-06-24,0.958,16.333,38.25,21.917,
2011-06-25,1.042,15.042,36.917,21.875,
2011-06-26,0.958,8.375,20.0,11.625,
2011-06-27,1.292,14.708,35.125,20.417,
2011-06-28,0.458,16.682,31.318,14.636,
2011-06-29,0.333,17.583,30.958,13.375,
2011-06-30,0.087,11.609,29.957,18.348,
2011-07-01,0.583,11.875,25.375,13.5,
2011-07-02,0.875,14.167,34.792,20.625,
2011-07-03,0.833,13.0,26.917,13.917,
2011-07-04,0.417,10.458,17.667,7.208,
2011-07-05,0.417,12.792,21.625,8.833,
2011-07-06,1.167,14.75,28.125,13.375,
2011-07-07,1.0,15.913,26.87,10.957,
2011-07-08,0.0,16.542,35.167,18.625,
2011-07-09,0.125,11.958,31.375,19.417,
2011-07-10,0.042,10.083,17.417,7.333,
2011-07-11,1.043,18.087,44.826,26.739,
2011-07-12,0.667,14.625,27.25,12.625,
2011-07-13,0.5,13.917,29.458,15.542,
2011-07-14,0.261,10.739,22.391,11.652,
2011-07-15,0.625,13.625,39.708,26.083,
2011-07-16,0.333,8.75,27.042,18.292,
2011-07-17,0.333,7.083,15.125,8.042,
2011-07-18,0.708,10.458,21.542,11.083,
2011-07-19,0.667,11.875,29.5,17.625,
2011-07-20,0.333,9.667,26.708,17.042,
2011-07-21,0.783,10.391,20.261,9.87,
2011-07-22,0.708,10.958,21.125,10.167,
2011-07-23,1.25,14.375,26.542,12.167,
2011-07-24,0.25,6.167,10.833,4.667,
2011-07-25,0.875,13.0,30.125,17.125,
2011-07-26,1.292,19.043,39.522,20.478,
2011-07-27,1.25,14.958,30.667,15.708,
2011-07-28,1.304,13.783,34.043,20.261,
2011-07-29,1.0,14.292,29.083,14.792,
2011-07-30,1.792,13.375,31.708,18.333,
2011-07-31,1.0,6.333,10.25,3.917,
2011-08-01,1.125,9.083,18.375,9.292,
2011-08-02,2.208,16.958,36.542,19.583,
2011-08-03,2.042,20.042,41.25,21.208,
2011-08-04,1.522,16.0,33.043,17.043,
2011-08-05,1.125,14.167,32.833,18.667,
2011-08-06,1.125,13.75,29.875,16.125,
2011-08-07,1.25,11.5,22.458,10.958,
2011-08-08,1.583,17.458,39.042,21.583,
2011-08-09,1.083,13.583,33.542,19.958,
2011-08-10,0.75,12.5,24.292,11.792,
2011-08-11,1.478,8.0,15.0,7.0,
2011-08-12,2.083,9.125,15.0,5.875,
2011-08-13,1.125,6.375,10.292,3.917,
2011-08-14,0.458,4.708,6.875,2.167,
2011-08-15,0.583,6.333,10.792,4.458,
2011-08-16,0.833,6.417,9.917,3.5,
2011-08-17,1.25,12.333,18.792,6.458,
2011-08-18,2.261,21.391,45.391,24.0,
2011-08-19,2.208,20.25,53.042,32.792,
2011-08-20,2.0,14.792,34.208,19.417,
2011-08-21,1.667,9.625,18.417,8.792,
2011-08-22,1.708,16.833,40.542,23.708,
2011-08-23,1.583,15.708,28.292,12.583,
2011-08-24,1.583,16.917,39.708,22.792,
2011-08-25,2.909,20.435,54.565,34.13,
2011-08-26,2.625,20.25,48.417,28.167,
2011-08-27,2.458,14.833,32.167,17.333,
2011-08-28,2.167,11.792,19.792,8.0,
2011-08-29,2.292,18.333,39.0,20.667,
2011-08-30,1.917,16.0,30.792,14.792,
2011-08-31,2.042,13.5,33.333,19.833,
2011-09-01,1.087,8.826,30.522,21.696,
2011-09-02,0.792,7.792,26.375,18.583,
2011-09-03,0.292,5.042,11.875,6.833,
2011-09-04,0.333,5.25,9.125,3.875,
2011-09-05,0.792,11.542,19.583,8.042,
2011-09-06,1.043,21.5,41.25,19.75,
2011-09-07,0.958,15.833,30.0,14.167,
2011-09-08,1.391,16.0,27.087,11.087,
2011-09-09,1.583,17.458,28.833,11.375,
2011-09-10,2.083,24.75,42.208,17.458,
2011-09-11,1.083,9.167,15.458,6.292,
2011-09-12,1.5,17.417,37.875,20.458,
2011-09-13,1.583,21.792,47.083,25.292,
2011-09-14,2.0,23.417,55.125,31.708,
2011-09-15,2.087,16.522,39.913,23.391,
2011-09-16,1.5,15.417,30.583,15.167,
2011-09-17,1.417,13.042,27.583,14.542,
2011-09-18,0.5,7.792,14.667,6.875,
2011-09-19,0.958,12.292,23.625,11.333,
2011-09-20,2.75,25.75,76.167,50.417,
2011-09-21,1.875,20.375,58.458,38.083,
2011-09-22,2.565,21.391,53.478,32.087,
2011-09-23,1.542,14.417,32.75,18.333,
2011-09-24,1.708,14.917,31.917,17.0,
2011-09-25,1.417,9.292,15.792,6.5,
2011-09-26,2.125,18.792,44.167,25.375,
2011-09-27,2.042,18.625,45.917,27.292,
2011-09-28,2.0,17.059,39.765,22.706,
2011-09-29,0.565,19.261,36.652,17.391,
2011-09-30,0.208,18.917,35.833,16.917,
2011-10-01,0.167,11.208,18.75,7.542,
2011-10-02,0.208,7.333,14.333,7.0,
2011-10-03,0.783,17.261,33.348,16.087,
2011-10-04,0.792,16.917,40.292,23.375,
2011-10-05,1.25,20.333,49.792,29.458,
2011-10-06,1.045,23.087,51.826,28.739,
2011-10-07,1.043,15.826,25.0,9.174,
2011-10-08,1.958,17.292,38.333,21.042,
2011-10-09,1.25,11.125,20.0,8.875,
2011-10-10,0.583,11.417,17.042,5.625,
2011-10-11,0.667,15.792,34.75,18.958,
2011-10-12,1.042,13.708,37.75,24.042,
2011-10-13,3.5,24.348,52.261,27.913,
2011-10-14,4.333,20.917,44.833,23.917,
2011-10-15,3.375,16.375,29.0,12.625,
2011-10-16,2.958,8.208,12.708,4.5,
2011-10-17,2.417,9.917,16.917,7.0,
2011-10-18,2.167,14.958,30.958,16.0,
2011-10-19,3.875,19.25,50.167,30.917,
2011-10-20,4.348,21.609,58.478,36.87,
2011-10-21,3.292,18.25,38.958,20.708,
2011-10-22,3.125,15.583,31.792,16.208,
2011-10-23,2.75,11.708,21.667,9.958,
2011-10-24,3.875,16.917,49.292,32.375,
2011-10-25,2.458,15.25,36.667,21.417,
2011-10-26,2.417,15.792,32.708,16.917,
2011-10-27,4.087,22.304,45.0,22.696,
2011-10-28,4.833,21.958,53.917,31.958,
2011-10-29,4.333,18.958,48.667,29.708,
2011-10-30,4.0,13.208,25.083,11.875,
2011-10-31,4.625,21.417,55.583,34.167,
2011-11-01,5.333,23.0,60.167,37.167,
2011-11-02,4.917,25.25,60.333,35.083,
2011-11-03,5.043,21.652,50.696,29.043,
2011-11-04,5.625,21.958,58.458,36.5,
2011-11-05,5.458,19.917,49.375,29.458,
2011-11-06,5.417,14.208,37.0,22.792,
2011-11-07,3.458,14.125,31.583,17.458,
2011-11-08,3.708,15.5,30.0,14.5,
2011-11-09,4.708,20.208,52.458,32.25,
2011-11-10,4.739,20.0,60.87,40.87,
2011-11-11,4.708,19.583,57.5,37.917,
2011-11-12,4.708,20.5,54.167,33.667,
2011-11-13,4.333,14.542,27.625,13.083,
2011-11-14,4.417,18.292,42.208,23.917,
2011-11-15,2.917,10.125,18.0,7.875,
2011-11-16,3.792,17.208,34.667,17.458,
2011-11-17,4.783,19.217,42.0,22.783,
2011-11-18,4.792,21.583,55.958,34.375,
2011-11-19,4.167,18.0,38.083,20.083,
2011-11-20,3.208,6.833,12.833,6.0,
2011-11-21,3.0,6.583,11.833,5.25,
2011-11-22,3.875,14.583,27.292,12.708,
2011-11-23,3.833,13.167,28.5,15.333,
2011-11-24,3.13,10.304,22.174,11.87,
2011-11-25,2.792,12.667,25.917,13.25,
2011-11-26,4.083,19.833,40.0,20.167,
2011-11-27,3.833,11.667,19.083,7.417,
2011-11-28,5.875,26.083,69.0,42.917,
2011-11-29,5.208,16.708,50.375,33.667,
2011-11-30,4.125,16.75,41.333,24.583,
2011-12-01,3.957,16.652,37.739,21.087,
2011-12-02,4.667,21.917,60.208,38.292,
2011-12-03,4.208,17.75,38.042,20.292,
2011-12-04,2.542,5.292,8.708,3.417,
2011-12-05,3.375,11.0,18.75,7.75,
2011-12-06,4.458,22.583,49.75,27.167,
2011-12-07,5.75,24.917,72.875,47.958,
2011-12-08,4.435,21.696,49.0,27.304,
2011-12-09,4.25,19.5,46.333,26.833,
2011-12-10,4.542,20.333,53.458,33.125,
2011-12-11,3.292,9.708,18.375,8.667,
2011-12-12,5.0,20.708,61.542,40.833,
2011-12-13,4.083,18.375,36.583,18.208,
2011-12-14,4.5,21.417,53.458,32.042,
2011-12-15,4.522,16.565,29.87,13.304,
2011-12-16,3.458,14.375,34.167,19.792,
2011-12-17,3.167,10.75,18.958,8.208,
2011-12-18,3.25,8.792,13.708,4.917,
2011-12-19,3.458,13.667,27.083,13.417,
2011-12-20,3.75,12.792,23.792,11.0,
2011-12-21,5.333,24.833,64.625,39.792,
2011-12-22,4.348,22.348,48.739,26.391,
2011-12-23,2.792,8.458,20.667,12.208,
2011-12-24,3.458,11.833,24.5,12.667,
2011-12-25,2.958,4.667,7.625,2.958,
2011-12-26,3.625,14.167,30.292,16.125,
2011-12-27,3.5,14.667,29.25,14.583,
2011-12-28,3.75,17.292,31.042,13.75,
2011-12-29,4.435,20.739,43.652,22.913,
2011-12-30,3.125,3.917,6.375,2.458,
2011-12-31,4.375,14.542,23.792,9.25,
2012-01-01,3.5,9.625,15.958,6.333,
2012-01-02,3.458,4.708,8.917,4.208,
2012-01-03,3.043,3.174,6.957,3.783,
2012-01-04,3.087,5.87,12.043,6.174,
2012-01-05,4.125,19.208,35.542,16.333,
2012-01-06,3.458,7.75,14.25,6.5,
2012-01-07,4.125,19.542,36.375,16.833,
2012-01-08,4.708,28.0,62.875,34.875,
2012-01-09,4.375,22.583,53.792,31.208,
2012-01-10,3.043,12.0,22.783,10.783,
2012-01-11,3.542,16.625,28.5,11.875,
2012-01-12,4.375,26.167,48.5,22.333,
2012-01-13,6.0,18.458,28.0,9.542,
2012-01-14,5.75,27.917,58.208,30.292,
2012-01-15,4.0,18.286,34.19,15.905,
2012-01-16,4.583,31.458,69.75,38.292,
2012-01-17,4.087,24.783,53.826,29.043,
2012-01-18,3.667,13.292,22.292,9.0,
2012-01-19,3.667,19.167,31.958,12.792,
2012-01-20,3.292,9.042,12.333,3.292,
2012-01-21,6.75,39.417,99.833,60.417,
2012-01-22,5.083,32.083,83.292,51.208,
2012-01-23,6.458,36.55,95.2,58.65,
2012-01-24,4.391,24.304,43.609,19.304,
2012-01-25,3.458,12.542,25.917,13.375,
2012-01-26,3.292,7.5,16.583,9.083,
2012-01-27,3.333,12.458,20.667,8.208,
2012-01-28,4.375,22.875,58.875,36.0,15.167
2012-01-29,3.25,14.458,29.417,14.958,15.5
2012-01-30,4.458,22.292,48.125,25.833,13.333
2012-01-31,5.652,29.913,74.087,44.174,13.083
2012-02-01,4.625,23.667,49.667,26.0,13.917
2012-02-02,4.167,14.417,24.583,10.167,23.208
2012-02-03,3.0,5.292,8.5,3.208,12.625
2012-02-04,4.25,20.083,43.083,23.0,10.458
2012-02-05,3.667,13.917,25.292,11.375,14.083
2012-02-06,4.875,25.625,61.375,35.75,8.292
2012-02-07,3.478,11.565,23.913,12.348,14.0
2012-02-08,2.958,7.25,16.25,9.0,16.583
2012-02-09,3.083,8.625,16.417,7.792,13.083
2012-02-10,3.75,10.417,16.75,6.333,13.458
2012-02-11,3.375,4.458,7.708,3.25,15.0
2012-02-12,4.5,21.708,42.417,20.708,17.958
2012-02-13,4.75,23.783,57.217,33.435,14.917
2012-02-14,4.478,23.957,52.739,28.783,10.917
2012-02-15,6.042,29.333,67.208,37.875,24.25
2012-02-16,3.083,8.958,16.833,7.875,17.792
2012-02-17,3.458,8.625,13.542,4.917,9.875
2012-02-18,5.083,26.792,64.958,38.167,17.542
2012-02-19,3.625,9.625,18.875,9.25,23.208
2012-02-20,3.708,9.667,18.0,8.333,19.542
2012-02-21,3.783,12.087,23.0,10.913,21.167
2012-02-22,4.0,21.792,45.583,23.792,12.25
2012-02-23,3.375,13.958,24.542,10.583,16.5
2012-02-24,3.0,5.458,9.125,3.667,12.417
2012-02-25,3.105,10.583,19.125,8.542,13.458
2012-02-26,3.292,19.25,37.583,18.333,11.792
2012-02-27,5.0,27.0,53.125,26.125,14.208
2012-02-28,6.174,26.13,42.13,16.0,51.167
2012-03-01,5.208,24.333,47.208,22.875,26.833
2012-03-02,3.208,6.375,13.625,7.25,13.0
2012-03-03,2.958,7.375,11.417,4.042,11.625
2012-03-04,4.625,24.417,49.458,25.042,10.917
2012-03-05,4.042,20.375,40.25,19.875,21.625
2012-03-06,5.167,24.583,43.042,18.458,31.364
2012-03-07,5.435,27.652,43.826,16.174,33.875
2012-03-08,5.042,30.417,54.75,24.333,39.667
2012-03-09,3.625,13.792,25.0,11.208,14.375
2012-03-10,3.167,5.042,7.792,2.75,18.958
2012-03-11,3.083,5.542,10.083,4.542,15.25
2012-03-12,4.167,20.875,40.208,19.333,12.167
2012-03-13,4.958,26.292,53.75,27.458,12.542
2012-03-14,3.13,12.739,24.391,11.652,21.583
2012-03-15,4.0,22.542,46.458,23.917,14.333
2012-03-16,3.792,14.5,27.167,12.667,17.75
2012-03-17,3.667,9.208,14.583,5.375,12.083
2012-03-18,4.458,20.917,34.583,13.667,17.667
2012-03-19,4.708,23.583,43.208,19.625,17.083
2012-03-20,4.5,17.417,34.708,17.292,14.208
2012-03-21,3.0,11.739,24.174,12.435,20.625
2012-03-22,3.625,19.125,38.333,19.208,17.292
2012-03-23,3.083,10.625,18.167,7.542,15.458
2012-03-24,3.625,11.833,20.208,8.375,12.625
2012-03-25,3.583,16.292,35.5,19.208,16.75
2012-03-26,3.417,17.083,31.667,14.583,22.25
2012-03-27,4.167,22.083,38.625,16.542,17.792
2012-03-28,4.087,27.609,52.826,25.217,16.375
2012-03-29,3.458,16.917,33.708,16.792,18.333
2012-03-30,3.5,12.042,18.708,6.667,15.583
2012-03-31,3.75,11.167,18.042,6.875,15.042
2012-04-01,3.708,12.583,21.083,8.5,
2012-04-02,3.542,12.75,22.083,9.333,
2012-04-03,3.625,18.833,30.542,11.708,
2012-04-04,3.167,13.385,21.0,7.615,
2012-04-05,4.087,22.174,36.826,14.652,
2012-04-06,3.417,16.333,27.875,11.542,
2012-04-07,3.667,11.292,14.875,3.583,
2012-04-08,3.375,8.917,11.417,2.5,
2012-04-09,3.292,10.958,14.417,3.458,
2012-04-10,3.875,17.0,32.208,15.208,
2012-04-11,4.292,22.458,37.917,15.458,
2012-04-12,4.0,15.087,24.478,9.391,
2012-04-13,4.417,17.625,27.083,9.458,
2012-04-14,5.0,19.25,32.792,13.542,
2012-04-15,4.458,10.958,14.792,3.833,
2012-04-16,4.292,19.417,29.792,10.375,
2012-04-17,4.417,21.0,33.957,12.957,
2012-04-18,4.417,24.083,42.917,18.833,
2012-04-19,3.75,17.0,32.043,15.043,
2012-04-20,3.625,16.917,29.125,12.208,
2012-04-21,3.375,11.25,19.875,8.625,
2012-04-22,3.375,6.292,8.333,2.042,
2012-04-23,3.667,17.625,29.458,11.833,
2012-04-24,4.75,25.333,41.333,16.0,
2012-04-25,4.375,18.333,37.417,19.083,
2012-04-26,3.304,12.87,19.174,6.304,
2012-04-27,3.667,20.542,36.292,15.75,
2012-04-28,3.375,17.75,29.25,11.5,
2012-04-29,3.083,14.292,20.542,6.25,
2012-04-30,3.083,17.125,23.75,6.625,
2012-05-01,2.25,13.0,19.0,6.0,
2012-05-02,1.833,12.417,19.833,7.417,
2012-05-03,3.0,10.913,17.174,6.261,
2012-05-04,2.875,10.417,17.542,7.125,
2012-05-05,2.792,7.792,11.083,3.292,
2012-05-06,3.042,10.875,14.0,3.125,
2012-05-07,3.435,18.583,28.542,9.958,
2012-05-08,3.125,18.333,27.458,9.125,
2012-05-09,3.042,19.583,33.0,13.417,
2012-05-10,3.0,17.913,33.304,15.391,
2012-05-11,2.542,19.083,33.292,14.208,
2012-05-12,2.042,9.542,12.625,3.083,
2012-05-13,2.125,9.167,12.125,2.958,
2012-05-14,3.13,16.208,30.458,14.25,
2012-05-15,3.625,22.5,43.208,20.708,
2012-05-16,3.083,16.0,24.5,8.5,
2012-05-17,4.652,29.217,45.261,16.043,
2012-05-18,4.0,18.625,33.75,15.125,
2012-05-19,3.333,12.708,19.042,6.333,
2012-05-20,3.25,10.5,15.042,4.542,
2012-05-21,3.25,19.0,31.333,12.333,
2012-05-22,2.333,10.375,15.542,5.167,
2012-05-23,2.458,15.792,23.542,7.75,
2012-05-24,2.435,11.609,17.435,5.826,
2012-05-25,3.708,27.292,49.958,22.667,
2012-05-26,3.083,13.625,18.583,4.958,
2012-05-27,3.042,11.708,15.542,3.833,
2012-05-28,3.292,18.667,27.583,8.917,
2012-05-29,2.375,11.833,18.333,6.5,
2012-05-30,2.583,14.667,27.5,12.833,
2012-05-31,2.739,15.087,29.957,14.87,
2012-06-01,2.708,15.583,28.708,13.125,
2012-06-02,2.583,12.0,20.042,8.042,
2012-06-03,2.625,9.792,13.833,4.042,
2012-06-04,2.375,13.625,23.042,9.417,
2012-06-05,2.625,17.542,29.5,11.958,
2012-06-06,3.125,21.25,37.125,15.875,
2012-06-07,2.696,13.696,26.435,12.739,
2012-06-08,3.25,16.833,32.667,15.833,
2012-06-09,3.042,14.375,20.708,6.333,
2012-06-10,2.625,9.667,15.5,5.833,
2012-06-11,2.458,13.667,24.125,10.458,
2012-06-12,2.042,8.792,14.542,5.75,
2012-06-13,2.083,11.167,20.083,8.917,
2012-06-14,2.652,13.87,26.0,12.13,
2012-06-15,2.5,15.167,29.708,14.542,
2012-06-16,2.583,11.417,19.583,8.167,
2012-06-17,2.208,7.083,10.875,3.792,
2012-06-18,2.792,15.042,30.875,15.833,
2012-06-19,2.583,13.458,26.375,12.917,
2012-06-20,2.708,14.5,27.208,12.708,
2012-06-21,1.957,8.522,13.609,5.087,
2012-06-22,2.208,13.875,29.292,15.417,
2012-06-23,2.208,8.417,12.75,4.333,
2012-06-24,2.292,7.958,13.417,5.458,
2012-06-25,2.458,12.292,27.417,15.125,
2012-06-26,3.0,18.458,34.0,15.542,
2012-06-27,2.833,18.333,32.417,14.083,
2012-06-28,2.87,20.87,34.261,13.391,
2012-06-29,2.792,19.833,31.792,11.958,
2012-06-30,2.208,11.75,22.792,11.042,
2012-07-01,1.917,6.208,10.833,4.625,
2012-07-02,2.167,13.167,27.458,14.292,
2012-07-03,2.542,15.75,31.75,16.0,
2012-07-04,2.375,12.833,25.0,12.167,
2012-07-05,3.957,23.87,48.348,24.478,
2012-07-06,3.792,16.636,29.136,12.5,
2012-07-07,3.917,16.0,31.458,15.458,
2012-07-08,2.75,7.25,13.542,6.292,
2012-07-09,2.708,13.625,25.333,11.708,
2012-07-10,3.042,13.958,29.458,15.5,
2012-07-11,3.542,18.045,31.364,13.318,
2012-07-12,3.043,14.391,30.826,16.435,
2012-07-13,2.625,9.5,21.25,11.75,
2012-07-14,2.708,8.458,23.417,14.958,
2012-07-15,3.208,9.042,20.833,11.792,
2012-07-16,2.5,10.25,24.0,13.75,
2012-07-17,2.25,8.583,21.833,13.25,
2012-07-18,3.0,12.792,34.75,21.958,
2012-07-19,3.261,13.261,33.696,20.435,
2012-07-20,2.833,10.125,24.042,13.917,
2012-07-21,3.083,9.125,18.125,9.0,
2012-07-22,2.667,6.25,11.167,4.917,
2012-07-23,2.75,10.833,26.125,15.292,
2012-07-24,3.25,13.667,32.625,18.958,
2012-07-25,2.375,13.25,24.917,11.667,
2012-07-26,2.565,12.609,27.348,14.739,
2012-07-27,2.75,12.958,29.542,16.583,
2012-07-28,2.833,12.208,23.167,10.958,
2012-07-29,2.042,6.417,11.042,4.625,
2012-07-30,2.5,12.167,23.042,10.875,
2012-07-31,2.583,16.125,28.833,12.708,
2012-08-01,2.333,13.958,26.125,12.167,
2012-08-02,2.565,14.174,32.13,17.957,
2012-08-03,3.125,16.167,34.042,17.875,
2012-08-04,2.583,14.333,24.75,10.417,
2012-08-05,2.042,7.667,11.958,4.292,
2012-08-06,2.875,16.375,33.333,16.958,
2012-08-07,2.667,13.417,26.583,13.167,
2012-08-08,2.583,13.875,29.875,16.0,
2012-08-09,3.174,14.696,31.13,16.435,
2012-08-10,3.083,12.667,27.125,14.458,
2012-08-11,3.25,12.458,25.875,13.417,
2012-08-12,3.333,8.583,14.042,5.458,
2012-08-13,2.833,7.792,12.083,4.292,
2012-08-14,2.917,7.875,11.667,3.792,
2012-08-15,2.958,8.25,13.792,5.542,
2012-08-16,2.522,9.091,15.773,6.682,
2012-08-17,3.458,14.917,27.958,13.042,
2012-08-18,2.958,9.5,22.083,12.583,
2012-08-19,2.208,7.25,12.083,4.833,
2012-08-20,2.292,11.375,23.333,11.958,
2012-08-21,2.5,13.25,26.792,13.542,
2012-08-22,2.542,14.583,27.042,12.458,
2012-08-23,2.13,13.739,31.391,17.652,
2012-08-24,2.292,15.958,32.542,16.583,
2012-08-25,2.542,12.25,23.125,10.875,
2012-08-26,2.333,9.083,14.625,5.542,
2012-08-27,2.5,13.333,26.333,13.0,
2012-08-28,2.542,16.708,30.417,13.708,
2012-08-29,2.5,15.25,27.208,11.958,
2012-08-30,2.565,12.391,25.435,13.043,
2012-08-31,3.042,17.25,37.0,19.75,
2012-09-01,2.167,9.208,20.542,11.333,
2012-09-02,2.167,6.875,12.542,5.667,
2012-09-03,2.167,14.75,27.875,13.125,
2012-09-04,2.0,13.0,24.583,11.583,
2012-09-05,2.167,12.5,28.542,16.042,
2012-09-06,3.0,17.478,36.13,18.652,
2012-09-07,3.208,17.542,36.25,18.708,
2012-09-08,3.0,13.458,26.875,13.417,
2012-09-09,2.5,7.875,13.25,5.375,
2012-09-10,3.25,15.583,44.25,28.667,
2012-09-11,2.917,18.0,37.833,19.833,
2012-09-12,2.75,16.625,39.458,22.833,
2012-09-13,2.957,15.957,38.609,22.652,
2012-09-14,3.0,18.261,36.043,17.783,
2012-09-15,2.667,14.167,22.417,8.25,
2012-09-16,2.458,10.042,15.917,5.875,
2012-09-17,1.958,8.083,13.792,5.708,
2012-09-18,2.125,14.5,28.875,14.375,
2012-09-19,1.875,13.75,27.167,13.417,
2012-09-20,3.348,18.652,38.826,20.174,
2012-09-21,3.708,18.5,50.542,32.042,
2012-09-22,2.958,10.833,24.833,14.0,
2012-09-23,3.083,10.042,18.042,8.0,
2012-09-24,3.375,15.417,35.875,20.458,
2012-09-25,3.458,17.25,40.083,22.833,
2012-09-26,3.042,15.625,37.125,21.5,
2012-09-27,3.0,15.174,35.304,20.13,
2012-09-28,3.208,17.917,40.5,22.583,
2012-09-29,2.958,13.875,30.333,16.458,
2012-09-30,2.833,9.542,17.625,8.083,
2012-10-01,3.0,13.875,22.958,9.083,
2012-10-02,3.792,15.708,42.125,26.417,
2012-10-03,3.542,16.667,42.833,26.167,
2012-10-04,3.435,16.174,42.304,26.13,
2012-10-05,3.042,16.417,39.167,22.75,
2012-10-06,3.417,15.0,34.833,19.833,
2012-10-07,3.083,8.542,14.667,6.125,
2012-10-08,3.208,10.458,22.125,11.667,
2012-10-09,3.542,16.792,36.833,20.042,
2012-10-10,2.667,12.583,25.708,13.125,
2012-10-11,3.0,17.783,35.783,18.0,
2012-10-12,2.333,16.458,29.375,12.917,
2012-10-13,2.583,10.042,17.167,7.125,
2012-10-14,3.458,9.583,18.083,8.5,
2012-10-15,3.708,16.458,35.875,19.417,
2012-10-16,3.917,16.333,43.583,27.25,
2012-10-17,4.0,17.875,38.0,20.125,
2012-10-18,3.087,15.174,25.826,10.652,
2012-10-19,3.667,16.833,39.0,22.167,
2012-10-20,3.375,13.75,29.625,15.875,
2012-10-21,3.167,6.458,8.25,1.792,
2012-10-22,3.917,16.208,35.25,19.042,
2012-10-23,3.125,11.708,20.458,8.75,
2012-10-24,3.5,14.333,24.375,10.042,
2012-10-25,4.833,19.435,52.043,32.609,
2012-10-26,5.125,19.542,48.125,28.583,
2012-10-27,4.083,11.625,25.458,13.833,
2012-10-28,3.25,8.0,13.625,5.625,
2012-10-29,3.792,14.125,29.125,15.0,
2012-10-30,4.417,16.833,49.042,32.208,
2012-10-31,4.125,14.417,30.458,16.042,
2012-11-01,3.826,17.522,48.348,30.826,
2012-11-02,2.25,8.0,15.042,7.042,
2012-11-03,3.042,13.833,26.375,12.542,
2012-11-04,3.208,10.208,19.083,8.875,
2012-11-05,3.583,14.652,41.696,27.043,
2012-11-06,3.625,17.542,38.667,21.125,
2012-11-07,5.208,23.75,50.5,26.75,
2012-11-08,2.783,13.0,22.696,9.696,
2012-11-09,2.583,11.083,18.875,7.792,
2012-11-10,4.208,16.542,43.958,27.417,
2012-11-11,3.375,8.042,18.208,10.167,
2012-11-12,3.5,11.833,22.833,11.0,
2012-11-13,4.542,20.375,41.833,21.458,
2012-11-14,5.125,23.625,50.542,26.917,
2012-11-15,5.565,20.13,56.217,36.087,
2012-11-16,4.792,17.167,59.333,42.167,
2012-11-17,4.208,17.375,39.0,21.625,
2012-11-18,3.125,5.917,9.125,3.208,
2012-11-19,4.083,17.042,43.708,26.667,
2012-11-20,3.417,13.167,23.708,10.542,
2012-11-21,4.5,17.042,37.0,19.958,
2012-11-22,4.087,18.0,47.217,29.217,
2012-11-23,3.667,12.75,26.833,14.083,
2012-11-24,3.875,12.792,25.833,13.042,
2012-11-25,3.875,11.0,21.125,10.125,
2012-11-26,4.0,17.25,42.625,25.375,
2012-11-27,3.292,10.292,20.792,10.5,
2012-11-28,3.792,15.375,36.292,20.917,
2012-11-29,4.696,17.13,35.391,18.261,
2012-11-30,4.458,17.708,48.417,30.708,
2012-12-01,3.958,11.75,26.125,14.375,
2012-12-02,4.208,12.208,21.167,8.958,
2012-12-03,3.958,16.792,35.917,19.125,
2012-12-04,3.833,12.75,25.583,12.833,
2012-12-05,4.0,14.913,28.696,13.783,
2012-12-06,3.087,9.522,19.391,9.87,
2012-12-07,3.167,14.0,26.042,12.042,
2012-12-08,3.625,13.333,25.458,12.125,
2012-12-09,3.417,6.542,10.833,4.292,
2012-12-10,5.083,20.25,52.958,32.708,
2012-12-11,5.542,31.083,80.958,49.875,
2012-12-12,5.083,28.125,65.708,37.583,
2012-12-13,4.696,24.304,65.87,41.565,
2012-12-14,5.583,26.5,67.625,41.125,
2012-12-15,5.333,22.792,42.583,19.792,
2012-12-16,4.708,8.542,12.5,3.958,
2012-12-17,5.083,23.875,60.292,36.417,
2012-12-18,3.917,16.0,31.667,15.667,
2012-12-19,3.458,12.417,22.0,9.583,
2012-12-20,3.261,13.652,24.87,11.217,
2012-12-21,5.375,24.833,55.25,30.417,
2012-12-22,4.417,20.208,46.042,25.833,
2012-12-23,4.125,11.5,18.542,7.042,
2012-12-24,4.667,20.625,40.792,20.167,
2012-12-25,4.167,13.75,30.583,16.833,
2012-12-26,3.583,10.5,19.292,8.792,
2012-12-27,2.783,13.13,25.87,12.739,
2012-12-28,5.833,31.625,79.125,47.5,
2012-12-29,6.25,29.375,79.542,50.167,
2012-12-30,4.625,19.417,33.417,14.0,
2012-12-31,3.125,3.667,6.125,2.458,
2013-01-01,3.208,3.333,4.458,1.125,14.75
2013-01-02,2.696,3.783,6.391,2.609,10.5
2013-01-03,3.417,10.75,19.125,8.375,7.083
2013-01-04,3.208,8.542,14.583,6.042,11.292
2013-01-05,3.375,8.417,14.333,5.917,8.375
2013-01-06,3.333,14.333,31.208,16.875,9.391
2013-01-07,4.375,25.333,62.042,36.708,12.292
2013-01-08,5.833,28.708,79.667,50.958,18.333
2013-01-09,3.304,12.957,30.435,17.478,14.042
2013-01-10,2.625,9.458,19.083,9.625,8.042
2013-01-11,2.833,10.625,21.458,10.833,9.958
2013-01-12,2.917,10.625,18.583,7.958,9.458
2013-01-13,2.833,6.458,14.333,7.875,9.208
2013-01-14,3.667,19.167,43.458,24.292,10.292
2013-01-15,3.458,19.833,50.0,30.167,11.125
2013-01-16,3.217,13.348,26.652,13.304,18.458
2013-01-17,3.667,20.25,45.792,25.542,13.125
2013-01-18,3.167,17.0,36.125,19.125,9.417
2013-01-19,2.958,9.25,17.042,7.792,10.083
2013-01-20,4.292,24.917,60.708,35.792,12.542
2013-01-21,4.167,21.458,54.083,32.625,15.708
2013-01-22,3.167,15.167,37.083,21.917,13.417
2013-01-23,4.261,20.826,44.87,24.043,14.208
2013-01-24,4.125,24.0,48.833,24.833,16.25
2013-01-25,5.833,31.208,69.792,38.583,33.25
2013-01-26,3.542,9.583,14.167,4.583,14.417
2013-01-27,3.708,18.042,44.417,26.375,10.708
2013-01-28,3.083,12.792,27.125,14.333,17.083
2013-01-29,2.833,13.833,26.75,12.917,15.5
2013-01-30,3.739,17.304,36.0,18.696,12.792
2013-01-31,2.708,7.542,16.333,8.792,21.75
2013-02-01,3.833,18.875,38.542,19.667,14.875
2013-02-02,4.042,11.25,16.958,5.708,17.875
2013-02-03,3.875,15.5,32.083,16.583,23.333
2013-02-04,3.333,14.25,33.542,19.292,10.375
2013-02-05,3.083,10.708,21.375,10.667,11.957
2013-02-06,2.957,12.13,27.739,15.609,12.333
2013-02-07,3.333,13.208,28.458,15.25,10.917
2013-02-08,4.25,20.042,46.625,26.583,7.208
2013-02-09,3.958,17.042,32.5,15.458,6.167
2013-02-10,3.625,19.667,51.5,31.833,12.125
2013-02-11,2.958,12.458,24.542,12.083,9.333
2013-02-12,4.417,22.292,59.583,37.292,8.833
2013-02-13,3.261,13.783,31.087,17.304,10.167
2013-02-14,4.125,20.167,46.458,26.292,11.417
2013-02-15,3.583,18.167,47.292,29.125,6.792
2013-02-16,2.875,4.917,8.5,3.583,13.958
2013-02-17,3.958,11.667,21.292,9.625,28.417
2013-02-18,3.875,12.0,22.167,10.167,24.708
2013-02-19,3.708,13.042,24.542,11.5,21.5
2013-02-20,3.609,22.348,49.609,27.261,16.5
2013-02-21,2.875,14.083,28.625,14.542,13.083
2013-02-22,3.125,15.583,32.958,17.375,10.917
2013-02-23,3.542,14.917,26.667,11.75,6.958
2013-02-24,3.917,24.917,58.333,33.417,14.75
2013-02-25,5.125,28.083,67.583,39.5,30.917
2013-02-26,7.812,36.6,70.067,33.467,62.458
2013-02-27,5.87,26.478,46.957,20.478,43.542
2013-02-28,4.833,18.375,35.333,16.958,26.292
2013-03-01,4.0,16.333,36.625,20.292,11.75
2013-03-02,3.333,6.5,13.125,6.625,9.708
2013-03-03,3.583,11.917,24.167,12.25,17.042
2013-03-04,4.208,15.375,34.5,19.125,14.958
2013-03-05,4.792,20.167,44.375,24.208,14.13
2013-03-06,3.087,10.261,18.826,8.565,17.708
2013-03-07,2.958,10.5,22.5,12.0,19.417
2013-03-08,2.5,7.375,16.333,8.958,17.5
2013-03-09,3.542,10.417,18.833,8.417,18.625
2013-03-10,3.333,14.375,32.083,17.708,12.625
2013-03-11,2.875,11.083,22.667,11.583,16.083
2013-03-12,4.292,26.375,60.625,34.25,13.458
2013-03-13,5.174,31.783,66.652,34.87,8.708
2013-03-14,3.083,13.208,27.75,14.542,9.958
2013-03-15,2.958,11.208,22.292,11.083,15.375
2013-03-16,3.542,9.75,14.333,4.583,31.083
2013-03-17,4.208,17.583,32.167,14.583,33.625
2013-03-18,3.583,20.75,38.583,17.833,27.375
2013-03-19,3.417,16.375,34.167,17.792,15.083
2013-03-20,3.913,19.261,43.435,24.174,6.083
2013-03-21,2.792,11.75,23.167,11.417,7.833
2013-03-22,2.167,6.792,10.625,3.833,15.708
2013-03-23,2.875,9.042,14.208,5.167,10.875
2013-03-24,4.125,20.583,39.583,19.0,22.583
2013-03-25,3.208,27.458,41.458,14.0,38.792
2013-03-26,3.833,18.417,31.667,13.25,35.667
2013-03-27,4.522,18.739,38.957,20.217,57.429
2013-03-28,4.167,20.458,40.25,19.792,35.458
2013-03-29,3.5,16.792,29.583,12.792,27.917
2013-03-30,3.792,11.167,18.125,6.958,20.708
2013-03-31,2.5,11.958,22.625,10.667,18.542
2013-04-01,4.208,18.75,39.875,21.125,18.083
2013-04-02,3.833,17.208,32.25,15.042,16.333
2013-04-03,3.833,22.167,46.125,23.958,12.917
2013-04-04,3.957,23.565,44.609,21.043,23.792
2013-04-05,4.792,24.75,51.625,26.875,17.739
2013-04-06,3.333,13.5,22.375,8.875,20.875
2013-04-07,2.5,6.042,9.708,3.667,3.75
2013-04-08,2.75,3.625,6.208,2.583,10.833
2013-04-09,3.333,15.708,30.75,15.042,16.292
2013-04-10,3.208,11.5,22.583,11.083,20.167
2013-04-11,3.739,18.087,37.652,19.565,10.5
2013-04-12,3.25,17.792,33.75,15.958,19.708
2013-04-13,3.042,11.375,19.583,8.208,13.958
2013-04-14,3.458,9.917,14.333,4.417,18.833
2013-04-15,3.292,12.833,24.333,11.5,13.0
2013-04-16,3.292,16.167,33.458,17.292,13.75
2013-04-17,3.083,15.667,25.958,10.292,21.5
2013-04-18,4.043,24.739,51.087,26.348,14.917
2013-04-19,2.958,14.333,25.708,11.375,22.167
2013-04-20,3.167,9.208,18.792,9.583,14.0
2013-04-21,3.917,13.375,22.5,9.125,8.292
2013-04-22,3.083,8.333,15.042,6.708,24.167
2013-04-23,3.833,18.042,33.833,15.792,24.083
2013-04-24,3.292,14.917,24.792,9.875,20.833
2013-04-25,3.348,11.0,17.348,6.348,22.583
2013-04-26,4.125,19.417,38.833,19.417,22.25
2013-04-27,3.042,12.667,21.208,8.542,18.458
2013-04-28,3.0,3.917,5.333,1.417,15.042
2013-04-29,3.333,8.167,12.167,4.0,20.0
2013-04-30,3.042,12.917,22.125,9.208,20.25
2013-05-01,3.375,19.083,36.0,16.917,6.958
2013-05-02,2.174,6.13,11.435,5.304,7.958
2013-05-03,2.0,3.333,5.667,2.333,9.042
2013-05-04,2.292,4.75,7.333,2.583,14.583
2013-05-05,3.333,8.833,14.542,5.708,19.792
2013-05-06,3.458,10.0,14.167,4.167,22.625
2013-05-07,2.5,9.375,18.125,8.75,10.522
2013-05-08,2.042,15.083,31.708,16.625,17.625
2013-05-09,3.13,14.739,31.87,17.13,8.458
2013-05-10,2.667,17.458,29.083,11.625,14.458
2013-05-11,2.667,13.875,22.042,8.167,14.458
2013-05-12,3.375,8.667,12.667,4.0,19.333
2013-05-13,3.75,16.542,28.083,11.542,33.167
2013-05-14,4.458,20.333,32.167,11.833,38.708
2013-05-15,3.5,14.792,23.833,9.042,33.917
2013-05-16,3.043,13.435,22.826,9.391,29.25
2013-05-17,2.417,11.167,21.042,9.875,14.667
2013-05-18,2.542,11.958,24.875,12.917,15.292
2013-05-19,3.167,11.292,19.208,7.917,14.125
2013-05-20,2.792,16.0,32.625,16.625,12.042
2013-05-21,2.333,14.417,25.042,10.625,11.75
2013-05-22,2.667,12.083,23.667,11.583,23.792
2013-05-23,2.652,14.957,26.435,11.478,19.0
2013-05-24,2.458,13.458,24.042,10.583,17.292
2013-05-25,2.833,15.333,29.667,14.333,14.0
2013-05-26,1.917,10.208,15.417,5.208,17.458
2013-05-27,2.792,18.875,32.333,13.458,27.917
2013-05-28,2.583,14.333,25.0,10.667,21.458
2013-05-29,2.167,13.167,25.375,12.208,14.208
2013-05-30,3.348,15.391,29.391,14.0,10.792
2013-05-31,3.417,13.833,30.292,16.458,21.25
2013-06-01,2.792,14.083,30.083,16.0,18.208
2013-06-02,2.417,8.083,14.042,5.958,11.125
2013-06-03,2.25,10.583,23.458,12.875,14.375
2013-06-04,2.042,8.667,20.917,12.25,12.625
2013-06-05,2.375,12.75,31.042,18.292,12.083
2013-06-06,2.609,16.739,34.0,17.261,19.333
2013-06-07,2.792,16.955,35.364,18.409,19.87
2013-06-08,2.208,9.125,17.667,8.542,18.792
2013-06-09,2.167,8.0,13.125,5.125,15.458
2013-06-10,2.5,14.917,32.792,17.875,14.583
2013-06-11,2.042,11.5,21.375,9.875,17.042
2013-06-12,1.917,10.458,21.167,10.708,12.833
2013-06-13,1.913,10.304,24.0,13.696,7.917
2013-06-14,1.542,11.167,27.917,16.75,12.625
2013-06-15,1.583,12.542,25.042,12.5,14.375
2013-06-16,1.958,7.292,12.375,5.083,7.875
2013-06-17,2.545,12.364,26.182,13.818,10.583
2013-06-18,3.125,16.75,31.25,14.5,22.667
2013-06-19,3.917,21.417,42.833,21.417,21.25
2013-06-20,2.87,14.478,30.87,16.391,16.083
2013-06-21,2.333,10.833,27.042,16.208,8.458
2013-06-22,2.167,8.958,20.625,11.667,7.833
2013-06-23,2.125,6.708,13.875,7.167,7.0
2013-06-24,2.167,9.417,23.833,14.417,8.792
2013-06-25,2.292,12.708,28.5,15.792,14.875
2013-06-26,2.833,14.458,31.5,17.042,18.125
2013-06-27,2.609,14.087,29.0,14.913,19.625
2013-06-28,2.167,10.167,24.458,14.292,11.083
2013-06-29,2.25,9.0,20.458,11.458,9.083
2013-06-30,2.083,7.375,13.667,6.292,9.75
2013-07-01,2.333,13.208,25.792,12.583,16.625
2013-07-02,2.125,10.583,21.333,10.75,18.542
2013-07-03,2.083,12.875,28.875,16.0,9.25
2013-07-04,2.87,14.652,34.652,20.0,8.292
2013-07-05,2.708,16.292,34.417,18.125,10.087
2013-07-06,2.208,13.583,26.042,12.458,10.375
2013-07-07,2.25,6.5,10.708,4.208,11.0
2013-07-08,1.958,18.292,43.375,25.083,8.875
2013-07-09,1.417,14.875,38.167,23.292,9.958
2013-07-10,1.333,10.958,24.708,13.75,12.958
2013-07-11,3.565,27.826,53.261,25.435,14.125
2013-07-12,2.583,16.375,34.25,17.875,8.458
2013-07-13,2.083,11.542,19.875,8.333,6.542
2013-07-14,2.208,9.208,16.0,6.792,6.917
2013-07-15,1.75,6.917,14.25,7.333,9.792
2013-07-16,1.75,11.208,27.583,16.375,13.75
2013-07-17,2.542,14.333,38.042,23.708,9.792
2013-07-18,2.913,15.348,39.304,23.957,5.667
2013-07-19,2.625,14.417,39.583,25.167,13.708
2013-07-20,2.25,9.458,24.458,15.0,10.583
2013-07-21,2.667,9.542,19.375,9.833,11.125
2013-07-22,2.917,12.917,41.333,28.417,11.625
2013-07-23,1.875,9.375,25.458,16.083,3.542
2013-07-24,2.042,9.375,26.208,16.833,6.25
2013-07-25,2.304,11.087,28.957,17.87,5.5
2013-07-26,2.792,15.917,33.042,17.125,8.25
2013-07-27,2.708,13.042,28.583,15.542,9.042
2013-07-28,2.917,8.292,17.375,9.083,13.417
2013-07-29,3.208,13.583,34.5,20.917,15.5
2013-07-30,2.958,15.0,34.333,19.333,14.625
2013-07-31,3.083,14.667,38.667,24.0,12.542
2013-08-01,2.739,11.826,38.348,26.522,8.542
2013-08-02,2.333,10.625,33.167,22.542,11.833
2013-08-03,1.875,9.875,33.417,23.542,10.75
2013-08-04,2.0,5.417,17.167,11.75,7.958
2013-08-05,2.917,12.542,30.542,18.0,14.696
2013-08-06,2.625,11.083,28.792,17.708,13.167
2013-08-07,2.75,11.375,23.167,11.792,26.0
2013-08-08,3.565,13.261,29.174,15.913,29.625
2013-08-09,2.333,11.75,23.708,11.958,27.0
2013-08-10,2.792,11.708,22.042,10.333,23.25
2013-08-11,3.0,6.75,13.75,7.0,33.458
2013-08-12,3.167,6.708,12.625,5.917,33.292
2013-08-13,3.083,5.708,13.5,7.792,28.833
2013-08-14,3.208,6.75,14.0,7.25,25.583
2013-08-15,3.043,6.87,12.087,5.217,28.833
2013-08-16,2.792,8.5,15.75,7.25,32.75
2013-08-17,3.083,10.542,18.333,7.792,31.458
2013-08-18,2.708,10.208,16.25,6.042,24.833
2013-08-19,2.417,14.375,33.167,18.792,20.667
2013-08-20,2.25,15.708,34.0,18.292,16.208
2013-08-21,2.625,13.167,36.042,22.875,14.25
2013-08-22,2.652,10.652,30.174,19.522,10.25
2013-08-23,2.542,13.875,33.583,19.708,8.417
2013-08-24,2.583,15.0,30.375,15.375,19.708
2013-08-25,2.5,9.125,13.917,4.792,15.5
2013-08-26,2.958,11.625,32.875,21.25,6.667
2013-08-27,2.625,13.0,33.167,20.167,8.5
2013-08-28,2.583,14.458,36.625,22.167,11.917
2013-08-29,2.87,13.478,40.739,27.261,6.75
2013-08-30,2.667,17.208,30.25,13.042,20.333
2013-08-31,3.125,14.292,32.25,17.958,9.042
2013-09-01,2.208,9.375,15.542,6.167,9.792
2013-09-02,3.208,18.458,48.167,29.708,5.667
2013-09-03,2.917,17.833,45.542,27.708,6.042
2013-09-04,2.667,15.25,40.125,24.875,10.292
2013-09-05,2.87,19.174,40.522,21.348,4.5
2013-09-06,2.958,13.25,38.958,25.708,8.458
2013-09-07,3.375,14.5,39.375,24.875,8.667
2013-09-08,2.833,11.667,21.792,10.125,6.208
2013-09-09,2.792,11.667,34.083,22.417,7.708
2013-09-10,2.75,13.625,35.542,21.917,12.458
2013-09-11,3.0,16.625,38.667,22.042,16.625
2013-09-12,3.087,16.783,39.696,22.913,13.708
2013-09-13,3.0,14.75,34.125,19.375,14.0
2013-09-14,3.0,12.708,26.167,13.458,21.292
2013-09-15,2.917,8.958,18.583,9.625,15.792
2013-09-16,1.792,6.0,15.417,9.417,4.833
2013-09-17,2.125,13.208,27.583,14.375,12.542
2013-09-18,2.708,14.167,40.375,26.208,9.458
2013-09-19,2.696,15.696,43.348,27.652,12.542
2013-09-20,3.042,16.917,40.333,23.417,13.583
2013-09-21,3.333,17.667,31.125,13.458,20.708
2013-09-22,2.167,6.5,12.583,6.083,10.292
2013-09-23,2.25,7.667,17.375,9.708,7.042
2013-09-24,2.708,12.792,29.542,16.75,8.667
2013-09-25,2.375,12.0,27.042,15.042,9.542
2013-09-26,2.304,9.174,22.087,12.913,4.75
2013-09-27,3.125,15.208,46.875,31.667,10.167
2013-09-28,3.0,14.5,34.208,19.708,9.375
2013-09-29,3.042,10.625,20.333,9.708,12.75
2013-09-30,2.708,14.625,34.5,19.875,11.292
2013-10-01,2.625,14.667,38.875,24.208,7.958
2013-10-02,2.458,14.0,39.208,25.208,12.583
2013-10-03,2.435,14.696,28.0,13.304,15.0
2013-10-04,3.292,17.917,47.083,29.167,11.409
2013-10-05,3.208,14.833,36.083,21.25,9.333
2013-10-06,3.417,9.458,25.667,16.208,9.792
2013-10-07,2.542,13.167,29.875,16.708,4.708
2013-10-08,3.5,20.708,50.583,29.875,11.0
2013-10-09,3.208,15.792,48.125,32.333,9.667
2013-10-10,3.391,21.522,54.304,32.783,16.542
2013-10-11,2.667,12.792,31.667,18.875,7.167
2013-10-12,2.375,10.208,19.5,9.292,23.792
2013-10-13,2.667,7.042,10.5,3.458,11.75
2013-10-14,3.292,11.667,25.25,13.583,10.417
2013-10-15,3.333,15.87,41.261,25.391,12.583
2013-10-16,3.083,13.042,29.0,15.958,4.958
2013-10-17,3.304,18.391,44.435,26.043,13.417
2013-10-18,3.667,17.458,49.0,31.542,12.25
2013-10-19,3.292,13.583,39.75,26.167,10.875
2013-10-20,2.875,10.083,19.5,9.417,8.583
2013-10-21,3.208,15.292,45.625,30.333,5.958
2013-10-22,2.542,12.25,27.917,15.667,4.542
2013-10-23,3.0,14.583,34.625,20.042,5.125
2013-10-24,2.522,14.174,35.174,21.0,5.583
2013-10-25,2.75,17.208,41.25,24.042,6.333
2013-10-26,3.208,14.042,32.417,18.375,13.917
2013-10-27,2.125,5.833,8.708,2.875,6.875
2013-10-28,3.208,15.583,41.208,25.625,8.292
2013-10-29,3.792,16.708,48.625,31.917,8.792
2013-10-30,4.0,22.167,52.333,30.167,11.833
2013-10-31,4.0,21.391,46.391,25.0,19.708
2013-11-01,4.292,20.333,55.5,35.167,14.583
2013-11-02,4.25,18.0,52.458,34.458,11.375
2013-11-03,4.875,13.125,33.042,19.917,11.375
2013-11-04,4.458,15.083,34.417,19.333,16.417
2013-11-05,4.87,19.25,52.625,33.375,24.043
2013-11-06,4.125,17.667,43.417,25.75,21.083
2013-11-07,3.478,18.87,41.13,22.261,18.792
2013-11-08,2.458,10.458,22.417,11.958,15.917
2013-11-09,3.417,16.208,45.083,28.875,6.208
2013-11-10,3.042,8.958,15.542,6.583,12.333
2013-11-11,3.042,11.0,28.083,17.083,7.958
2013-11-12,2.917,11.292,26.042,14.75,11.625
2013-11-13,3.917,17.792,42.292,24.5,9.917
2013-11-14,3.739,18.87,61.174,42.304,8.792
2013-11-15,4.125,21.792,58.792,37.0,10.167
2013-11-16,4.625,20.75,53.167,32.417,16.958
2013-11-17,4.625,12.125,23.75,11.625,23.125
2013-11-18,4.25,19.083,49.458,30.375,15.958
2013-11-19,3.333,15.708,41.042,25.333,3.292
2013-11-20,4.292,18.375,52.333,33.958,5.417
2013-11-21,3.087,15.043,40.304,25.261,12.708
2013-11-22,2.25,13.417,28.375,14.958,18.167
2013-11-23,3.25,14.542,37.042,22.5,14.625
2013-11-24,3.833,13.667,26.792,13.125,12.708
2013-11-25,3.25,13.667,27.5,13.833,12.708
2013-11-26,2.292,6.625,14.208,7.583,15.125
2013-11-27,3.75,17.042,44.458,27.417,6.333
2013-11-28,2.609,9.0,18.522,9.522,11.958
2013-11-29,3.708,17.542,56.75,39.208,8.583
2013-11-30,3.708,18.375,45.625,27.25,9.917
2013-12-01,3.375,11.958,25.208,13.25,13.5
2013-12-02,4.583,23.0,67.083,44.083,11.208
2013-12-03,5.167,23.208,77.75,54.542,11.042
2013-12-04,5.25,23.917,84.083,60.167,12.542
2013-12-05,4.435,23.261,62.217,38.957,13.792
2013-12-06,4.75,24.875,65.833,40.958,11.522
2013-12-07,2.792,10.0,20.833,10.833,8.458
2013-12-08,3.542,9.583,18.417,8.833,8.75
2013-12-09,3.792,14.833,41.333,26.5,9.333
2013-12-10,3.208,13.375,31.917,18.542,10.75
2013-12-11,3.042,12.75,27.292,14.542,11.167
2013-12-12,2.783,12.087,29.522,17.435,13.5
2013-12-13,3.125,11.083,24.833,13.75,8.75
2013-12-14,3.333,10.458,24.083,13.625,9.583
2013-12-15,2.875,5.208,9.125,3.917,7.0
2013-12-16,3.043,11.826,21.478,9.652,11.083
2013-12-17,5.542,31.5,96.417,64.917,8.25
2013-12-18,4.875,22.042,69.083,47.042,8.375
2013-12-19,4.043,22.826,63.217,40.391,6.583
2013-12-20,4.5,26.083,70.375,44.292,5.083
2013-12-21,5.042,24.542,79.833,55.292,7.25
2013-12-22,3.542,12.5,27.25,14.75,5.958
2013-12-23,3.417,16.625,33.5,16.875,9.583
2013-12-24,3.167,13.667,29.458,15.792,14.583
2013-12-25,3.625,21.667,64.292,42.625,11.292
2013-12-26,3.818,21.696,53.913,32.217,9.583
2013-12-27,4.083,17.333,42.667,25.333,17.667
2013-12-28,2.708,7.25,16.167,8.917,8.625
2013-12-29,2.0,3.25,5.25,2.0,7.0
2013-12-30,2.75,5.875,10.167,4.292,10.417
2013-12-31,3.75,11.833,21.458,9.625,12.292
2014-01-01,3.304,2.739,4.087,1.348,10.75
2014-01-02,2.833,2.5,4.333,1.833,6.833
2014-01-03,2.833,1.25,1.75,0.5,7.625
2014-01-04,4.208,14.167,23.458,9.292,9.25
2014-01-05,5.167,23.167,53.583,30.417,14.826
2014-01-06,4.292,17.042,33.75,16.708,15.917
2014-01-07,3.208,7.542,21.625,14.083,16.833
2014-01-08,2.826,10.783,24.783,14.0,14.042
2014-01-09,2.917,10.25,22.917,12.667,11.583
2014-01-10,2.708,7.667,18.208,10.542,13.208
2014-01-11,3.292,6.917,11.5,4.583,11.042
2014-01-12,3.042,6.417,10.083,3.667,8.875
2014-01-13,2.739,11.25,23.125,11.875,13.958
2014-01-14,3.958,20.667,41.0,20.333,13.958
2014-01-15,4.652,21.913,54.478,32.565,13.375
2014-01-16,3.792,15.792,28.667,12.875,13.708
2014-01-17,3.167,6.5,11.583,5.083,10.708
2014-01-18,3.042,4.833,7.375,2.542,9.708
2014-01-19,3.75,13.042,26.5,13.458,12.958
2014-01-20,3.875,12.708,24.917,12.208,15.417
2014-01-21,5.0,23.167,52.417,29.25,7.75
2014-01-22,5.0,26.522,59.087,32.565,10.25
2014-01-23,3.042,9.583,19.792,10.208,8.417
2014-01-24,3.792,15.208,27.875,12.667,10.208
2014-01-25,3.958,13.625,22.375,8.75,7.0
2014-01-26,4.25,20.125,37.333,17.208,12.958
2014-01-27,4.792,16.875,30.792,13.917,25.458
2014-01-28,3.458,10.333,21.458,11.125,13.0
2014-01-29,3.478,17.304,38.391,21.087,13.0
2014-01-30,4.667,23.458,52.833,29.375,9.0
2014-01-31,4.083,19.333,43.917,24.583,7.958
2014-02-01,2.792,3.417,5.542,2.125,8.583
2014-02-02,2.875,9.167,17.292,8.125,9.417
2014-02-03,3.292,15.125,36.0,20.875,4.667
2014-02-04,5.375,24.792,64.375,39.583,7.667
2014-02-05,4.435,21.087,51.609,30.522,6.478
2014-02-06,4.333,22.042,58.25,36.208,12.583
2014-02-07,4.083,17.833,35.083,17.25,14.0
2014-02-08,3.333,8.542,12.792,4.25,10.792
2014-02-09,3.042,5.167,11.708,6.542,11.792
2014-02-10,3.042,7.125,16.167,9.042,17.917
2014-02-11,3.583,17.458,33.333,15.875,12.125
2014-02-12,5.0,23.348,52.87,29.522,16.583
2014-02-13,3.083,8.333,18.625,10.292,13.25
2014-02-14,3.167,6.833,13.458,6.625,12.542
2014-02-15,3.0,3.5,5.208,1.708,8.875
2014-02-16,3.792,13.042,21.792,8.75,8.667
2014-02-17,4.0,18.708,46.833,28.125,5.75
2014-02-18,3.875,17.333,30.875,13.542,5.042
2014-02-19,3.739,19.217,41.957,22.739,6.917
2014-02-20,3.833,20.583,45.333,24.75,8.222
2014-02-21,4.167,21.5,40.542,19.042,
2014-02-22,3.083,7.417,10.917,3.5,14.1
2014-02-23,3.833,12.458,22.125,9.667,32.125
2014-02-24,3.833,13.667,27.5,13.833,40.208
2014-02-25,4.091,20.812,47.125,26.312,21.167
2014-02-26,4.087,15.043,31.609,16.565,15.5
2014-02-27,3.25,6.667,12.417,5.75,16.708
2014-02-28,3.333,10.5,18.542,8.042,11.625
2014-03-01,3.833,10.125,15.0,4.875,6.958
2014-03-02,3.542,8.167,13.958,5.792,17.833
2014-03-03,4.167,16.083,34.292,18.208,10.042
2014-03-04,3.667,11.583,21.875,10.292,10.25
2014-03-05,3.913,13.381,24.524,11.143,14.0
2014-03-06,4.458,20.333,43.75,23.417,9.875
2014-03-07,4.583,17.917,32.458,14.542,10.792
2014-03-08,4.125,12.125,20.292,8.167,12.042
2014-03-09,3.667,13.625,26.708,13.083,5.625
2014-03-10,3.042,6.625,12.167,5.542,11.375
2014-03-11,3.0,4.167,8.875,4.708,17.958
2014-03-12,3.0,8.043,16.783,8.739,18.458
2014-03-13,3.042,8.042,14.0,5.958,15.458
2014-03-14,3.417,11.5,19.417,7.917,12.292
2014-03-15,3.792,12.458,20.375,7.917,14.958
2014-03-16,4.083,20.417,38.708,18.292,17.75
2014-03-17,3.917,21.458,38.167,16.708,22.583
2014-03-18,4.375,20.083,34.625,14.542,29.0
2014-03-19,5.174,23.913,44.826,20.913,36.25
2014-03-20,4.458,14.5,26.75,12.25,22.417
2014-03-21,4.125,13.833,24.667,10.833,15.5
2014-03-22,3.792,10.542,15.833,5.292,17.75
2014-03-23,3.042,4.25,7.417,3.167,13.5
2014-03-24,3.042,5.667,9.542,3.875,11.0
2014-03-25,3.333,9.583,16.083,6.5,12.292
2014-03-26,3.391,11.913,26.348,14.435,13.5
2014-03-27,3.5,15.792,24.75,8.958,22.542
2014-03-28,3.792,23.083,33.5,10.417,23.417
2014-03-29,3.292,10.0,14.708,4.708,17.125
2014-03-30,4.417,18.583,28.667,10.083,36.542
2014-03-31,4.5,21.292,31.833,10.542,38.0
2014-04-01,2.708,11.875,21.917,10.042,12.667
2014-04-02,3.667,20.292,38.083,17.792,16.333
2014-04-03,3.174,17.391,29.783,12.391,16.667
2014-04-04,2.583,15.042,30.375,15.333,12.167
2014-04-05,2.125,6.708,12.083,5.375,12.333
2014-04-06,2.208,7.083,11.542,4.458,17.042
2014-04-07,2.042,5.5,9.875,4.375,19.5
2014-04-08,2.958,16.167,27.75,11.583,27.083
2014-04-09,3.583,17.708,32.042,14.333,21.917
2014-04-10,3.391,15.478,25.957,10.478,27.25
2014-04-11,2.708,13.833,25.5,11.667,27.75
2014-04-12,2.667,9.917,15.958,6.042,26.708
2014-04-13,3.083,12.375,19.667,7.292,15.625
2014-04-14,3.125,13.25,25.333,12.083,14.208
2014-04-15,3.0,16.375,26.5,10.125,21.375
2014-04-16,3.25,16.042,31.792,15.75,32.417
2014-04-17,3.261,14.522,28.043,13.522,25.667
2014-04-18,3.333,16.917,37.708,20.792,23.917
2014-04-19,3.25,15.167,31.625,16.458,18.458
2014-04-20,2.667,9.958,15.958,6.0,16.042
2014-04-21,2.958,18.333,35.042,16.708,15.5
2014-04-22,2.333,13.75,27.542,13.792,16.875
2014-04-23,2.583,14.583,24.708,10.125,23.792
2014-04-24,3.261,14.13,26.565,12.435,19.75
2014-04-25,3.583,18.042,31.75,13.708,24.375
2014-04-26,3.417,20.833,33.792,12.958,25.583
2014-04-27,3.125,15.875,20.708,4.833,28.75
2014-04-28,3.458,17.542,30.292,12.75,30.708
2014-04-29,2.833,9.75,19.083,9.333,22.458
2014-04-30,2.583,12.792,22.875,10.083,16.583
2014-05-01,2.435,11.087,21.565,10.478,12.667
2014-05-02,2.625,10.667,18.333,7.667,14.917
2014-05-03,3.042,8.083,12.833,4.75,26.708
2014-05-04,2.625,5.458,8.25,2.792,21.333
2014-05-05,2.708,8.083,12.167,4.083,18.458
2014-05-06,2.083,5.458,8.0,2.542,17.833
2014-05-07,3.0,12.125,21.708,9.583,23.227
2014-05-08,3.174,15.261,23.13,7.87,28.167
2014-05-09,2.333,10.875,17.5,6.625,14.792
2014-05-10,2.792,14.208,23.625,9.417,16.375
2014-05-11,2.583,9.458,14.542,5.083,17.833
2014-05-12,2.458,14.708,26.792,12.083,15.75
2014-05-13,2.75,15.625,25.917,10.292,19.208
2014-05-14,3.167,14.833,23.542,8.708,29.542
2014-05-15,3.565,20.217,33.609,13.391,30.833
2014-05-16,2.75,5.708,11.208,5.5,20.875
2014-05-17,2.083,7.417,11.667,4.25,15.417
2014-05-18,2.292,4.125,6.458,2.333,11.625
2014-05-19,2.583,11.958,23.458,11.5,12.625
2014-05-20,2.792,17.625,33.083,15.458,15.792
2014-05-21,2.917,17.833,34.083,16.25,16.208
2014-05-22,2.739,14.391,33.957,19.565,9.625
2014-05-23,2.292,10.917,24.0,13.083,13.125
2014-05-24,2.375,14.833,26.042,11.208,13.958
2014-05-25,3.042,12.917,17.708,4.792,42.292
2014-05-26,3.125,12.917,21.708,8.792,41.125
2014-05-27,2.417,10.958,20.0,9.042,17.125
2014-05-28,2.667,15.875,26.667,10.792,23.5
2014-05-29,3.435,16.478,29.304,12.826,39.625
2014-05-30,3.458,16.833,26.167,9.333,43.583
2014-05-31,3.917,11.625,17.875,6.25,47.792
2014-06-01,3.667,7.208,11.333,4.125,45.792
2014-06-02,3.333,17.333,27.958,10.625,33.708
2014-06-03,2.833,19.458,30.542,11.083,32.542
2014-06-04,2.583,14.333,25.25,10.917,28.583
2014-06-05,2.043,8.913,16.043,7.13,11.667
2014-06-06,1.826,8.591,18.409,9.818,7.565
2014-06-07,1.958,8.125,15.292,7.167,9.375
2014-06-08,1.5,5.708,11.0,5.292,3.833
2014-06-09,1.75,8.625,19.125,10.5,9.667
2014-06-10,1.375,10.5,23.708,13.208,5.917
2014-06-11,1.75,8.5,23.792,15.292,7.167
2014-06-12,2.13,9.522,29.13,19.609,4.708
2014-06-13,1.25,6.625,14.625,8.0,6.958
2014-06-14,1.667,8.917,20.167,11.25,11.75
2014-06-15,2.458,9.625,15.833,6.208,30.042
2014-06-16,3.167,13.792,27.458,13.667,37.875
2014-06-17,2.417,13.958,28.417,14.458,29.0
2014-06-18,2.333,12.833,27.458,14.625,23.083
2014-06-19,1.957,10.609,21.217,10.609,16.875
2014-06-20,1.792,11.0,26.125,15.125,10.292
2014-06-21,1.917,10.083,25.5,15.417,9.5
2014-06-22,1.917,5.792,12.417,6.625,12.75
2014-06-23,1.375,6.542,14.667,8.125,7.917
2014-06-24,1.5,11.292,29.542,18.25,13.083
2014-06-25,1.75,12.125,31.833,19.708,11.875
2014-06-26,2.304,13.478,31.783,18.304,19.708
2014-06-27,2.125,12.875,24.25,11.375,16.125
2014-06-28,1.75,7.417,15.917,8.5,6.417
2014-06-29,1.542,7.667,13.375,5.708,4.333
2014-06-30,1.792,11.125,25.583,14.458,7.625
2014-07-01,1.375,9.458,23.417,13.958,8.292
2014-07-02,1.417,8.792,23.417,14.625,9.083
2014-07-03,2.348,11.957,31.0,19.043,19.208
2014-07-04,2.542,11.958,22.833,10.875,19.042
2014-07-05,2.083,9.333,19.792,10.458,11.208
2014-07-06,1.792,6.0,11.0,5.0,14.125
2014-07-07,2.417,15.625,32.75,17.125,23.091
2014-07-08,2.0,11.5,25.208,13.708,20.333
2014-07-09,1.625,15.583,37.5,21.917,12.667
2014-07-10,2.13,12.87,39.087,26.217,5.375
2014-07-11,1.375,12.0,30.542,18.542,11.208
2014-07-12,2.25,10.208,18.708,8.5,18.75
2014-07-13,3.667,11.417,15.875,4.458,30.708
2014-07-14,2.375,11.208,20.917,9.708,22.042
2014-07-15,2.417,9.667,21.75,12.083,17.875
2014-07-16,2.625,16.25,37.208,20.958,18.292
2014-07-17,2.174,10.043,27.217,17.174,10.375
2014-07-18,2.087,9.826,21.739,11.913,11.375
2014-07-19,2.042,9.0,18.75,9.75,7.042
2014-07-20,1.583,4.958,10.667,5.708,4.167
2014-07-21,1.25,6.417,15.0,8.583,5.583
2014-07-22,1.458,12.0,22.792,10.792,16.833
2014-07-23,1.375,13.083,25.542,12.458,20.917
2014-07-24,2.043,16.174,29.913,13.739,8.833
2014-07-25,2.042,10.625,19.375,8.75,17.083
2014-07-26,2.0,13.083,25.042,11.958,18.042
2014-07-27,2.167,6.208,8.917,2.708,15.583
2014-07-28,3.708,7.417,14.5,7.083,47.208
2014-07-29,3.75,12.708,28.0,15.292,42.708
2014-07-30,3.292,12.875,24.583,11.708,35.708
2014-07-31,2.739,14.826,25.652,10.826,29.708
2014-08-01,1.708,8.542,18.5,9.958,21.375
2014-08-02,1.583,8.417,19.625,11.208,18.167
2014-08-03,1.458,6.917,14.25,7.333,12.5
2014-08-04,1.5,9.708,23.458,13.75,14.875
2014-08-05,1.542,13.792,38.625,24.833,10.792
2014-08-06,1.583,13.0,26.833,13.833,13.167
2014-08-07,3.087,18.826,37.043,18.217,23.783
2014-08-08,2.708,21.875,43.792,21.917,10.167
2014-08-09,2.375,11.5,31.167,19.667,4.708
2014-08-10,1.458,5.167,12.625,7.458,1.583
2014-08-11,1.542,9.917,22.833,12.917,5.75
2014-08-12,2.417,11.167,26.208,15.042,10.375
2014-08-13,2.167,5.667,13.333,7.667,13.333
2014-08-14,2.609,6.565,13.522,6.957,15.625
2014-08-15,2.958,9.167,17.5,8.333,10.625
2014-08-16,2.583,6.625,14.333,7.708,4.042
2014-08-17,2.5,6.167,13.0,6.833,3.792
2014-08-18,2.25,8.792,26.208,17.417,6.417
2014-08-19,2.167,12.417,31.042,18.625,10.625
2014-08-20,1.292,11.042,22.333,11.292,9.917
2014-08-21,2.304,13.435,36.174,22.739,6.958
2014-08-22,1.708,8.917,24.833,15.917,8.292
2014-08-23,1.833,9.75,19.042,9.292,7.292
2014-08-24,2.667,6.833,11.458,4.625,26.75
2014-08-25,2.917,11.292,23.083,11.792,20.708
2014-08-26,2.75,10.875,35.0,24.125,6.917
2014-08-27,2.167,8.5,23.042,14.542,5.5
2014-08-28,2.13,9.696,26.174,16.478,4.958
2014-08-29,2.125,9.542,23.542,14.0,7.375
2014-08-30,1.958,7.667,20.0,12.333,7.25
2014-08-31,1.708,6.208,12.542,6.333,8.333
2014-09-01,2.042,10.667,26.042,15.375,9.125
2014-09-02,2.167,12.042,33.417,21.375,6.667
2014-09-03,1.833,10.75,25.167,14.417,6.125
2014-09-04,2.174,11.087,25.435,14.348,9.5
2014-09-05,2.083,12.542,31.208,18.667,9.417
2014-09-06,2.208,10.292,18.625,8.333,14.917
2014-09-07,2.333,7.333,15.417,8.083,10.958
2014-09-08,2.958,12.652,28.826,16.174,23.773
2014-09-09,2.792,14.083,27.958,13.875,25.5
2014-09-10,2.458,12.25,29.25,17.0,17.042
2014-09-11,2.391,12.217,30.043,17.826,9.708
2014-09-12,2.583,12.792,33.167,20.375,8.0
2014-09-13,2.292,9.792,24.375,14.583,6.792
2014-09-14,2.167,5.875,12.667,6.792,7.792
2014-09-15,2.167,8.333,19.583,11.25,9.958
2014-09-16,2.542,13.042,33.417,20.375,11.542
2014-09-17,2.458,12.917,33.0,20.083,14.542
2014-09-18,2.217,10.87,36.435,25.565,12.125
2014-09-19,2.5,12.583,33.167,20.583,9.792
2014-09-20,2.458,10.542,29.333,18.792,8.833
2014-09-21,2.333,7.167,15.625,8.458,8.833
2014-09-22,2.375,10.792,27.292,16.5,14.042
2014-09-23,2.5,11.625,26.458,14.833,14.417
2014-09-24,3.042,15.417,43.875,28.458,15.542
2014-09-25,2.826,15.174,39.348,24.174,9.833
2014-09-26,2.75,13.167,35.333,22.167,8.958
2014-09-27,2.167,8.333,18.083,9.75,9.542
2014-09-28,2.375,8.125,14.542,6.417,11.625
2014-09-29,2.667,12.708,31.25,18.542,17.583
2014-09-30,2.75,11.167,29.292,18.125,13.0
2014-10-01,2.625,12.333,34.125,21.792,11.75
2014-10-02,2.696,14.609,35.609,21.0,16.208
2014-10-03,2.083,11.917,23.0,11.083,14.583
2014-10-04,2.25,11.625,20.708,9.083,14.333
2014-10-05,2.708,8.125,17.667,9.542,12.125
2014-10-06,2.667,12.292,36.083,23.792,8.083
2014-10-07,2.792,14.167,38.167,24.0,10.875
2014-10-08,2.667,13.5,32.292,18.792,13.909
2014-10-09,3.0,17.391,39.652,22.261,17.125
2014-10-10,2.625,12.333,22.208,9.875,18.5
2014-10-11,3.542,11.208,31.042,19.833,21.625
2014-10-12,3.417,9.167,17.708,8.542,21.542
2014-10-13,3.458,11.458,26.542,15.083,19.083
2014-10-14,2.167,7.167,15.208,8.042,6.792
2014-10-15,2.875,14.25,38.708,24.458,10.042
2014-10-16,2.783,15.304,35.783,20.478,9.583
2014-10-17,2.292,12.625,25.583,12.958,20.0
2014-10-18,3.375,17.083,35.208,18.125,14.583
2014-10-19,3.167,11.042,17.583,6.542,16.792
2014-10-20,3.458,14.792,30.875,16.083,20.208
2014-10-21,2.917,15.917,35.667,19.75,13.0
2014-10-22,3.0,10.583,27.167,16.583,14.042
2014-10-23,3.87,14.087,46.348,32.261,14.167
2014-10-24,3.292,16.542,41.5,24.958,13.625
2014-10-25,3.208,13.917,30.917,17.0,13.708
2014-10-26,3.083,10.542,17.167,6.625,13.958
2014-10-27,2.583,13.167,28.583,15.417,20.208
2014-10-28,2.542,9.792,20.792,11.0,11.083
2014-10-29,2.417,13.792,28.25,14.458,25.667
2014-10-30,3.87,19.217,45.478,26.261,16.125
2014-10-31,4.042,20.125,53.167,33.042,14.875
2014-11-01,3.083,14.833,35.5,20.667,13.5
2014-11-02,2.542,7.208,12.583,5.375,9.583
2014-11-03,2.208,5.625,12.125,6.5,18.625
2014-11-04,2.75,15.083,31.25,16.167,20.708
2014-11-05,3.417,15.583,36.917,21.333,13.167
2014-11-06,3.217,19.217,44.043,24.826,14.417
2014-11-07,2.682,10.417,21.292,10.875,18.087
2014-11-08,2.833,15.292,29.292,14.0,14.75
2014-11-09,3.167,9.0,17.292,8.292,12.5
2014-11-10,2.75,10.625,19.0,8.375,18.417
2014-11-11,4.458,20.333,51.917,31.583,15.708
2014-11-12,3.25,12.167,29.083,16.917,15.208
2014-11-13,2.043,7.391,18.435,11.043,13.458
2014-11-14,2.542,8.792,19.208,10.417,14.875
2014-11-15,2.417,8.417,17.167,8.75,13.542
2014-11-16,2.083,6.042,9.167,3.125,11.5
2014-11-17,4.0,18.625,49.583,30.958,10.333
2014-11-18,4.292,23.583,55.208,31.625,12.708
2014-11-19,3.833,22.083,47.833,25.75,12.792
2014-11-20,4.435,19.435,55.652,36.217,14.125
2014-11-21,4.083,19.75,46.083,26.333,9.917
2014-11-22,3.158,14.917,29.708,14.792,14.708
2014-11-23,3.667,10.875,19.458,8.583,11.042
2014-11-24,3.042,11.0,23.25,12.25,7.958
2014-11-25,4.958,19.417,56.375,36.958,15.458
2014-11-26,3.292,13.875,30.458,16.583,8.625
2014-11-27,4.333,21.773,61.909,40.136,12.667
2014-11-28,3.25,16.042,41.708,25.667,8.833
2014-11-29,3.375,15.875,33.75,17.875,8.583
2014-11-30,3.583,9.875,24.292,14.417,5.833
2014-12-01,2.958,14.458,31.75,17.292,10.833
2014-12-02,2.542,6.333,17.208,10.875,13.5
2014-12-03,2.875,12.583,34.375,21.792,9.958
2014-12-04,4.217,22.957,63.087,40.13,7.208
2014-12-05,3.208,11.625,28.042,16.417,8.957
2014-12-06,2.375,7.292,16.5,9.208,9.042
2014-12-07,3.417,10.792,19.292,8.5,4.708
2014-12-08,4.25,22.208,60.292,38.083,6.042
2014-12-09,4.042,20.708,55.833,35.125,10.625
2014-12-10,4.75,26.0,65.417,39.417,14.583
2014-12-11,3.833,16.217,38.261,22.043,17.0
2014-12-12,3.333,13.708,27.708,14.0,21.083
2014-12-13,3.125,12.25,25.375,13.125,9.625
2014-12-14,2.375,3.25,5.875,2.625,7.25
2014-12-15,4.0,19.458,49.458,30.0,8.292
2014-12-16,3.833,18.125,39.25,21.125,6.625
2014-12-17,2.958,7.208,20.75,13.542,17.417
2014-12-18,2.826,8.13,15.652,7.522,9.125
2014-12-19,3.25,18.5,37.5,19.0,12.208
2014-12-20,3.833,15.917,31.917,16.0,8.0
2014-12-21,3.458,5.333,9.792,4.458,14.458
2014-12-22,3.0,7.958,18.833,10.875,13.0
2014-12-23,3.0,9.583,21.5,11.917,15.667
2014-12-24,5.292,25.833,67.5,41.667,11.625
2014-12-25,3.261,12.391,27.957,15.565,11.375
2014-12-26,2.875,9.5,21.667,12.167,14.083
2014-12-27,4.292,19.083,46.333,27.25,11.542
2014-12-28,4.0,14.542,26.5,11.958,10.042
2014-12-29,5.167,22.75,52.667,29.917,10.083
2014-12-30,5.292,18.833,39.0,20.167,24.667
2014-12-31,4.75,5.375,7.542,2.167,24.417
2015-01-01,2.958,7.292,10.542,3.25,5.25
2015-01-02,4.75,12.292,18.792,6.5,21.625
2015-01-03,6.75,17.333,27.167,9.833,30.25
2015-01-04,5.083,13.083,27.958,14.875,11.87
2015-01-05,3.0,7.75,13.667,5.917,10.125
2015-01-06,3.208,12.625,23.542,10.917,7.625
2015-01-07,3.087,6.696,11.609,4.913,11.958
2015-01-08,3.667,14.458,31.333,16.875,7.583
2015-01-09,3.292,9.083,15.0,5.917,6.875
2015-01-10,3.333,7.625,12.375,4.75,8.5
2015-01-11,3.167,5.083,8.25,3.167,7.167
2015-01-12,3.5,12.625,27.625,15.0,7.333
2015-01-13,4.042,18.417,41.0,22.583,6.083
2015-01-14,3.957,17.783,32.826,15.043,12.125
2015-01-15,4.417,22.542,50.25,27.708,8.208
2015-01-16,3.792,13.417,29.583,16.167,12.833
2015-01-17,3.833,13.958,21.833,7.875,8.375
2015-01-18,5.042,23.708,46.833,23.125,12.417
2015-01-19,3.25,16.75,32.25,15.5,8.458
2015-01-20,3.583,16.417,38.375,21.958,6.583
2015-01-21,3.174,10.826,20.783,9.957,8.583
2015-01-22,3.375,13.375,27.333,13.958,8.542
2015-01-23,3.208,12.708,24.667,11.958,8.208
2015-01-24,3.542,10.958,19.625,8.667,6.083
2015-01-25,3.435,11.458,19.917,8.458,11.417
2015-01-26,3.25,16.625,33.333,16.708,11.083
2015-01-27,4.583,20.625,36.708,16.083,15.792
2015-01-28,5.0,20.304,43.565,23.261,14.208
2015-01-29,5.667,25.5,59.917,34.417,10.667
2015-01-30,4.417,14.208,28.042,13.833,13.417
2015-01-31,3.417,6.083,9.542,3.458,6.083
2015-02-01,4.125,12.5,27.042,14.542,6.25
2015-02-02,4.0,14.583,29.0,14.417,8.375
2015-02-03,5.0,25.583,53.417,27.833,12.348
2015-02-04,4.348,19.652,45.348,25.696,7.25
2015-02-05,3.458,11.25,20.375,9.125,14.458
2015-02-06,3.917,12.333,23.583,11.25,8.875
2015-02-07,3.542,5.792,10.083,4.292,7.292
2015-02-08,4.625,20.625,48.417,27.792,6.375
2015-02-09,4.542,19.375,40.083,20.708,11.667
2015-02-10,4.083,9.542,16.833,7.292,15.833
2015-02-11,4.391,15.957,27.739,11.783,10.292
2015-02-12,4.583,21.375,38.375,17.0,9.125
2015-02-13,4.792,18.625,31.625,13.0,8.833
2015-02-14,3.083,5.792,8.042,2.25,5.417
2015-02-15,3.25,8.542,15.667,7.125,12.042
2015-02-16,4.042,16.792,35.583,18.792,5.667
2015-02-17,3.524,13.941,31.647,17.706,12.583
2015-02-18,3.783,15.0,35.304,20.304,9.292
2015-02-19,4.417,17.167,33.333,16.167,20.542
2015-02-20,6.125,21.417,38.375,16.958,25.25
2015-02-21,3.375,5.75,7.875,2.125,9.75
2015-02-22,4.0,12.042,22.083,10.042,14.083
2015-02-23,5.083,22.833,46.458,23.625,9.542
2015-02-24,4.0,10.958,22.417,11.458,9.542
2015-02-25,4.0,16.565,38.174,21.609,7.917
2015-02-26,3.708,16.333,31.792,15.458,11.458
2015-02-27,4.125,14.375,29.042,14.667,10.333
2015-02-28,4.5,15.417,28.0,12.583,11.833
2015-03-01,3.417,7.292,14.0,6.708,14.125
2015-03-02,4.542,17.042,32.0,14.958,15.125
2015-03-03,4.304,16.304,29.435,13.13,21.542
2015-03-04,4.583,18.958,43.417,24.458,12.565
2015-03-05,4.5,15.917,30.5,14.583,15.083
2015-03-06,3.958,8.875,13.167,4.292,10.542
2015-03-07,4.333,16.583,29.833,13.25,12.833
2015-03-08,3.917,12.375,29.333,16.958,16.375
2015-03-09,3.375,11.417,22.417,11.0,15.667
2015-03-10,3.87,15.043,31.652,16.609,17.417
2015-03-11,3.75,15.083,32.708,17.625,15.167
2015-03-12,4.0,11.875,23.25,11.375,7.708
2015-03-13,3.958,11.0,16.625,5.625,7.292
2015-03-14,4.167,18.208,30.0,11.792,12.542
2015-03-15,3.833,14.083,21.625,7.542,16.556
2015-03-16,3.167,11.875,18.042,6.167,16.5
2015-03-17,3.87,15.652,21.217,5.565,20.042
2015-03-18,4.292,20.167,28.292,8.125,15.708
2015-03-19,3.583,9.875,13.292,3.417,14.583
2015-03-20,4.208,5.875,7.417,1.542,11.125
2015-03-21,3.417,8.208,12.042,3.833,6.792
2015-03-22,3.625,10.875,14.625,3.75,12.042
2015-03-23,3.583,16.708,24.375,7.667,10.417
2015-03-24,3.864,15.864,32.409,16.545,5.333
2015-03-25,4.125,18.0,38.917,20.917,9.292
2015-03-26,4.0,12.0,23.542,11.542,6.75
2015-03-27,3.667,8.875,15.292,6.417,4.625
2015-03-28,3.958,14.25,26.625,12.375,10.208
2015-03-29,4.125,15.708,28.792,13.083,12.5
2015-03-30,5.125,18.458,29.375,10.917,22.958
2015-03-31,4.348,16.696,28.696,12.0,20.417
2015-04-01,5.125,22.833,42.083,19.25,26.917
2015-04-02,4.13,13.739,27.739,14.0,12.75
2015-04-03,3.708,11.083,18.625,7.542,14.458
2015-04-04,3.25,11.167,21.042,9.875,9.042
2015-04-05,3.333,6.333,9.75,3.417,4.833
2015-04-06,3.208,8.375,12.667,4.292,12.13
2015-04-07,3.375,8.833,16.25,7.417,14.625
2015-04-08,3.625,11.833,24.708,12.875,9.167
2015-04-09,3.565,13.261,26.652,13.391,9.958
2015-04-10,3.208,13.333,25.292,11.958,7.0
2015-04-11,3.25,13.75,26.208,12.458,10.958
2015-04-12,3.458,8.833,13.625,4.792,17.542
2015-04-13,3.5,11.875,23.417,11.542,13.583
2015-04-14,3.083,13.625,24.75,11.125,5.167
2015-04-15,2.792,11.792,19.792,8.0,11.917
2015-04-16,4.0,13.261,21.043,7.783,14.625
2015-04-17,4.5,14.5,25.833,11.333,23.875
2015-04-18,3.75,11.625,21.667,10.042,20.833
2015-04-19,4.25,11.5,16.833,5.333,22.292
2015-04-20,4.0,13.833,22.833,9.0,15.375
2015-04-21,3.583,14.417,22.625,8.208,12.625
2015-04-22,4.083,16.375,26.417,10.042,17.625
2015-04-23,3.652,14.13,25.087,10.957,17.542
2015-04-24,3.583,13.625,21.125,7.5,27.417
2015-04-25,3.917,12.333,21.292,8.958,23.833
2015-04-26,3.458,10.833,15.208,4.375,14.333
2015-04-27,3.708,15.875,23.875,8.0,22.739
2015-04-28,4.667,17.667,25.083,7.417,39.083
2015-04-29,3.667,14.667,21.708,7.042,32.583
2015-04-30,3.826,17.522,26.565,9.043,30.292
2015-05-01,3.833,15.208,23.667,8.458,36.5
2015-05-02,3.583,18.042,29.167,11.125,26.042
2015-05-03,3.458,9.5,12.75,3.25,24.083
2015-05-04,2.917,6.875,10.542,3.667,16.0
2015-05-05,3.125,5.917,8.75,2.833,11.417
2015-05-06,3.208,8.083,12.333,4.25,13.875
2015-05-07,3.636,9.696,16.304,6.609,22.609
2015-05-08,3.542,13.0,22.25,9.25,23.5
2015-05-09,3.5,13.708,24.542,10.833,16.75
2015-05-10,3.042,6.833,9.917,3.083,11.75
2015-05-11,3.25,12.542,23.667,11.125,12.125
2015-05-12,3.25,14.375,26.042,11.667,10.042
2015-05-13,3.167,14.167,20.625,6.458,19.0
2015-05-14,3.304,13.783,20.696,6.913,28.542
2015-05-15,3.708,16.167,27.75,11.583,22.917
2015-05-16,3.167,11.708,18.458,6.75,13.583
2015-05-17,3.083,5.208,7.75,2.542,16.25
2015-05-18,3.5,14.208,23.958,9.75,16.958
2015-05-19,2.875,13.792,23.333,9.542,9.917
2015-05-20,2.958,11.708,19.25,7.542,19.0
2015-05-21,2.957,9.913,18.261,8.348,15.125
2015-05-22,3.292,12.542,19.958,7.417,15.458
2015-05-23,3.833,13.458,18.917,5.458,20.042
2015-05-24,3.333,7.958,10.792,2.833,18.542
2015-05-25,3.583,17.417,26.292,8.875,22.917
2015-05-26,3.292,11.167,17.875,6.708,25.042
2015-05-27,3.958,17.75,28.708,10.958,27.167
2015-05-28,3.478,16.364,26.818,10.455,22.667
2015-05-29,3.583,15.542,25.042,9.5,23.167
2015-05-30,2.417,9.458,15.667,6.208,12.875
2015-05-31,2.542,5.917,8.542,2.625,16.167
2015-06-01,2.875,10.917,21.25,10.333,8.0
2015-06-02,2.875,12.0,20.125,8.125,16.0
2015-06-03,2.75,11.458,21.625,10.167,18.667
2015-06-04,2.174,8.565,20.217,11.652,12.167
2015-06-05,2.542,6.174,11.652,5.478,7.609
2015-06-06,2.792,8.917,17.958,9.042,10.042
2015-06-07,2.708,7.125,12.75,5.625,7.042
2015-06-08,2.792,11.0,22.417,11.417,9.75
2015-06-09,2.625,12.375,26.917,14.542,7.125
2015-06-10,2.5,10.167,17.083,6.917,13.792
2015-06-11,3.435,14.565,28.174,13.609,20.458
2015-06-12,3.167,12.667,21.958,9.292,14.542
2015-06-13,3.333,11.542,16.583,5.042,16.25
2015-06-14,3.792,9.333,13.625,4.292,21.083
2015-06-15,4.333,13.792,23.333,9.542,39.75
2015-06-16,3.792,13.958,24.625,10.667,30.958
2015-06-17,3.208,13.0,24.125,11.125,21.833
2015-06-18,3.043,8.913,17.783,8.87,10.792
2015-06-19,2.833,10.25,21.375,11.125,7.625
2015-06-20,2.458,7.708,14.875,7.167,11.25
2015-06-21,2.833,5.0,9.583,4.583,14.0
2015-06-22,2.75,9.958,23.417,13.458,15.0
2015-06-23,2.875,8.917,22.333,13.417,13.042
2015-06-24,2.792,9.875,21.75,11.875,12.708
2015-06-25,3.429,13.304,29.913,16.609,19.083
2015-06-26,3.083,12.875,25.958,13.083,13.5
2015-06-27,2.667,8.458,17.458,9.0,2.0
2015-06-28,2.792,4.75,11.125,6.375,3.542
2015-06-29,2.875,11.042,30.625,19.583,8.875
2015-06-30,3.042,13.208,29.708,16.5,10.875
2015-07-01,2.792,11.625,24.917,13.292,12.417
2015-07-02,2.739,8.913,14.696,5.783,14.542
2015-07-03,3.125,11.958,20.917,8.958,18.583
2015-07-04,2.833,7.625,16.583,8.958,11.333
2015-07-05,2.458,6.167,12.417,6.25,8.75
2015-07-06,2.458,10.958,24.0,13.042,10.435
2015-07-07,2.167,8.667,20.542,11.875,8.458
2015-07-08,2.708,11.875,28.0,16.125,11.917
2015-07-09,2.304,10.174,25.348,15.174,12.75
2015-07-10,2.25,10.917,25.5,14.583,9.792
2015-07-11,2.125,6.5,14.833,8.333,9.667
2015-07-12,2.375,6.542,11.375,4.833,8.333
2015-07-13,2.625,11.958,23.583,11.625,18.958
2015-07-14,2.417,11.917,24.417,12.5,17.25
2015-07-15,2.708,10.958,22.5,11.542,16.417
2015-07-16,3.348,10.739,27.0,16.261,16.208
2015-07-17,2.667,8.833,24.417,15.583,6.958
2015-07-18,2.208,7.5,17.083,9.583,6.583
2015-07-19,2.042,3.292,5.875,2.583,7.208
2015-07-20,2.583,8.917,20.083,11.167,10.083
2015-07-21,2.5,11.542,27.125,15.583,13.792
2015-07-22,2.208,11.417,25.917,14.5,15.5
2015-07-23,2.13,8.0,18.304,10.304,9.458
2015-07-24,2.083,10.833,22.667,11.833,9.458
2015-07-25,2.0,6.625,14.958,8.333,14.958
2015-07-26,2.083,12.917,22.583,9.667,15.625
2015-07-27,2.25,8.5,23.542,15.042,15.208
2015-07-28,2.125,9.5,23.292,13.792,12.083
2015-07-29,2.458,11.583,26.417,14.833,15.792
2015-07-30,2.783,8.261,18.826,10.565,21.375
2015-07-31,2.667,10.167,16.667,6.5,28.083
2015-08-01,2.875,7.0,12.0,5.0,24.792
2015-08-02,3.125,5.667,10.833,5.167,24.583
2015-08-03,2.75,9.292,20.292,11.0,25.333
2015-08-04,2.333,9.292,18.875,9.583,20.208
2015-08-05,2.458,11.417,22.833,11.417,23.522
2015-08-06,2.478,8.913,17.696,8.783,27.583
2015-08-07,3.083,10.417,22.5,12.083,25.083
2015-08-08,3.25,9.375,21.333,11.958,13.833
2015-08-09,2.625,5.167,10.0,4.833,6.0
2015-08-10,2.542,6.667,14.75,8.083,11.208
2015-08-11,2.667,7.5,18.955,11.455,15.85
2015-08-12,2.542,7.958,20.792,12.833,13.417
2015-08-13,2.783,5.609,12.435,6.826,8.292
2015-08-14,2.833,6.292,13.917,7.625,2.833
2015-08-15,2.375,5.292,10.0,4.708,4.375
2015-08-16,2.458,3.75,8.625,4.875,7.125
2015-08-17,2.583,7.875,16.583,8.708,6.208
2015-08-18,2.0,5.167,11.25,6.083,8.5
2015-08-19,2.208,11.792,24.375,12.583,13.917
2015-08-20,2.0,9.957,26.478,16.522,9.708
2015-08-21,3.348,12.667,32.083,19.417,11.917
2015-08-22,3.208,10.75,23.75,13.0,3.958
2015-08-23,3.042,5.917,13.167,7.25,4.292
2015-08-24,2.792,10.292,26.833,16.542,5.417
2015-08-25,2.375,8.417,20.333,11.917,3.708
2015-08-26,2.25,7.667,16.833,9.167,5.833
2015-08-27,2.435,10.087,23.261,13.174,4.167
2015-08-28,2.417,9.333,20.542,11.208,8.0
2015-08-29,2.375,7.5,17.833,10.333,6.5
2015-08-30,2.25,5.458,10.208,4.75,4.375
2015-08-31,2.833,12.458,30.875,18.417,2.958
2015-09-01,2.792,11.625,29.583,17.958,7.0
2015-09-02,2.125,10.625,22.833,12.208,8.958
2015-09-03,2.957,12.783,26.0,13.217,11.208
2015-09-04,2.875,11.75,20.542,8.792,13.091
2015-09-05,3.375,10.833,26.333,15.5,8.292
2015-09-06,3.583,6.5,15.833,9.333,7.167
2015-09-07,3.375,11.583,31.042,19.458,8.333
2015-09-08,3.042,13.292,31.542,18.25,5.042
2015-09-09,3.167,14.792,38.292,23.5,4.542
2015-09-10,2.522,8.565,21.696,13.13,3.125
2015-09-11,2.625,11.833,27.75,15.917,3.917
2015-09-12,2.625,7.292,14.042,6.75,8.833
2015-09-13,3.542,9.875,16.792,6.917,8.625
2015-09-14,2.875,12.917,28.667,15.75,9.708
2015-09-15,2.958,12.042,30.625,18.583,10.25
2015-09-16,3.083,12.125,35.458,23.333,8.542
2015-09-17,3.13,12.174,30.043,17.87,9.292
2015-09-18,3.5,16.042,41.208,25.167,2.958
2015-09-19,2.417,7.625,18.917,11.292,3.75
2015-09-20,2.333,5.042,8.625,3.583,4.292
2015-09-21,2.75,5.875,13.333,7.458,8.375
2015-09-22,3.0,8.667,19.667,11.0,12.5
2015-09-23,3.5,9.417,20.5,11.083,14.167
2015-09-24,3.304,12.696,25.826,13.13,13.125
2015-09-25,3.0,12.167,27.458,15.292,7.458
2015-09-26,3.417,12.792,30.417,17.625,3.75
2015-09-27,3.042,7.583,14.833,7.25,9.333
2015-09-28,2.833,9.75,21.542,11.792,11.625
2015-09-29,2.458,10.333,20.583,10.25,12.0
2015-09-30,2.833,12.125,24.333,12.208,9.75
2015-10-01,2.826,10.391,23.913,13.522,7.0
2015-10-02,2.167,5.292,10.875,5.583,15.583
2015-10-03,2.583,9.208,14.875,5.667,13.25
2015-10-04,2.5,7.042,12.583,5.542,8.583
2015-10-05,3.292,12.375,33.042,20.667,7.5
2015-10-06,3.25,12.958,34.958,22.0,5.292
2015-10-07,3.125,9.792,28.0,18.208,5.125
2015-10-08,2.565,10.87,19.174,8.304,8.667
2015-10-09,2.375,9.083,15.667,6.583,11.625
2015-10-10,3.167,9.542,17.125,7.583,9.417
2015-10-11,3.167,5.667,9.625,3.958,12.542
2015-10-12,3.583,12.833,23.25,10.417,8.667
2015-10-13,2.708,11.0,26.958,15.958,8.625
2015-10-14,2.5,11.375,27.583,16.208,8.208
2015-10-15,2.696,14.13,24.913,10.783,10.833
2015-10-16,3.667,18.625,40.958,22.333,13.217
2015-10-17,3.958,14.375,32.083,17.708,17.083
2015-10-18,3.917,9.042,16.75,7.708,21.792
2015-10-19,3.333,13.458,28.167,14.708,10.458
2015-10-20,3.708,15.042,30.667,15.625,10.167
2015-10-21,3.333,13.083,35.25,22.167,10.875
2015-10-22,3.609,16.652,33.826,17.174,10.125
2015-10-23,3.625,15.333,39.792,24.458,7.042
2015-10-24,3.458,9.167,17.667,8.5,15.042
2015-10-25,3.0,4.042,5.25,1.208,17.167
2015-10-26,3.542,13.208,23.292,10.083,15.917
2015-10-27,3.542,15.25,31.0,15.75,10.833
2015-10-28,3.583,14.0,25.792,11.792,17.958
2015-10-29,3.609,17.957,40.435,22.478,11.958
2015-10-30,3.0,14.5,32.667,18.167,11.083
2015-10-31,2.917,10.458,18.542,8.083,22.208
2015-11-01,3.25,11.042,17.542,6.5,16.25
2015-11-02,4.833,17.917,53.792,35.875,11.667
2015-11-03,4.083,14.417,31.875,17.458,11.0
2015-11-04,4.542,18.833,47.583,28.75,11.087
2015-11-05,4.217,18.609,44.696,26.087,10.792
2015-11-06,4.292,17.458,45.333,27.875,20.917
2015-11-07,5.292,16.542,52.083,35.542,23.083
2015-11-08,3.667,8.708,14.458,5.75,10.625
2015-11-09,4.25,18.333,46.042,27.708,8.167
2015-11-10,2.875,11.625,24.208,12.583,5.25
2015-11-11,3.583,14.875,29.833,14.958,5.542
2015-11-12,4.13,16.0,46.261,30.261,5.333
2015-11-13,3.875,15.417,46.667,31.25,6.917
2015-11-14,2.5,8.958,18.167,9.208,1.792
2015-11-15,2.333,6.875,10.708,3.833,5.375
2015-11-16,4.478,14.043,28.913,14.87,15.333
2015-11-17,5.333,17.125,45.167,28.042,13.5
2015-11-18,4.042,9.833,22.333,12.5,8.958
2015-11-19,3.739,16.913,42.522,25.609,9.792
2015-11-20,4.417,16.125,50.083,33.958,8.0
2015-11-21,3.292,10.125,17.25,7.125,13.417
2015-11-22,3.5,8.542,16.125,7.583,5.0
2015-11-23,4.75,12.167,33.292,21.125,6.542
2015-11-24,3.458,12.292,26.917,14.625,6.875
2015-11-25,4.333,18.875,50.5,31.625,6.333
2015-11-26,3.522,16.652,34.826,18.174,3.625
2015-11-27,2.417,6.417,11.375,4.958,9.833
2015-11-28,2.583,7.583,14.375,6.792,12.708
2015-11-29,3.125,5.958,8.042,2.083,10.083
2015-11-30,3.708,13.958,28.542,14.583,11.875
2015-12-01,3.583,13.417,22.625,9.208,11.542
2015-12-02,3.958,16.333,42.5,26.167,6.417
2015-12-03,4.304,15.217,35.348,20.13,10.417
2015-12-04,3.125,11.25,27.458,16.208,13.522
2015-12-05,2.625,8.375,16.375,8.0,12.542
2015-12-06,2.75,3.833,6.083,2.25,6.542
2015-12-07,3.625,17.167,34.25,17.083,7.542
2015-12-08,4.583,18.875,50.75,31.875,5.875
2015-12-09,4.667,20.292,52.25,31.958,5.417
2015-12-10,3.522,16.739,33.652,16.913,6.833
2015-12-11,3.375,13.5,32.125,18.625,4.625
2015-12-12,6.042,21.5,51.417,29.917,13.458
2015-12-13,5.083,12.458,25.375,12.917,12.167
2015-12-14,4.5,17.667,47.792,30.125,7.391
2015-12-15,3.542,15.583,30.833,15.25,8.417
2015-12-16,4.542,21.5,45.208,23.708,14.458
2015-12-17,4.304,10.913,18.783,7.87,21.292
2015-12-18,3.208,11.833,21.333,9.5,15.333
2015-12-19,2.875,8.333,15.458,7.125,10.75
2015-12-20,3.208,10.083,15.667,5.583,11.125
2015-12-21,3.417,16.125,36.542,20.417,10.542
2015-12-22,3.917,14.708,25.167,10.458,13.958
2015-12-23,4.375,16.25,35.292,19.042,7.125
2015-12-24,4.87,21.304,62.304,41.0,13.125
2015-12-25,3.958,12.083,28.0,15.917,15.75
2015-12-26,3.792,12.208,24.542,12.333,10.333
2015-12-27,2.833,1.75,2.792,1.042,6.583
2015-12-28,2.625,5.5,9.0,3.5,6.917
2015-12-29,2.833,3.542,5.708,2.167,9.125
2015-12-30,3.667,9.125,14.792,5.667,5.375
2015-12-31,3.826,15.913,27.391,11.478,7.125
2016-01-01,3.792,5.958,8.792,2.833,12.667
2016-01-02,4.958,13.042,20.625,7.583,16.125
2016-01-03,5.375,12.667,17.333,4.667,20.417
2016-01-04,4.917,15.375,25.833,10.458,11.583
2016-01-05,3.826,12.261,23.652,11.391,6.217
2016-01-06,4.542,24.542,55.0,30.458,6.667
2016-01-07,3.708,12.458,29.25,16.792,8.167
2016-01-08,3.75,11.0,20.125,9.125,8.042
2016-01-09,3.625,11.0,17.958,6.958,8.25
2016-01-10,3.458,10.792,22.333,11.542,11.542
2016-01-11,3.333,7.75,15.042,7.292,11.958
2016-01-12,3.13,7.652,15.435,7.783,12.875
2016-01-13,3.792,13.75,28.542,14.792,9.417
2016-01-14,3.708,12.875,26.625,13.75,9.625
2016-01-15,4.208,16.542,30.25,13.708,6.0
2016-01-16,4.083,20.125,45.083,24.958,6.167
2016-01-17,4.583,26.833,55.583,28.75,8.083
2016-01-18,4.167,18.792,45.458,26.667,6.292
2016-01-19,3.783,18.087,35.043,16.957,9.375
2016-01-20,4.333,21.625,46.333,24.708,9.375
2016-01-21,3.833,14.542,26.25,11.708,7.083
2016-01-22,3.625,9.167,14.792,5.625,6.417
2016-01-23,3.458,12.292,24.333,12.042,8.75
2016-01-24,3.583,11.25,21.625,10.375,12.5
2016-01-25,4.0,19.083,36.375,17.292,12.208
2016-01-26,3.217,15.13,25.522,10.391,16.625
2016-01-27,3.125,12.833,25.125,12.292,14.667
2016-01-28,2.542,8.75,18.5,9.75,16.708
2016-01-29,3.833,16.708,25.583,8.875,6.833
2016-01-30,3.625,16.833,35.208,18.375,8.5
2016-01-31,3.0,11.792,22.5,10.708,12.0
2016-02-01,3.292,12.375,27.542,15.167,10.708
2016-02-02,3.174,8.174,14.13,5.957,13.042
2016-02-03,3.125,11.167,20.75,9.583,19.826
2016-02-04,3.208,11.292,18.667,7.375,18.625
2016-02-05,4.333,16.583,23.792,7.208,10.125
2016-02-06,3.167,11.792,20.792,9.0,5.542
2016-02-07,2.875,7.417,13.875,6.458,11.792
2016-02-08,3.667,17.792,33.792,16.0,8.167
2016-02-09,4.13,21.13,46.87,25.739,5.417
2016-02-10,3.417,16.083,35.75,19.667,8.458
2016-02-11,3.292,13.875,23.667,9.792,4.375
2016-02-12,2.958,6.292,9.083,2.792,7.25
2016-02-13,3.958,19.667,37.833,18.167,10.125
2016-02-14,3.917,20.917,41.25,20.333,7.167
2016-02-15,3.542,15.875,28.458,12.583,14.375
2016-02-16,4.227,23.368,43.579,20.211,14.125
2016-02-17,3.625,15.125,28.542,13.417,18.375
2016-02-18,3.0,6.304,12.478,6.174,13.167
2016-02-19,3.083,4.917,6.875,1.958,11.417
2016-02-20,3.435,12.524,23.381,10.857,9.708
2016-02-21,2.875,7.958,14.042,6.083,14.917
2016-02-22,3.875,22.75,47.042,24.292,8.417
2016-02-23,3.739,17.13,32.913,15.783,11.458
2016-02-24,3.208,9.167,17.708,8.542,18.042
2016-02-25,3.292,11.75,20.417,8.667,10.417
2016-02-26,3.208,6.625,9.833,3.208,12.667
2016-02-27,3.75,15.75,28.292,12.542,10.417
2016-02-28,4.458,25.083,47.583,22.5,9.417
2016-03-01,4.375,24.125,40.417,16.292,11.875
2016-03-02,3.826,19.522,34.87,15.348,15.667
2016-03-03,3.333,9.958,16.042,6.083,15.0
2016-03-04,3.833,14.625,25.333,10.708,12.583
2016-03-05,4.042,13.792,20.708,6.917,9.292
2016-03-06,4.125,15.708,26.208,10.5,15.125
2016-03-07,3.042,7.25,14.042,6.792,12.5
2016-03-08,3.167,11.708,23.0,11.292,13.417
2016-03-09,3.087,10.522,20.13,9.609,18.625
2016-03-10,3.583,13.125,23.5,10.375,12.708
2016-03-11,4.292,18.167,34.167,16.0,9.167
2016-03-12,3.917,12.208,18.542,6.333,10.542
2016-03-13,3.917,16.042,29.208,13.167,12.625
2016-03-14,3.667,15.375,30.0,14.625,7.75
2016-03-15,4.25,21.5,42.167,20.667,6.556
2016-03-16,4.043,17.696,35.696,18.0,13.833
2016-03-17,3.583,15.583,28.667,13.083,10.042
2016-03-18,4.0,16.25,32.167,15.917,15.208
2016-03-19,3.708,9.458,16.875,7.417,10.292
2016-03-20,4.292,12.708,20.75,8.042,23.25
2016-03-21,4.833,17.917,28.708,10.792,26.542
2016-03-22,3.125,11.333,19.625,8.292,15.917
2016-03-23,3.348,12.0,21.652,9.652,12.917
2016-03-24,3.333,13.375,25.5,12.125,10.167
2016-03-25,3.542,13.792,25.542,11.75,6.583
2016-03-26,3.208,8.333,13.792,5.458,7.958
2016-03-27,3.958,20.542,41.667,21.125,12.042
2016-03-28,3.75,15.917,28.333,12.417,17.792
2016-03-29,3.333,11.208,22.083,10.875,20.25
2016-03-30,3.87,12.391,21.0,8.609,21.958
2016-03-31,4.083,13.708,23.167,9.458,9.542
2016-04-01,4.125,12.417,27.75,15.333,13.917
2016-04-02,3.083,6.333,11.625,5.292,8.417
2016-04-03,3.792,8.958,13.083,4.125,8.125
2016-04-04,4.042,14.875,31.208,16.333,6.333
2016-04-05,3.542,12.583,28.542,15.958,9.522
2016-04-06,3.417,13.875,22.625,8.75,15.0
2016-04-07,3.304,11.913,20.522,8.609,8.583
2016-04-08,3.208,10.833,16.125,5.292,16.708
2016-04-09,3.208,8.542,14.083,5.542,21.375
2016-04-10,3.25,6.208,10.5,4.292,13.333
2016-04-11,3.583,10.708,19.5,8.792,13.625
2016-04-12,3.833,13.792,27.167,13.375,15.75
2016-04-13,4.208,18.875,35.417,16.542,13.542
2016-04-14,4.389,14.609,27.174,12.565,17.667
2016-04-15,3.739,9.583,15.333,5.75,16.708
2016-04-16,3.458,12.458,23.125,10.667,19.042
2016-04-17,2.667,6.0,8.75,2.75,16.625
2016-04-18,3.0,8.208,12.25,4.042,22.917
2016-04-19,2.636,7.091,12.727,5.636,10.583
2016-04-20,2.75,10.125,16.125,6.0,11.667
2016-04-21,4.043,19.261,30.783,11.522,17.542
2016-04-22,3.625,15.5,26.083,10.583,19.125
2016-04-23,3.042,8.542,14.083,5.542,16.708
2016-04-24,3.5,8.417,12.792,4.375,20.75
2016-04-25,3.542,14.25,25.458,11.208,26.0
2016-04-26,3.417,16.167,30.042,13.875,21.375
2016-04-27,3.375,13.583,26.5,12.917,17.625
2016-04-28,3.783,15.0,28.217,13.217,8.375
2016-04-29,3.0,5.5,9.5,4.0,8.917
2016-04-30,3.083,5.167,9.208,4.042,9.917
2016-05-01,3.833,9.333,14.0,4.667,8.292
2016-05-02,3.792,10.5,18.25,7.75,10.375
2016-05-03,3.708,5.875,9.25,3.375,17.958
2016-05-04,3.292,9.042,12.875,3.833,16.583
2016-05-05,3.043,6.522,8.826,2.304,21.0
2016-05-06,3.5,12.083,20.583,8.5,13.652
2016-05-07,3.125,8.5,13.75,5.25,14.333
2016-05-08,3.083,3.5,5.333,1.833,17.667
2016-05-09,3.917,14.833,26.458,11.625,20.458
2016-05-10,3.208,12.375,24.958,12.583,9.208
2016-05-11,2.75,10.458,18.083,7.625,5.417
2016-05-12,2.783,10.261,19.609,9.348,10.667
2016-05-13,3.292,11.833,23.833,12.0,9.917
2016-05-14,3.083,8.958,15.25,6.292,16.417
2016-05-15,3.042,5.417,8.708,3.292,6.833
2016-05-16,3.0,6.87,12.304,5.435,13.542
2016-05-17,3.292,9.125,17.667,8.542,8.25
2016-05-18,3.458,10.042,18.542,8.5,16.625
2016-05-19,4.043,14.913,28.826,13.913,19.667
2016-05-20,4.083,15.167,27.667,12.5,23.167
2016-05-21,3.083,8.208,15.083,6.875,10.458
2016-05-22,3.167,6.125,9.625,3.5,16.458
2016-05-23,3.333,8.333,14.542,6.208,20.292
2016-05-24,3.833,15.75,27.042,11.292,23.75
2016-05-25,3.667,16.167,26.917,10.75,22.583
2016-05-26,3.696,12.087,22.0,9.913,15.417
2016-05-27,4.083,11.875,19.75,7.875,24.5
2016-05-28,3.917,7.083,13.292,6.208,19.708
2016-05-29,3.667,6.833,10.458,3.625,16.25
2016-05-30,3.417,10.375,16.917,6.542,16.625
2016-05-31,3.125,9.542,15.375,5.833,14.5
2016-06-01,3.0,9.083,17.542,8.458,13.333
2016-06-02,3.0,9.217,14.261,5.043,11.375
2016-06-03,3.0,9.708,20.458,10.75,9.167
2016-06-04,3.0,16.0,24.292,8.292,11.542
2016-06-05,3.042,3.917,7.042,3.125,11.333
2016-06-06,3.167,11.958,24.958,13.0,10.136
2016-06-07,3.083,11.917,21.0,9.083,14.583
2016-06-08,3.75,15.333,30.75,15.417,15.792
2016-06-09,3.522,11.391,21.522,10.13,16.542
2016-06-10,3.292,10.083,18.125,8.042,11.292
2016-06-11,3.542,10.0,17.5,7.5,15.458
2016-06-12,3.375,6.5,9.625,3.125,15.083
2016-06-13,3.458,10.708,20.083,9.375,7.042
2016-06-14,3.375,13.042,24.917,11.875,4.292
2016-06-15,3.0,8.0,18.708,10.708,4.667
2016-06-16,3.217,12.478,26.783,14.304,4.958
2016-06-17,3.208,9.708,19.917,10.208,8.083
2016-06-18,2.667,7.542,12.5,4.958,7.75
2016-06-19,3.25,4.5,8.708,4.208,11.875
2016-06-20,3.167,9.708,16.667,6.958,12.125
2016-06-21,3.375,10.958,20.083,9.125,13.833
2016-06-22,3.0,10.25,18.417,8.167,15.333
2016-06-23,3.261,10.783,23.522,12.739,4.583
2016-06-24,3.083,10.5,23.583,13.083,6.167
2016-06-25,2.833,6.375,10.542,4.167,7.583
2016-06-26,2.042,2.375,3.625,1.25,6.917
2016-06-27,2.583,8.167,18.625,10.458,6.042
2016-06-28,3.167,12.917,27.833,14.917,8.75
2016-06-29,3.042,11.708,25.583,13.875,15.75
2016-06-30,3.043,10.957,20.478,9.522,8.833
2016-07-01,3.208,9.333,16.958,7.625,7.667
2016-07-02,2.708,7.292,15.167,7.875,11.375
2016-07-03,2.542,2.917,4.458,1.542,11.292
2016-07-04,2.583,8.292,15.0,6.708,9.833
2016-07-05,2.708,7.0,19.167,12.167,6.217
2016-07-06,2.25,7.833,18.792,10.958,6.833
2016-07-07,2.348,7.783,14.783,7.0,4.958
2016-07-08,2.625,8.333,18.833,10.5,4.875
2016-07-09,2.167,8.25,17.542,9.292,5.167
2016-07-10,2.458,4.292,7.042,2.75,13.0
2016-07-11,2.75,9.333,19.042,9.708,10.5
2016-07-12,2.625,9.292,24.25,14.958,11.083
2016-07-13,3.0,7.917,18.333,10.417,12.583
2016-07-14,3.391,13.478,28.783,15.304,9.958
2016-07-15,3.333,9.25,24.833,15.583,6.75
2016-07-16,3.125,6.958,16.833,9.875,7.0
2016-07-17,3.375,6.333,13.125,6.792,7.583
2016-07-18,2.083,3.25,6.333,3.083,4.833
2016-07-19,2.375,7.625,17.833,10.208,6.917
2016-07-20,2.542,7.625,19.542,11.917,11.292
2016-07-21,3.0,10.565,28.565,18.0,12.167
2016-07-22,3.333,12.0,27.5,15.5,14.583
2016-07-23,2.75,6.5,15.833,9.333,8.708
2016-07-24,2.583,4.125,9.083,4.958,4.625
2016-07-25,2.783,8.667,21.042,12.375,8.042
2016-07-26,2.75,8.125,18.542,10.417,8.167
2016-07-27,3.0,10.792,23.792,13.0,11.458
2016-07-28,3.609,13.87,28.826,14.957,12.958
2016-07-29,3.125,9.75,19.042,9.292,15.708
2016-07-30,3.25,8.208,16.25,8.042,17.5
2016-07-31,3.0,6.167,11.083,4.917,15.5
2016-08-01,2.417,7.125,19.208,12.083,9.0
2016-08-02,2.333,6.667,17.875,11.208,10.042
2016-08-03,2.417,7.125,19.333,12.208,10.75
2016-08-04,3.043,6.217,17.087,10.87,11.917
2016-08-05,3.333,6.826,15.348,8.522,14.565
2016-08-06,3.625,7.167,15.333,8.167,17.792
2016-08-07,3.708,6.583,11.167,4.583,17.792
2016-08-08,2.792,8.417,19.208,10.792,9.042
2016-08-09,2.583,5.667,11.917,6.25,9.708
2016-08-10,2.75,6.0,17.292,11.292,7.042
2016-08-11,2.739,4.87,12.739,7.87,6.875
2016-08-12,3.208,7.292,16.083,8.792,11.5
2016-08-13,3.083,5.583,9.208,3.625,12.625
2016-08-14,3.0,4.917,8.0,3.083,11.417
2016-08-15,3.208,5.458,9.0,3.542,14.917
2016-08-16,3.0,6.167,14.042,7.875,9.208
2016-08-17,2.5,8.417,16.708,8.292,4.75
2016-08-18,3.0,10.348,23.0,12.652,9.917
2016-08-19,3.125,10.792,27.292,16.5,9.25
2016-08-20,2.667,4.917,17.667,12.75,3.833
2016-08-21,2.375,3.667,10.458,6.792,6.042
2016-08-22,2.75,7.625,20.417,12.792,8.0
2016-08-23,2.875,10.583,22.792,12.208,10.5
2016-08-24,3.542,10.042,25.292,15.25,9.792
2016-08-25,2.818,8.522,18.391,9.87,11.875
2016-08-26,2.708,10.958,21.042,10.083,7.417
2016-08-27,2.875,7.375,18.75,11.375,12.0
2016-08-28,2.792,4.458,10.833,6.375,3.667
2016-08-29,2.458,6.292,19.875,13.583,3.208
2016-08-30,2.417,7.167,18.792,11.625,4.0
2016-08-31,2.875,10.417,20.917,10.5,6.333
2016-09-01,3.522,11.87,22.174,10.304,16.5
2016-09-02,3.5,11.542,26.5,14.958,13.958
2016-09-03,3.083,7.708,18.083,10.375,9.5
2016-09-04,2.667,4.083,10.0,5.917,5.542
2016-09-05,2.792,8.125,20.25,12.125,6.85
2016-09-06,2.667,7.958,19.0,11.042,9.0
2016-09-07,3.083,10.083,24.208,14.125,9.958
2016-09-08,3.478,10.261,27.435,17.174,12.042
2016-09-09,2.25,6.5,11.458,4.958,6.917
2016-09-10,2.583,7.792,14.958,7.167,7.583
2016-09-11,2.875,4.542,10.333,5.792,4.958
2016-09-12,3.083,9.792,26.542,16.75,7.333
2016-09-13,3.042,11.458,31.417,19.958,4.208
2016-09-14,3.167,13.458,30.458,17.0,5.5
2016-09-15,3.217,10.435,26.478,16.043,9.708
2016-09-16,3.667,11.667,30.375,18.708,11.208
2016-09-17,3.292,9.917,22.208,12.292,9.5
2016-09-18,3.0,5.958,11.667,5.708,6.625
2016-09-19,3.0,4.583,9.708,5.125,5.958
2016-09-20,3.75,11.5,42.625,31.125,7.875
2016-09-21,3.458,12.25,34.125,21.875,11.542
2016-09-22,2.652,7.783,16.348,8.565,7.167
2016-09-23,3.375,14.458,36.375,21.917,6.792
2016-09-24,3.0,8.667,21.042,12.375,8.292
2016-09-25,3.125,7.333,14.5,7.167,8.875
2016-09-26,3.375,12.792,29.5,16.708,13.75
2016-09-27,3.375,11.125,28.458,17.333,11.208
2016-09-28,2.542,10.583,19.292,8.708,12.042
2016-09-29,3.826,13.174,29.957,16.783,12.333
2016-09-30,4.167,12.125,36.583,24.458,9.833
2016-10-01,3.75,8.542,25.125,16.583,9.0
2016-10-02,3.542,7.0,14.417,7.417,10.125
2016-10-03,3.417,11.958,29.708,17.75,12.333
2016-10-04,3.833,11.25,20.042,8.792,16.75
2016-10-05,4.167,9.458,29.042,19.583,14.542
2016-10-06,3.391,8.0,14.087,6.087,12.478
2016-10-07,3.5,9.292,18.708,9.417,13.333
2016-10-08,3.542,9.417,20.167,10.75,6.125
2016-10-09,3.458,5.375,8.333,2.958,9.042
2016-10-10,3.25,6.708,11.917,5.208,7.333
2016-10-11,3.75,11.083,28.292,17.208,6.917
2016-10-12,4.333,14.708,33.458,18.75,9.667
2016-10-13,3.696,12.696,34.391,21.696,10.292
2016-10-14,3.792,14.333,33.375,19.042,9.333
2016-10-15,3.917,13.0,29.875,16.875,9.542
2016-10-16,4.0,8.417,16.375,7.958,12.625
2016-10-17,3.792,13.542,30.458,16.917,9.417
2016-10-18,3.417,14.292,25.542,11.25,13.458
2016-10-19,4.25,14.042,35.417,21.375,12.333
2016-10-20,3.348,9.13,22.13,13.0,11.458
2016-10-21,3.583,12.5,22.75,10.25,8.958
2016-10-22,3.792,12.292,27.5,15.208,6.5
2016-10-23,3.083,4.583,8.708,4.125,5.833
2016-10-24,3.0,7.417,13.625,6.208,10.042
2016-10-25,3.792,14.125,34.708,20.583,9.625
2016-10-26,3.25,11.25,23.042,11.792,12.208
2016-10-27,2.783,10.391,19.609,9.217,17.833
2016-10-28,3.417,13.542,27.25,13.708,10.958
2016-10-29,3.25,7.542,13.208,5.667,11.708
2016-10-30,3.458,7.542,11.875,4.333,12.333
2016-10-31,4.167,14.917,31.667,16.75,13.167
2016-11-01,3.958,12.542,25.458,12.917,12.167
2016-11-02,4.458,17.375,48.833,31.458,11.167
2016-11-03,3.13,8.696,14.957,6.261,9.542
2016-11-04,3.625,12.958,21.625,8.667,14.917
2016-11-05,3.375,12.625,21.333,8.708,19.708
2016-11-06,3.0,5.125,6.75,1.625,15.125
2016-11-07,4.083,15.75,41.333,25.583,8.696
2016-11-08,3.625,14.75,31.333,16.583,12.375
2016-11-09,3.0,7.75,15.0,7.25,12.917
2016-11-10,3.304,13.087,27.174,14.087,8.167
2016-11-11,3.375,14.667,36.0,21.333,4.958
2016-11-12,3.333,11.458,20.292,8.833,8.167
2016-11-13,4.125,10.125,17.042,6.917,13.458
2016-11-14,3.958,13.667,33.5,19.833,11.0
2016-11-15,3.333,10.917,19.708,8.792,20.708
2016-11-16,2.958,9.083,16.583,7.5,12.833
2016-11-17,3.522,14.478,35.043,20.565,9.25
2016-11-18,4.417,17.458,44.167,26.708,11.708
2016-11-19,4.375,14.833,31.083,16.25,10.833
2016-11-20,4.125,10.417,17.333,6.917,12.375
2016-11-21,4.792,17.391,45.478,28.087,12.333
2016-11-22,3.833,12.708,31.042,18.333,8.375
2016-11-23,3.458,7.833,15.708,7.875,5.625
2016-11-24,4.043,18.13,44.478,26.348,6.0
2016-11-25,4.583,22.864,70.682,47.818,7.0
2016-11-26,3.958,13.458,29.667,16.208,7.083
2016-11-27,4.792,14.708,25.208,10.5,9.833
2016-11-28,4.174,14.292,28.083,13.792,18.708
2016-11-29,3.333,10.25,20.5,10.25,16.042
2016-11-30,4.083,15.042,35.125,20.083,9.458
2016-12-01,3.87,16.783,37.826,21.043,14.708
2016-12-02,2.875,6.458,15.333,8.875,16.542
2016-12-03,4.167,14.875,31.458,16.583,9.792
2016-12-04,4.0,11.708,18.583,6.875,9.542
2016-12-05,4.417,15.0,32.792,17.792,23.864
2016-12-06,3.75,7.458,13.125,5.667,15.083
2016-12-07,4.125,15.542,34.083,18.542,8.75
2016-12-08,4.522,20.391,48.174,27.783,11.25
2016-12-09,3.917,16.875,38.375,21.5,4.333
2016-12-10,3.292,7.875,14.292,6.417,9.042
2016-12-11,3.292,5.0,9.333,4.333,6.792
2016-12-12,4.583,20.292,49.792,29.5,10.583
2016-12-13,4.667,20.667,46.5,25.833,7.625
2016-12-14,4.042,12.167,25.833,13.667,16.0
2016-12-15,3.261,11.217,26.609,15.391,11.042
2016-12-16,3.458,13.292,29.0,15.708,9.083
2016-12-17,3.0,5.583,10.0,4.417,11.167
2016-12-18,3.5,4.083,4.75,0.667,22.917
2016-12-19,6.667,26.458,60.75,34.292,33.083
2016-12-20,6.667,24.125,53.667,29.542,26.667
2016-12-21,5.958,21.875,44.917,23.042,25.458
2016-12-22,4.826,20.87,45.565,24.696,15.333
2016-12-23,3.042,4.833,8.958,4.125,11.917
2016-12-24,3.292,9.833,17.75,7.917,6.875
2016-12-25,4.083,13.875,26.042,12.167,5.333
2016-12-26,3.652,14.958,31.292,16.333,5.667
2016-12-27,4.292,13.042,26.25,13.208,6.542
2016-12-28,4.417,16.625,36.125,19.5,7.875
2016-12-29,3.783,10.261,19.609,9.348,12.0
2016-12-30,3.292,5.458,9.292,3.833,12.542
2016-12-31,3.333,9.917,14.583,4.667,9.208
2017-01-01,2.75,2.583,3.667,1.083,6.125
2017-01-02,3.333,3.125,4.375,1.25,10.5
2017-01-03,3.667,5.125,8.125,3.0,7.875
2017-01-04,3.348,8.478,14.0,5.522,9.375
2017-01-05,4.458,20.208,42.083,21.875,8.435
2017-01-06,3.25,8.0,16.333,8.333,9.292
2017-01-07,3.167,3.375,4.708,1.333,9.458
2017-01-08,3.833,14.167,23.25,9.083,6.708
2017-01-09,4.042,9.958,20.708,10.75,15.333
2017-01-10,4.333,10.75,19.583,8.833,17.917
2017-01-11,4.087,18.087,41.696,23.609,7.625
2017-01-12,3.5,13.375,34.5,21.125,6.917
2017-01-13,3.417,11.75,21.292,9.542,6.958
2017-01-14,3.792,14.708,23.417,8.708,6.208
2017-01-15,3.583,14.375,27.667,13.292,8.417
2017-01-16,3.792,15.833,32.375,16.542,11.667
2017-01-17,4.542,21.667,48.458,26.792,8.417
2017-01-18,4.652,20.391,45.13,24.739,12.875
2017-01-19,3.952,13.75,26.5,12.75,15.792
2017-01-20,4.5,19.542,36.958,17.417,9.792
2017-01-21,3.417,9.125,15.0,5.875,8.25
2017-01-22,3.667,15.5,36.125,20.625,4.875
2017-01-23,3.542,11.167,21.292,10.125,8.75
2017-01-24,3.75,7.5,17.208,9.708,10.417
2017-01-25,3.13,7.913,19.087,11.174,11.125
2017-01-26,3.292,11.625,24.333,12.708,9.958
2017-01-27,3.083,9.417,18.25,8.833,7.375
2017-01-28,2.792,7.125,10.667,3.542,6.542
2017-01-29,3.5,12.75,24.083,11.333,8.542
2017-01-30,3.208,10.792,20.875,10.083,10.25
2017-01-31,3.667,16.375,35.583,19.208,8.083
2017-02-01,4.522,24.261,51.174,26.913,8.5
2017-02-02,5.333,32.208,68.042,35.833,8.458
2017-02-03,4.042,19.125,37.25,18.125,8.792
2017-02-04,3.917,12.792,20.25,7.458,7.75
2017-02-05,3.042,4.917,8.792,3.875,14.478
2017-02-06,3.042,5.833,10.0,4.167,7.417
2017-02-07,3.583,16.625,34.583,17.958,11.667
2017-02-08,3.739,14.87,33.696,18.826,9.292
2017-02-09,4.167,19.583,39.542,19.958,10.708
2017-02-10,4.5,19.625,30.958,11.333,13.833
2017-02-11,4.125,8.583,11.833,3.25,13.125
2017-02-12,3.625,6.167,10.208,4.042,12.542
2017-02-13,2.471,9.375,20.0,10.625,13.083
2017-02-14,2.391,16.5,37.417,20.917,11.0
2017-02-15,2.565,9.435,18.739,9.304,16.958
2017-02-16,2.917,17.3,33.45,16.15,9.833
2017-02-17,2.625,4.267,7.733,3.467,13.667
2017-02-18,2.208,5.958,9.125,3.167,11.792
2017-02-19,2.542,14.292,28.167,13.875,9.917
2017-02-20,2.917,16.158,35.737,19.579,13.042
2017-02-21,2.667,11.375,20.0,8.625,13.792
2017-02-22,2.826,16.826,32.348,15.522,6.458
2017-02-23,3.25,17.458,31.25,13.792,9.083
2017-02-24,3.208,15.625,27.792,12.167,15.125
2017-02-25,2.875,11.958,19.083,7.125,9.125
2017-02-26,3.5,18.583,38.375,19.792,14.417
2017-02-27,3.5,20.375,42.417,22.042,8.0
2017-02-28,4.125,22.667,50.208,27.542,10.5
2017-03-01,2.826,8.522,15.391,6.87,6.667
2017-03-02,2.542,6.417,14.458,8.042,23.75
2017-03-03,3.292,17.583,31.083,13.5,13.708
2017-03-04,3.25,12.792,17.792,5.0,17.792
2017-03-05,3.25,15.75,29.083,13.333,6.913
2017-03-06,2.75,11.792,24.375,12.583,14.625
2017-03-07,3.208,15.583,31.208,15.625,8.958
2017-03-08,2.261,11.217,21.652,10.435,4.083
2017-03-09,2.75,14.833,27.125,12.292,8.042
2017-03-10,2.458,10.792,18.583,7.792,8.875
2017-03-11,2.75,7.583,12.333,4.75,9.167
2017-03-12,3.0,10.708,17.125,6.417,17.0
2017-03-13,3.375,15.875,26.875,11.0,15.625
2017-03-14,3.083,14.833,21.542,6.708,25.75
2017-03-15,2.783,14.435,22.304,7.87,24.0
2017-03-16,2.167,8.958,17.208,8.25,7.25
2017-03-17,2.708,9.917,18.125,8.208,6.375
2017-03-18,3.292,11.458,17.042,5.583,6.5
2017-03-19,2.708,9.625,16.75,7.125,11.167
2017-03-20,2.75,14.208,28.042,13.833,9.042
2017-03-21,3.167,12.375,24.792,12.417,6.458
2017-03-22,3.043,16.783,34.348,17.565,3.75
2017-03-23,2.708,15.125,33.042,17.917,11.375
2017-03-24,2.708,12.667,24.208,11.542,9.083
2017-03-25,3.542,8.0,10.375,2.375,33.5
2017-03-26,4.292,16.0,22.125,6.125,48.458
2017-03-27,4.292,16.458,24.292,7.833,36.458
2017-03-28,3.708,16.042,23.417,7.375,25.0
2017-03-29,3.087,18.826,25.652,6.826,26.75
2017-03-30,2.458,11.208,19.292,8.083,12.0
2017-03-31,2.625,13.167,22.792,9.625,8.958
2017-04-01,3.583,12.792,23.125,10.333,8.0
2017-04-02,3.375,7.792,12.5,4.708,13.583
2017-04-03,4.0,15.292,26.583,11.292,15.826
2017-04-04,3.625,13.542,23.917,10.375,15.917
2017-04-05,3.917,15.208,23.375,8.167,17.083
2017-04-06,4.0,17.739,25.739,8.0,23.208
2017-04-07,3.5,13.292,20.75,7.458,12.708
2017-04-08,3.292,9.25,14.5,5.25,10.042
2017-04-09,3.333,5.375,7.708,2.333,12.583
2017-04-10,3.625,11.0,21.333,10.333,11.75
2017-04-11,3.167,8.792,15.333,6.542,9.583
2017-04-12,3.125,11.0,19.958,8.958,16.833
2017-04-13,3.13,10.217,19.13,8.913,19.25
2017-04-14,3.625,10.875,19.208,8.333,19.292
2017-04-15,3.208,18.5,25.125,6.625,24.125
2017-04-16,3.042,17.5,22.417,4.917,29.542
2017-04-17,3.583,14.25,24.375,10.125,26.542
2017-04-18,2.708,7.25,11.958,4.708,11.375
2017-04-19,2.375,9.875,17.833,7.958,14.542
2017-04-20,3.043,11.652,21.261,9.609,14.458
2017-04-21,3.125,11.083,21.125,10.042,12.833
2017-04-22,3.0,5.375,7.625,2.25,10.958
2017-04-23,2.667,5.75,8.167,2.417,8.333
2017-04-24,3.583,14.083,25.167,11.083,11.917
2017-04-25,3.208,14.833,24.125,9.292,14.25
2017-04-26,3.292,17.333,26.958,9.625,13.25
2017-04-27,3.261,8.739,15.826,7.087,12.417
2017-04-28,3.292,9.708,15.708,6.0,10.292
2017-04-29,3.792,13.458,19.708,6.25,12.542
2017-04-30,3.458,10.583,14.083,3.5,16.042
2017-05-01,3.375,7.958,13.542,5.583,12.542
2017-05-02,3.083,9.5,15.292,5.792,6.478
2017-05-03,3.208,7.875,12.458,4.583,6.25
2017-05-04,3.087,6.913,10.0,3.087,8.75
2017-05-05,2.958,7.958,11.25,3.292,11.333
2017-05-06,2.708,8.125,12.458,4.333,12.542
2017-05-07,2.25,3.5,5.292,1.792,17.75
2017-05-08,2.25,9.083,14.042,4.958,16.208
2017-05-09,2.625,11.0,20.0,9.0,9.583
2017-05-10,2.958,13.958,25.417,11.458,11.208
2017-05-11,3.043,12.652,20.043,7.391,15.208
2017-05-12,3.875,14.565,23.87,9.304,21.042
2017-05-13,3.208,8.708,15.292,6.583,6.333
2017-05-14,2.792,3.333,5.833,2.5,3.75
2017-05-15,2.75,7.833,16.5,8.667,5.083
2017-05-16,2.917,6.167,10.542,4.375,8.833
2017-05-17,3.083,11.167,21.333,10.167,10.833
2017-05-18,3.13,10.522,20.609,10.087,11.583
2017-05-19,3.167,8.292,15.083,6.792,7.417
2017-05-20,3.333,10.917,16.458,5.542,13.083
2017-05-21,3.792,7.167,9.208,2.042,25.167
2017-05-22,3.375,12.542,18.208,5.667,25.333
2017-05-23,3.042,9.208,14.333,5.125,25.958
2017-05-24,3.25,10.292,17.708,7.417,30.375
2017-05-25,3.826,14.783,29.696,14.913,15.625
2017-05-26,3.083,9.375,19.625,10.25,5.083
2017-05-27,3.042,13.75,22.292,8.542,8.792
2017-05-28,2.375,5.292,7.583,2.292,7.125
2017-05-29,2.958,9.917,17.458,7.542,7.833
2017-05-30,3.625,12.625,19.958,7.333,21.208
2017-05-31,4.125,13.917,19.333,5.417,31.792
2017-06-01,3.826,13.391,21.348,7.957,23.292
2017-06-02,2.958,11.292,20.375,9.083,6.545
2017-06-03,2.25,5.292,9.333,4.042,4.208
2017-06-04,2.0,1.375,2.167,0.792,4.458
2017-06-05,2.75,10.5,21.375,10.875,9.583
2017-06-06,3.0,11.167,25.167,14.0,9.0
2017-06-07,3.125,12.792,26.417,13.625,10.375
2017-06-08,3.174,11.261,20.609,9.348,10.25
2017-06-09,3.292,13.75,21.833,8.083,9.208
2017-06-10,2.917,6.708,10.708,4.0,10.292
2017-06-11,2.625,2.958,4.792,1.833,8.083
2017-06-12,3.0,9.333,21.958,12.625,8.292
2017-06-13,3.208,9.5,20.583,11.083,12.208
2017-06-14,3.167,6.083,16.792,10.708,7.625
2017-06-15,2.913,11.652,24.522,12.87,9.958
2017-06-16,2.375,7.75,15.0,7.25,5.042
2017-06-17,2.708,8.542,16.792,8.25,6.542
2017-06-18,2.833,4.958,9.583,4.625,5.083
2017-06-19,2.542,10.958,21.542,10.583,12.333
2017-06-20,3.167,13.792,25.042,11.25,21.417
2017-06-21,2.708,11.75,20.583,8.833,11.5
2017-06-22,2.391,11.739,22.348,10.609,20.25
2017-06-23,2.833,10.792,18.375,7.583,11.75
2017-06-24,3.042,6.5,13.917,7.417,10.833
2017-06-25,3.042,5.083,8.833,3.75,12.125
2017-06-26,2.625,8.167,16.458,8.292,8.667
2017-06-27,2.792,8.625,23.417,14.792,10.167
2017-06-28,2.917,10.958,27.167,16.208,11.833
2017-06-29,2.783,10.0,21.957,11.957,8.0
2017-06-30,3.042,10.792,19.542,8.75,15.0
2017-07-01,2.625,10.833,18.292,7.458,7.875
2017-07-02,2.083,10.208,15.917,5.708,14.458
2017-07-03,2.0,15.333,30.458,15.125,7.261
2017-07-04,3.167,11.958,19.792,7.833,10.25
2017-07-05,2.583,9.042,17.292,8.25,8.875
2017-07-06,3.174,7.826,18.261,10.435,9.25
2017-07-07,3.25,8.125,19.542,11.417,10.75
2017-07-08,3.25,6.5,13.042,6.542,11.083
2017-07-09,2.583,4.417,8.333,3.917,9.583
2017-07-10,2.375,8.417,21.125,12.708,12.25
2017-07-11,2.5,7.5,15.042,7.542,13.917
2017-07-12,2.292,7.208,12.958,5.75,12.458
2017-07-13,2.826,8.217,18.826,10.609,11.13
2017-07-14,3.417,10.125,17.583,7.458,18.917
2017-07-15,3.0,7.708,13.833,6.125,16.75
2017-07-16,2.167,6.208,9.0,2.792,12.583
2017-07-17,2.792,4.417,7.208,2.792,12.833
2017-07-18,3.125,9.25,19.042,9.792,10.417
2017-07-19,2.708,8.625,19.375,10.75,7.625
2017-07-20,3.087,10.087,20.348,10.261,7.833
2017-07-21,3.375,11.083,20.667,9.583,14.917
2017-07-22,3.208,12.708,22.0,9.292,10.375
2017-07-23,2.875,6.0,8.167,2.167,3.292
2017-07-24,3.0,8.958,15.875,6.917,6.875
2017-07-25,3.667,11.75,31.125,19.375,9.542
2017-07-26,3.0,10.25,23.625,13.375,11.458
2017-07-27,3.0,10.435,21.652,11.217,8.583
2017-07-28,3.458,13.667,28.167,14.5,10.583
2017-07-29,3.25,8.833,20.125,11.292,8.792
2017-07-30,2.292,4.5,11.25,6.75,2.917
2017-07-31,2.208,5.958,15.667,9.708,5.625
2017-08-01,2.75,10.208,24.208,14.0,11.958
2017-08-02,2.583,9.125,22.208,13.083,8.167
2017-08-03,2.826,10.565,21.087,10.522,11.042
2017-08-04,2.917,10.083,21.583,11.5,11.043
2017-08-05,2.792,7.833,15.458,7.625,11.917
2017-08-06,2.708,4.917,10.125,5.208,11.333
2017-08-07,2.458,6.5,16.292,9.792,6.958
2017-08-08,2.417,6.292,17.917,11.625,3.958
2017-08-09,2.875,9.261,27.783,18.522,6.292
2017-08-10,3.087,8.043,28.522,20.478,3.125
2017-08-11,2.917,5.208,12.708,7.5,6.0
2017-08-12,3.042,5.917,17.375,11.458,3.125
2017-08-13,2.167,2.875,6.375,3.5,2.833
2017-08-14,2.042,2.333,4.583,2.25,3.792
2017-08-15,2.375,3.708,9.167,5.458,3.333
2017-08-16,2.417,4.583,11.208,6.625,2.458
2017-08-17,2.696,7.435,18.13,10.696,3.125
2017-08-18,2.458,6.375,16.875,10.5,3.792
2017-08-19,2.5,7.042,18.417,11.375,4.125
2017-08-20,2.167,3.583,7.917,4.333,2.708
2017-08-21,2.458,7.042,16.583,9.542,5.375
2017-08-22,2.458,8.75,19.042,10.292,9.958
2017-08-23,2.792,10.083,19.0,8.917,11.083
2017-08-24,2.45,7.565,19.826,12.261,9.2
2017-08-25,3.875,10.083,19.833,9.75,14.292
2017-08-26,4.042,9.583,21.708,12.125,11.5
2017-08-27,3.458,5.792,12.167,6.375,8.958
2017-08-28,3.75,10.875,24.708,13.833,13.292
2017-08-29,3.667,17.75,30.708,12.958,10.25
2017-08-30,3.167,9.667,20.25,10.583,9.417
2017-08-31,3.304,10.652,35.087,24.435,5.125
2017-09-01,3.375,9.0,25.792,16.792,8.5
2017-09-02,3.375,10.375,23.167,12.792,9.875
2017-09-03,2.958,5.875,10.708,4.833,8.375
2017-09-04,3.083,9.167,21.0,11.833,7.583
2017-09-05,3.5,11.25,26.5,15.25,9.435
2017-09-06,3.375,12.167,25.458,13.292,11.958
2017-09-07,3.565,11.913,32.739,20.826,9.75
2017-09-08,3.625,11.875,27.375,15.5,10.917
2017-09-09,3.042,8.292,18.292,10.0,6.875
2017-09-10,3.083,5.542,10.333,4.792,7.292
2017-09-11,3.5,9.875,24.167,14.292,9.333
2017-09-12,2.958,11.5,21.125,9.625,7.083
2017-09-13,3.5,13.333,22.917,9.583,15.917
2017-09-14,2.957,9.478,22.304,12.826,10.375
2017-09-15,3.167,9.083,18.25,9.167,6.625
2017-09-16,2.958,7.958,19.792,11.833,5.0
2017-09-17,2.625,3.25,7.167,3.917,5.375
2017-09-18,2.25,3.75,7.708,3.958,7.458
2017-09-19,2.375,8.292,16.5,8.208,8.292
2017-09-20,3.875,15.542,27.583,12.042,16.375
2017-09-21,3.522,12.043,21.826,9.783,7.792
2017-09-22,3.417,10.917,26.167,15.25,6.833
2017-09-23,3.292,8.583,15.375,6.792,6.375
2017-09-24,3.375,6.042,10.583,4.542,8.208
2017-09-25,3.75,12.292,24.958,12.667,13.667
2017-09-26,3.75,10.917,21.0,10.083,15.348
2017-09-27,3.5,12.583,25.375,12.792,14.958
2017-09-28,3.652,13.87,28.565,14.696,5.333
2017-09-29,3.583,11.708,27.625,15.917,7.292
2017-09-30,4.083,12.625,27.375,14.75,9.083
2017-10-01,3.708,7.125,13.042,5.917,10.833
2017-10-02,4.125,12.75,29.083,16.333,13.458
2017-10-03,3.208,10.0,18.333,8.333,8.75
2017-10-04,3.583,10.042,17.333,7.292,8.667
2017-10-05,3.652,12.696,28.261,15.565,9.043
2017-10-06,3.333,11.583,27.083,15.5,7.625
2017-10-07,3.208,12.5,26.083,13.583,3.375
2017-10-08,3.083,6.125,14.042,7.917,4.292
2017-10-09,3.083,8.417,18.458,10.042,9.458
2017-10-10,3.417,13.625,31.625,18.0,7.292
2017-10-11,3.792,11.917,34.958,23.042,6.458
2017-10-12,3.304,9.87,17.043,7.174,12.208
2017-10-13,3.792,15.333,32.583,17.25,9.375
2017-10-14,3.833,10.833,26.75,15.917,8.5
2017-10-15,3.708,7.458,14.958,7.5,8.667
2017-10-16,3.917,11.958,32.083,20.125,8.083
2017-10-17,3.875,12.083,29.083,17.0,13.0
2017-10-18,4.208,14.167,33.375,19.208,9.833
2017-10-19,3.652,11.217,27.304,16.087,10.75
2017-10-20,4.0,16.792,39.625,22.833,7.625
2017-10-21,3.625,13.208,29.458,16.25,2.917
2017-10-22,3.208,6.042,11.75,5.708,2.125
2017-10-23,3.125,7.208,13.208,6.0,5.5
2017-10-24,4.625,16.042,38.792,22.75,17.708
2017-10-25,4.917,15.458,38.708,23.25,22.042
2017-10-26,4.682,16.957,41.478,24.522,17.917
2017-10-27,4.667,16.542,41.708,25.167,16.75
2017-10-28,3.667,9.625,19.0,9.375,14.5
2017-10-29,3.708,8.75,13.958,5.208,9.875
2017-10-30,3.083,6.208,11.333,5.125,15.542
2017-10-31,3.208,11.75,23.042,11.292,26.625
2017-11-01,3.458,11.75,23.667,11.917,9.667
2017-11-02,5.261,20.652,43.826,23.174,22.417
2017-11-03,3.958,11.333,18.667,7.333,15.042
2017-11-04,3.833,7.792,14.208,6.417,13.208
2017-11-05,3.417,5.125,7.292,2.167,21.375
2017-11-06,3.208,14.75,26.0,11.25,13.391
2017-11-07,3.542,15.667,23.458,7.792,16.5
2017-11-08,3.583,10.583,19.167,8.583,18.0
2017-11-09,3.522,9.565,17.522,7.957,15.458
2017-11-10,3.5,13.333,33.875,20.542,5.417
2017-11-11,2.958,4.875,11.625,6.75,13.0
2017-11-12,3.458,7.25,11.333,4.083,9.125
2017-11-13,4.0,15.333,38.417,23.083,6.958
2017-11-14,4.208,17.708,38.542,20.833,12.708
2017-11-15,3.958,14.5,36.583,22.083,7.792
2017-11-16,3.391,9.773,21.545,11.773,10.958
2017-11-17,3.75,12.5,25.917,13.417,10.083
2017-11-18,3.875,10.375,19.75,9.375,8.0
2017-11-19,3.083,3.833,6.833,3.0,6.542
2017-11-20,3.75,11.375,25.417,14.042,6.0
2017-11-21,4.375,17.917,42.5,24.583,9.833
2017-11-22,3.958,15.375,32.708,17.333,7.458
2017-11-23,4.391,14.696,26.826,12.13,11.25
2017-11-24,4.583,16.917,39.042,22.125,8.625
2017-11-25,3.958,13.042,26.25,13.208,9.167
2017-11-26,3.667,6.667,10.458,3.792,10.333
2017-11-27,4.167,14.0,28.792,14.792,7.261
2017-11-28,4.625,18.5,40.667,22.167,7.667
2017-11-29,4.292,13.833,30.792,16.958,19.417
2017-11-30,3.217,11.522,24.174,12.652,9.042
2017-12-01,3.583,13.625,34.042,20.417,9.333
2017-12-02,3.875,14.208,29.0,14.792,8.875
2017-12-03,3.792,11.167,19.958,8.792,5.083
2017-12-04,4.458,18.875,44.0,25.125,8.25
2017-12-05,3.478,10.318,21.909,11.591,5.545
2017-12-06,3.708,12.0,24.5,12.5,9.583
2017-12-07,4.043,16.609,42.522,25.913,4.25
2017-12-08,3.583,11.792,25.625,13.833,4.042
2017-12-09,3.75,10.667,21.208,10.542,7.417
2017-12-10,4.167,9.292,16.792,7.5,8.125
2017-12-11,3.417,7.167,13.0,5.833,10.042
2017-12-12,3.208,6.542,17.917,11.375,12.542
2017-12-13,3.458,9.167,19.875,10.708,11.25
2017-12-14,3.826,21.435,49.0,27.565,7.0
2017-12-15,4.5,23.417,59.0,35.583,5.25
2017-12-16,3.833,13.417,26.542,13.125,9.708
2017-12-17,3.167,4.958,7.625,2.667,7.625
2017-12-18,3.5,15.333,31.708,16.375,5.958
2017-12-19,3.5,13.292,29.667,16.375,8.5
2017-12-20,3.958,16.375,33.5,17.125,10.208
2017-12-21,3.957,18.696,41.261,22.565,8.542
2017-12-22,4.25,21.208,48.667,27.458,7.208
2017-12-23,4.625,16.625,29.375,12.75,11.542
2017-12-24,4.792,12.25,18.667,6.417,17.25
2017-12-25,3.458,6.875,14.583,7.708,15.083
2017-12-26,3.583,8.333,18.792,10.458,14.25
2017-12-27,3.0,6.708,16.792,10.083,9.125
2017-12-28,3.217,10.217,20.565,10.348,11.208
2017-12-29,3.125,7.542,13.5,5.958,10.625
2017-12-30,3.875,14.875,25.208,10.333,6.75
2017-12-31,3.458,9.5,15.083,5.583,5.042
2018-01-01,2.458,4.792,6.792,2.0,10.708
2018-01-02,2.167,5.167,8.583,3.417,7.083
2018-01-03,2.696,9.739,15.087,5.348,7.708
2018-01-04,2.458,7.417,11.792,4.375,6.091
2018-01-05,3.458,5.417,7.125,1.708,22.333
2018-01-06,2.708,6.042,8.5,2.458,13.792
2018-01-07,2.792,10.333,18.25,7.917,12.792
2018-01-08,2.75,8.417,13.5,5.083,11.458
2018-01-09,2.958,6.833,13.0,6.167,11.792
2018-01-10,2.304,6.565,12.478,5.913,10.583
2018-01-11,2.75,10.208,18.708,8.5,15.917
2018-01-12,2.958,15.333,28.625,13.292,9.625
2018-01-13,3.208,12.208,18.458,6.25,9.292
2018-01-14,3.333,16.333,27.583,11.25,8.75
2018-01-15,3.333,13.0,23.625,10.625,13.958
2018-01-16,3.417,9.708,19.042,9.333,23.125
2018-01-17,2.522,8.87,17.174,8.304,15.792
2018-01-18,2.167,8.958,16.208,7.25,18.208
2018-01-19,2.208,9.375,17.667,8.292,12.5
2018-01-20,3.208,9.167,13.417,4.25,12.917
2018-01-21,2.167,5.167,9.292,4.125,14.667
2018-01-22,2.708,11.375,20.542,9.167,14.542
2018-01-23,3.0,17.042,34.5,17.458,12.083
2018-01-24,2.739,8.435,15.696,7.261,17.917
2018-01-25,3.042,16.625,35.083,18.458,11.667
2018-01-26,3.167,17.042,33.25,16.208,10.375
2018-01-27,3.0,12.292,20.042,7.75,8.875
2018-01-28,4.083,22.042,42.375,20.333,12.75
2018-01-29,2.75,9.958,16.792,6.833,17.833
2018-01-30,3.833,20.042,40.833,20.792,13.458
2018-01-31,2.957,12.043,20.783,8.739,20.583
2018-02-01,2.083,6.833,14.167,7.333,14.792
2018-02-02,2.167,7.292,12.208,4.917,18.875
2018-02-03,3.333,12.708,18.5,5.792,10.833
2018-02-04,3.042,6.958,11.208,4.25,22.261
2018-02-05,2.958,11.75,24.292,12.542,14.875
2018-02-06,4.125,18.542,35.125,16.583,14.167
2018-02-07,3.348,17.391,32.174,14.783,14.875
2018-02-08,2.333,8.333,16.167,7.833,15.917
2018-02-09,2.667,14.708,31.833,17.125,7.458
2018-02-10,2.417,8.292,14.542,6.25,7.417
2018-02-11,2.667,9.333,16.75,7.417,10.5
2018-02-12,2.773,9.294,17.412,8.118,18.792
2018-02-13,3.625,13.875,28.25,14.375,18.417
2018-02-14,2.571,10.067,17.133,7.067,14.75
2018-02-15,2.792,14.125,25.125,11.0,12.167
2018-02-16,3.125,8.542,14.875,6.333,18.792
2018-02-17,2.333,3.25,3.75,0.5,17.667
2018-02-18,3.167,12.542,19.25,6.708,16.5
2018-02-19,3.875,18.667,32.042,13.375,10.875
2018-02-20,3.625,15.708,34.417,18.708,9.542
2018-02-21,3.565,16.348,31.739,15.391,30.542
2018-02-22,3.625,12.0,19.292,7.292,37.5
2018-02-23,3.5,14.125,26.958,12.833,23.042
2018-02-24,2.583,11.0,16.333,5.333,12.375
2018-02-25,3.125,14.917,25.875,10.958,21.792
2018-02-26,3.375,15.083,32.5,17.417,28.333
2018-02-27,3.958,19.208,35.542,16.333,38.75
2018-02-28,3.957,21.85,41.85,20.0,27.571
2018-03-01,3.75,19.25,36.5,17.25,34.542
2018-03-02,3.5,12.333,17.958,5.625,52.417
2018-03-03,3.75,13.375,17.917,4.542,28.917
2018-03-04,3.75,19.208,34.25,15.042,20.208
2018-03-05,3.958,20.625,40.125,19.5,23.458
2018-03-06,3.333,17.167,27.792,10.625,20.25
2018-03-07,3.217,14.304,24.696,10.391,15.652
2018-03-08,2.458,11.542,22.375,10.833,13.667
2018-03-09,2.583,17.125,26.792,9.667,13.542
2018-03-10,2.583,13.417,18.0,4.583,16.417
2018-03-11,3.083,14.792,25.208,10.417,8.292
2018-03-12,3.333,13.542,22.083,8.542,22.25
2018-03-13,3.0,12.208,21.375,9.167,15.833
2018-03-14,2.478,9.957,18.565,8.609,13.7
2018-03-15,2.875,14.125,26.292,12.167,9.0
2018-03-16,2.75,9.583,16.625,7.042,12.458
2018-03-17,2.417,7.458,10.667,3.208,14.792
2018-03-18,2.708,17.583,30.083,12.5,12.458
2018-03-19,2.792,16.25,28.292,12.042,12.667
2018-03-20,2.75,14.542,24.083,9.542,14.75
2018-03-21,2.913,10.0,15.913,5.913,14.458
2018-03-22,2.958,8.917,15.208,6.292,19.875
2018-03-23,2.333,7.625,13.333,5.708,8.167
2018-03-24,2.042,3.958,6.667,2.708,8.375
2018-03-25,2.375,9.652,17.565,7.913,12.875
2018-03-26,2.583,10.792,17.583,6.792,16.875
2018-03-27,2.833,14.708,26.208,11.5,14.625
2018-03-28,2.652,12.0,22.261,10.261,13.792
2018-03-29,2.708,12.542,20.958,8.417,13.0
2018-03-30,2.833,12.958,23.708,10.75,7.667
2018-03-31,2.792,9.292,12.708,3.417,7.25
2018-04-01,3.0,10.25,14.708,4.458,15.5
2018-04-02,3.208,13.0,20.083,7.083,28.5
2018-04-03,3.208,14.917,23.625,8.708,27.417
2018-04-04,3.083,11.684,20.895,9.211,14.435
2018-04-05,2.783,11.739,20.565,8.826,19.042
2018-04-06,3.375,18.75,41.625,22.875,7.333
2018-04-07,2.667,12.167,21.167,9.0,8.25
2018-04-08,2.833,7.625,10.833,3.208,19.917
2018-04-09,2.5,11.958,22.333,10.375,6.417
2018-04-10,2.583,9.833,20.625,10.792,9.0
2018-04-11,2.792,14.917,25.125,10.208,16.333
2018-04-12,2.391,11.909,19.773,7.864,20.375
2018-04-13,2.583,12.542,21.042,8.5,12.75
2018-04-14,2.667,10.208,18.417,8.208,4.417
2018-04-15,2.167,5.833,7.833,2.0,5.542
2018-04-16,2.083,7.125,11.958,4.833,6.625
2018-04-17,3.042,13.25,23.667,10.417,12.208
2018-04-18,3.417,17.833,30.083,12.25,17.167
2018-04-19,2.652,10.522,17.261,6.739,15.625
2018-04-20,3.167,12.792,20.583,7.792,23.667
2018-04-21,3.542,14.125,19.583,5.458,26.083
2018-04-22,3.042,9.042,11.792,2.75,27.25
2018-04-23,3.042,10.833,18.375,7.542,20.917
2018-04-24,3.125,13.458,24.833,11.375,7.333
2018-04-25,2.917,13.083,24.167,11.083,2.833
2018-04-26,2.783,10.913,17.087,6.174,10.0
2018-04-27,2.667,9.25,15.875,6.625,14.042
2018-04-28,3.708,12.875,20.583,7.708,38.083
2018-04-29,3.25,10.958,14.292,3.333,19.042
2018-04-30,3.042,8.833,12.333,3.5,19.042
2018-05-01,3.708,11.625,16.917,5.292,37.083
2018-05-02,3.583,10.042,17.0,6.958,29.304
2018-05-03,3.0,8.522,12.826,4.304,6.0
2018-05-04,3.083,5.375,8.042,2.667,11.25
2018-05-05,2.25,6.542,8.25,1.708,19.875
2018-05-06,2.625,10.0,13.25,3.25,21.5
2018-05-07,3.0,12.292,20.458,8.167,14.583
2018-05-08,2.333,7.625,17.583,9.958,6.208
2018-05-09,2.417,9.375,17.958,8.583,4.167
2018-05-10,2.652,10.348,20.739,10.391,7.625
2018-05-11,2.083,14.25,21.375,7.125,9.875
2018-05-12,2.292,14.917,20.5,5.583,15.042
2018-05-13,2.583,8.0,11.583,3.583,16.833
2018-05-14,2.25,9.083,13.833,4.75,12.458
2018-05-15,2.458,14.792,22.667,7.875,10.792
2018-05-16,2.792,15.0,21.708,6.708,18.167
2018-05-17,3.13,14.304,25.174,10.87,18.125
2018-05-18,2.75,11.292,22.25,10.958,3.458
2018-05-19,2.083,6.917,12.958,6.042,3.375
2018-05-20,2.042,4.25,7.583,3.333,6.083
2018-05-21,2.0,7.364,13.909,6.545,4.792
2018-05-22,2.375,13.542,25.375,11.833,9.208
2018-05-23,2.583,13.333,21.792,8.458,13.417
2018-05-24,2.304,9.565,16.13,6.565,8.792
2018-05-25,2.5,9.625,15.0,5.375,14.708
2018-05-26,2.417,8.625,16.5,7.875,10.5
2018-05-27,2.042,4.167,7.167,3.0,8.083
2018-05-28,2.417,9.875,18.083,8.208,9.25
2018-05-29,3.75,13.792,21.333,7.542,28.333
2018-05-30,2.958,12.417,20.542,8.125,22.417
2018-05-31,3.043,10.957,18.261,7.304,14.458
2018-06-01,3.435,10.5,16.5,6.0,12.565
2018-06-02,2.208,8.083,14.333,6.25,8.292
2018-06-03,2.083,6.75,10.167,3.417,10.5
2018-06-04,2.625,12.042,20.583,8.542,14.292
2018-06-05,2.333,11.333,19.542,8.208,14.375
2018-06-06,5.167,16.375,26.125,9.75,23.0
2018-06-07,2.696,8.696,16.609,7.913,17.917
2018-06-08,2.583,11.875,20.542,8.667,14.958
2018-06-09,2.0,3.75,7.083,3.333,9.417
2018-06-10,2.0,2.958,6.667,3.708,3.25
2018-06-11,2.417,9.333,19.583,10.25,1.917
2018-06-12,3.083,11.75,25.542,13.792,7.583
2018-06-13,2.958,8.708,15.583,6.875,11.917
2018-06-14,2.391,8.043,16.391,8.348,9.958
2018-06-15,1.958,7.5,17.833,10.333,7.167
2018-06-16,1.792,4.875,11.0,6.125,2.25
2018-06-17,1.667,3.917,7.042,3.125,4.833
2018-06-18,2.917,12.083,22.833,10.75,11.292
2018-06-19,2.333,10.292,19.375,9.083,11.375
2018-06-20,1.625,7.833,15.875,8.042,3.208
2018-06-21,1.957,12.609,22.565,9.957,7.833
2018-06-22,2.0,7.083,11.167,4.083,9.0
2018-06-23,2.542,9.292,15.25,5.958,8.958
2018-06-24,2.0,10.958,14.833,3.875,13.667
2018-06-25,2.083,5.917,14.042,8.125,8.458
2018-06-26,2.125,10.0,20.0,10.0,7.417
2018-06-27,1.875,6.083,12.125,6.042,13.0
2018-06-28,2.609,12.0,21.478,9.478,5.958
2018-06-29,2.208,9.667,19.875,10.208,5.583
2018-06-30,2.458,8.667,20.042,11.375,4.417
2018-07-01,2.0,5.292,11.125,5.833,7.391
2018-07-02,2.833,8.333,18.375,10.042,11.542
2018-07-03,2.25,7.583,16.042,8.458,12.833
2018-07-04,2.0,7.375,17.75,10.375,8.292
2018-07-05,1.348,4.13,7.652,3.522,10.875
2018-07-06,2.0,7.042,17.042,10.0,6.792
2018-07-07,1.625,6.792,15.333,8.542,3.75
2018-07-08,1.583,4.417,8.583,4.167,3.25
2018-07-09,1.542,6.208,12.375,6.167,7.917
2018-07-10,1.625,7.75,18.792,11.042,10.375
2018-07-11,1.042,8.5,15.708,7.208,8.158
2018-07-12,2.043,10.217,21.435,11.217,5.5
2018-07-13,1.708,8.542,13.208,4.667,16.208
2018-07-14,1.625,7.375,12.708,5.333,13.708
2018-07-15,1.542,6.333,10.25,3.917,13.083
2018-07-16,1.708,5.792,8.583,2.792,16.167
2018-07-17,1.458,7.917,14.542,6.625,13.458
2018-07-18,1.292,5.833,11.167,5.333,20.625
2018-07-19,2.261,6.435,15.478,9.043,27.542
2018-07-20,3.083,6.833,15.833,9.0,28.708
2018-07-21,1.958,6.125,12.083,5.958,23.833
2018-07-22,1.625,3.292,4.958,1.667,16.25
2018-07-23,2.208,6.167,10.125,3.958,14.75
2018-07-24,3.042,8.625,17.458,8.833,13.708
2018-07-25,3.042,10.833,22.292,11.458,17.667
2018-07-26,2.565,9.13,18.261,9.13,14.792
2018-07-27,2.333,9.083,18.958,9.875,14.417
2018-07-28,1.625,5.0,13.5,8.5,4.5
2018-07-29,1.417,1.958,6.667,4.708,3.75
2018-07-30,1.75,6.292,13.625,7.333,4.5
2018-07-31,2.167,5.5,13.167,7.667,9.042
2018-08-01,1.417,5.0,12.75,7.75,7.652
2018-08-02,2.739,9.261,17.435,8.174,14.833
2018-08-03,3.167,8.792,18.625,9.833,10.417
2018-08-04,2.458,8.208,17.042,8.833,11.083
2018-08-05,2.917,7.25,11.542,4.292,7.583
2018-08-06,2.75,8.708,22.25,13.542,2.25
2018-08-07,2.583,7.375,16.917,9.542,3.333
2018-08-08,2.083,7.125,19.292,12.167,3.125
2018-08-09,2.261,7.913,21.217,13.304,3.208
2018-08-10,3.083,6.417,14.75,8.333,9.083
2018-08-11,3.042,4.292,7.75,3.458,6.667
2018-08-12,2.0,3.625,7.458,3.833,6.417
2018-08-13,1.958,3.522,7.522,4.0,7.087
2018-08-14,1.958,3.75,7.375,3.625,7.417
2018-08-15,1.458,4.792,8.208,3.417,9.583
2018-08-16,1.957,5.87,12.174,6.304,3.5
2018-08-17,2.0,4.625,9.583,4.958,4.417
2018-08-18,2.292,6.375,17.833,11.458,6.583
2018-08-19,2.042,4.583,9.042,4.458,4.833
2018-08-20,3.292,11.208,21.542,10.333,14.083
2018-08-21,3.25,11.333,23.042,11.708,13.375
2018-08-22,2.167,8.583,17.583,9.0,9.792
2018-08-23,1.913,8.783,21.348,12.565,10.625
2018-08-24,1.5,8.208,18.5,10.292,8.417
2018-08-25,1.25,6.208,11.75,5.542,10.5
2018-08-26,2.125,4.208,6.625,2.417,8.042
2018-08-27,2.5,5.708,10.75,5.042,7.417
2018-08-28,2.042,8.083,19.917,11.833,3.292
2018-08-29,1.708,8.75,19.542,10.792,1.292
2018-08-30,1.826,10.261,20.304,10.043,5.458
2018-08-31,2.333,11.958,21.667,9.708,10.792
2018-09-01,2.292,7.958,17.625,9.667,8.292
2018-09-02,2.125,4.583,9.417,4.833,5.625
2018-09-03,2.125,8.583,18.25,9.667,5.391
2018-09-04,1.625,6.042,14.042,8.0,5.917
2018-09-05,1.333,11.792,16.375,4.583,8.875
2018-09-06,1.652,11.652,16.391,4.739,11.875
2018-09-07,3.292,13.125,24.75,11.625,12.292
2018-09-08,3.25,9.875,15.917,6.042,11.458
2018-09-09,2.75,6.0,10.75,4.75,3.125
2018-09-10,3.083,13.583,28.375,14.792,3.833
2018-09-11,2.667,12.958,28.958,16.0,6.208
2018-09-12,2.667,9.458,20.917,11.458,6.292
2018-09-13,2.087,8.913,17.391,8.478,6.625
2018-09-14,2.875,10.167,20.708,10.542,10.625
2018-09-15,2.667,9.5,22.792,13.292,8.667
2018-09-16,2.167,5.875,8.833,2.958,6.0
2018-09-17,2.75,9.625,15.667,6.042,7.071
2018-09-18,3.125,10.75,22.667,11.917,9.667
2018-09-19,2.333,8.792,21.083,12.292,5.875
2018-09-20,2.739,12.174,27.0,14.826,6.208
2018-09-21,2.375,10.5,25.625,15.125,5.375
2018-09-22,2.917,8.375,16.125,7.75,3.417
2018-09-23,2.792,5.125,8.125,3.0,7.958
2018-09-24,2.625,6.917,11.833,4.917,11.042
2018-09-25,3.0,12.667,30.417,17.75,8.125
2018-09-26,2.292,7.917,22.875,14.958,5.19
2018-09-27,2.696,13.261,33.261,20.0,7.083
2018-09-28,2.958,10.167,23.5,13.333,5.125
2018-09-29,2.708,10.333,26.667,16.333,5.792
2018-09-30,2.375,5.292,9.417,4.125,5.292
2018-10-01,1.875,2.375,4.083,1.708,7.667
2018-10-02,2.958,8.458,15.333,6.875,14.167
2018-10-03,3.208,10.25,23.875,13.625,8.667
2018-10-04,5.348,11.913,24.565,12.652,10.696
2018-10-05,5.75,10.542,20.958,10.417,9.708
2018-10-06,5.958,9.125,20.417,11.292,8.5
2018-10-07,5.0,2.833,3.5,0.667,12.667
2018-10-08,5.708,8.0,14.042,6.042,7.5
2018-10-09,5.958,11.417,25.792,14.375,8.958
2018-10-10,6.292,10.708,29.833,19.125,9.292
2018-10-11,3.909,15.435,30.826,15.391,7.375
2018-10-12,3.542,11.542,23.417,11.875,9.25
2018-10-13,2.75,9.792,21.708,11.917,6.875
2018-10-14,2.5,5.75,10.208,4.458,6.833
2018-10-15,2.625,10.125,25.0,14.875,5.333
2018-10-16,3.0,12.458,27.833,15.375,7.5
2018-10-17,2.667,9.833,27.167,17.333,6.125
2018-10-18,2.783,11.261,29.435,18.174,5.375
2018-10-19,2.875,13.125,35.458,22.333,5.333
2018-10-20,2.917,11.333,24.5,13.167,8.5
2018-10-21,2.458,7.042,12.458,5.417,7.542
2018-10-22,3.333,14.5,28.833,14.333,8.708
2018-10-23,2.25,9.083,17.833,8.75,7.583
2018-10-24,3.5,13.458,23.875,10.417,14.083
2018-10-25,3.652,15.043,32.783,17.739,12.833
2018-10-26,2.542,11.375,25.958,14.583,8.583
2018-10-27,2.458,5.792,10.5,4.708,12.167
2018-10-28,2.75,5.417,9.458,4.042,6.125
2018-10-29,2.333,5.875,10.292,4.417,6.75
2018-10-30,3.25,8.667,17.833,9.167,9.042
2018-10-31,3.292,8.167,16.458,8.292,8.625
2018-11-01,3.087,15.043,33.261,18.217,6.25
2018-11-02,3.708,13.167,33.458,20.292,8.25
2018-11-03,3.208,10.125,21.625,11.5,8.125
2018-11-04,2.792,7.958,12.708,4.75,8.958
2018-11-05,3.042,15.542,34.083,18.542,8.304
2018-11-06,3.708,16.458,39.958,23.5,12.458
2018-11-07,3.542,14.917,33.375,18.458,11.083
2018-11-08,3.261,10.957,30.261,19.304,11.167
2018-11-09,2.917,12.875,24.833,11.958,5.083
2018-11-10,3.583,13.125,21.208,8.083,11.958
2018-11-11,2.875,6.0,10.125,4.125,9.417
2018-11-12,3.0,11.583,23.833,12.25,8.542
2018-11-13,3.333,13.542,29.083,15.542,8.708
2018-11-14,3.125,13.0,29.542,16.542,8.083
2018-11-15,3.409,15.682,36.455,20.773,10.083
2018-11-16,3.042,14.625,33.917,19.292,5.292
2018-11-17,2.708,10.25,21.25,11.0,5.792
2018-11-18,2.792,7.458,13.542,6.083,6.0
2018-11-19,2.625,10.375,20.75,10.375,9.875
2018-11-20,3.667,17.0,36.667,19.667,10.958
2018-11-21,3.917,15.292,27.25,11.958,15.958
2018-11-22,2.783,11.087,25.87,14.783,10.042
2018-11-23,2.0,5.75,10.208,4.458,12.125
2018-11-24,2.5,11.958,21.792,9.833,11.083
2018-11-25,2.417,6.417,10.75,4.333,6.0
2018-11-26,3.261,14.75,25.417,10.667,18.696
2018-11-27,2.708,11.917,26.333,14.417,13.333
2018-11-28,2.875,11.958,21.792,9.833,25.125
2018-11-29,2.391,12.739,25.565,12.826,12.417
2018-11-30,2.333,10.875,19.75,8.875,16.0
2018-12-01,2.5,10.042,19.833,9.792,10.208
2018-12-02,3.125,10.375,17.667,7.292,7.583
2018-12-03,3.375,15.792,37.625,21.833,10.208
2018-12-04,3.417,13.667,26.0,12.333,11.583
2018-12-05,3.125,9.375,15.917,6.542,10.087
2018-12-06,2.913,16.261,41.174,24.913,5.375
2018-12-07,2.583,9.042,20.958,11.917,6.75
2018-12-08,2.375,8.458,17.375,8.917,6.375
2018-12-09,2.0,3.458,5.792,2.333,5.25
2018-12-10,2.625,14.583,27.75,13.167,6.292
2018-12-11,3.083,17.958,44.667,26.708,6.625
2018-12-12,2.625,11.333,24.5,13.167,6.458
2018-12-13,2.739,16.565,33.565,17.0,8.25
2018-12-14,2.583,11.174,20.565,9.391,10.125
2018-12-15,2.792,13.667,24.042,10.375,8.875
2018-12-16,2.667,10.583,16.125,5.542,6.0
2018-12-17,3.833,19.417,42.125,22.708,9.208
2018-12-18,2.625,8.583,13.792,5.208,12.042
2018-12-19,2.917,16.208,35.375,19.167,9.167
2018-12-20,2.087,9.348,16.522,7.174,12.833
2018-12-21,2.875,16.792,32.958,16.167,12.333
2018-12-22,3.333,15.583,32.0,16.417,6.917
2018-12-23,3.417,9.583,16.375,6.792,8.75
2018-12-24,2.417,6.083,11.208,5.125,11.25
2018-12-25,3.042,16.375,34.25,17.875,7.417
2018-12-26,3.5,15.375,35.5,20.125,13.667
2018-12-27,2.13,6.652,13.174,6.522,12.5
2018-12-28,2.042,6.792,14.958,8.167,10.417
2018-12-29,2.0,4.375,9.333,4.958,12.458
2018-12-30,2.458,7.25,10.625,3.375,10.875
2018-12-31,2.333,7.167,12.625,5.458,5.458
