area_code,Total population (Both sexes),Total population (Male),Total population (Female),Total population (under 15),"Population (under 15, Male)","Population (under 15, Female)",Total population (15-64),"Population (15-64, Male)","Population (15-64, Female)",Total population (65 and over),"Population (65 and over, Male)","Population (65 and over, Female)","Population (0-5, Total)","Population (0-5, Male)","Population (0-5, Female)","Population (60 and over, Total)","Population (60 and over, Male)","Population (60 and over, Female)","Population (70 and over, Total)","Population (70 and over, Male)","Population (70 and over, Female)","Population (85 and over, Total)","Population (85 and over, Male)","Population (85 and over, Female)"
01100,1952356,910614,1041742,221013,112743,108270,1235516,590111,645405,483534,201313,282221,85236,43666,41570,622892,266989,355903,333793,132259,201534,69029,20702,48327
01101,237627,107756,129871,23997,12187,11810,160339,74227,86112,50536,19750,30786,9761,4994,4767,64792,26368,38424,35404,12995,22409,8204,2329,5875
01102,285321,134534,150787,32916,16722,16194,178950,86767,92183,68960,28866,40094,12145,6224,5921,89354,38533,50821,47192,18925,28267,9349,2773,6576
01103,261912,124649,137263,30716,15594,15122,168302,82491,85811,61448,25708,35740,12369,6243,6126,79440,34364,45076,41974,16689,25285,8381,2559,5822
01104,209584,99020,110564,23590,12099,11491,136879,66499,70380,47879,19954,27925,9910,5162,4748,61607,26454,35153,33270,13096,20174,6461,1978,4483
01105,218652,101482,117170,23865,12214,11651,142751,67849,74902,51458,21014,30444,9821,5089,4732,65491,27495,37996,36240,14082,22158,7528,2270,5258
01106,141190,65305,75885,14271,7317,6954,81598,38809,42789,44854,18943,25911,5056,2616,2440,56637,24456,32181,31589,12805,18784,6671,2096,4575
01107,213578,98648,114930,24842,12630,12212,133411,62921,70490,54865,22823,32042,9852,5064,4788,70465,30155,40310,38122,15112,23010,7784,2357,5427
01108,127767,58312,69455,13990,7178,6812,77888,36054,41834,35713,15008,20705,4921,2507,2414,46051,19788,26263,24515,9959,14556,4663,1420,3243
01109,140999,66284,74715,17367,8889,8478,84637,40662,43975,38561,16474,22087,6283,3194,3089,50280,22021,28259,25934,10538,15396,5789,1690,4099
01110,115726,54624,61102,15459,7913,7546,70761,33832,36929,29260,12773,16487,5118,2573,2545,38775,17355,21420,19553,8058,11495,4199,1230,2969
01202,265979,120376,145603,27131,13912,13219,152154,72223,79931,85931,33839,52092,9917,5005,4912,107426,43637,63789,61477,22897,38580,13056,3614,9442
01203,121924,54985,66939,11171,5661,5510,65317,31183,34134,45240,18020,27220,3850,1962,1888,55499,22662,32837,32707,12334,20373,7134,1935,5199
01204,339605,156402,183203,37173,18938,18235,191423,90649,100774,106444,44410,62034,13636,6970,6666,133225,56746,76479,75754,30407,45347,15674,4677,10997
01205,88564,43143,45421,9185,4647,4538,49005,25831,23174,30118,12457,17661,3390,1721,1669,36863,15703,21160,21913,8754,13159,4159,1218,2941
01206,174742,82185,92557,19400,9829,9571,101909,49888,52021,52867,22161,30706,6895,3534,3361,67524,28934,38590,37512,15141,22371,7131,2109,5022
01207,169327,80994,88333,20566,10589,9977,103890,51271,52619,44636,18963,25673,8194,4212,3982,57029,24856,32173,31641,12968,18673,6348,2129,4219
01208,121226,58020,63206,13570,6897,6673,70781,35523,35258,36437,15291,21146,5013,2559,2454,45924,19767,26157,26049,10557,15492,5577,1706,3871
01209,8843,4092,4751,500,241,259,4045,2090,1955,4296,1759,2537,172,82,90,5130,2170,2960,3383,1341,2042,799,269,530
01210,84499,39319,45180,8983,4597,4386,47848,23127,24721,27503,11509,15994,3235,1656,1579,34413,14765,19648,19806,7889,11917,4199,1353,2846
01211,39077,19819,19258,4571,2358,2213,23698,12794,10904,10691,4578,6113,1758,894,864,13632,6001,7631,7509,3085,4424,1673,500,1173
01212,22221,10516,11705,2290,1137,1153,12391,6298,6093,7513,3069,4444,896,440,456,9390,3928,5462,5467,2145,3322,1086,330,756
01213,172737,84605,88132,22401,11469,10932,105217,53472,51745,44469,19164,25305,8613,4467,4146,58205,25935,32270,30447,12581,17866,6031,1859,4172
01214,36380,17809,18571,4304,2218,2086,21570,11172,10398,10505,4419,6086,1641,860,781,13461,5862,7599,7408,2974,4434,1334,402,932
01215,23035,10753,12282,1973,1039,934,12205,6074,6131,8853,3638,5215,649,346,303,10826,4575,6251,6587,2589,3998,1490,479,1011
01216,14676,6667,8009,1109,566,543,7160,3473,3687,6405,2626,3779,379,202,177,7713,3247,4466,4883,1954,2929,1073,329,744
01217,120636,57391,63245,13524,6868,6656,74253,36364,37889,32585,13970,18615,4578,2377,2201,42202,18608,23594,22815,9337,13478,4711,1512,3199
01218,11105,5025,6080,835,428,407,5306,2554,2752,4964,2043,2921,254,131,123,5962,2504,3458,3730,1483,2247,832,235,597
01219,23109,10954,12155,2329,1221,1108,12707,6347,6360,7631,3082,4549,905,483,422,9471,3957,5514,5555,2135,3420,1133,316,817
01220,19914,9382,10532,2066,1066,1000,10384,5195,5189,7451,3112,4339,692,362,330,9066,3866,5200,5670,2323,3347,1344,438,906
01221,29048,14072,14976,3453,1763,1690,16755,8565,8190,8794,3716,5078,1389,720,669,10776,4647,6129,6456,2623,3833,1399,455,944
01222,9076,4075,5001,694,336,358,4199,2109,2090,4181,1629,2552,232,110,122,4944,1980,2964,3246,1226,2020,796,226,570
01223,26917,12862,14055,3033,1570,1463,15533,7830,7703,8285,3413,4872,1069,541,528,10476,4436,6040,6024,2376,3648,1101,325,776
01224,95648,48588,47060,13573,7011,6562,61908,32634,29274,19979,8851,11128,5385,2781,2604,25922,11772,14150,13798,5893,7905,2487,796,1691
01225,41192,19475,21717,4456,2327,2129,23001,11284,11717,13353,5615,7738,1649,808,841,16677,7098,9579,9648,3891,5757,1950,591,1359
01226,17694,8216,9478,1758,871,887,9355,4573,4782,6390,2670,3720,571,287,284,7825,3326,4499,4739,1897,2842,996,317,679
01227,3585,1652,1933,217,122,95,1696,864,832,1672,666,1006,50,34,16,2046,854,1192,1279,476,803,305,75,230
01228,21909,10118,11791,1995,997,998,11281,5551,5730,8616,3564,5052,726,366,360,10395,4371,6024,6532,2623,3909,1486,484,1002
01229,22936,10783,12153,2684,1348,1336,13092,6426,6666,7096,2973,4123,986,503,483,8758,3797,4961,5250,2127,3123,1194,378,816
01230,49625,23533,26092,5312,2726,2586,26948,13364,13584,16602,7052,9550,1836,938,898,20635,8996,11639,11896,4904,6992,2346,710,1636
01231,69702,33781,35921,9132,4571,4561,42897,21366,21531,17465,7716,9749,3213,1587,1626,22431,10112,12319,12231,5209,7022,2377,819,1558
01233,34995,16279,18716,3966,2056,1910,18910,9131,9779,12107,5081,7026,1360,700,660,14953,6445,8508,8881,3610,5271,1945,624,1321
01234,59064,28273,30791,7213,3688,3525,34586,16908,17678,17103,7572,9531,2267,1177,1090,21950,9886,12064,11593,5002,6591,2360,734,1626
01235,57436,27548,29888,7415,3759,3656,32732,16156,16576,17229,7588,9641,2428,1216,1212,22212,9953,12259,11352,4777,6575,2435,731,1704
01236,46390,21641,24749,6353,3224,3129,27723,13376,14347,12297,5031,7266,2113,1099,1014,15822,6707,9115,8681,3356,5325,1840,504,1336
01303,17278,8314,8964,1547,802,745,10453,5231,5222,5210,2243,2967,409,205,204,6599,2958,3641,3716,1540,2176,823,241,582
01304,3329,1604,1725,357,182,175,1872,980,892,1100,442,658,132,63,69,1336,557,779,840,310,530,224,60,164
01331,7337,3283,4054,542,280,262,3421,1644,1777,3372,1357,2015,172,83,89,4065,1671,2394,2525,985,1540,551,170,381
01332,4422,2047,2375,331,150,181,2238,1127,1111,1853,770,1083,103,47,56,2343,1011,1332,1394,556,838,296,83,213
01333,4653,2306,2347,508,262,246,2553,1376,1177,1592,668,924,183,85,98,2018,885,1133,1164,447,717,254,68,186
01334,4547,2150,2397,307,147,160,2236,1192,1044,2004,811,1193,106,43,63,2442,1039,1403,1558,612,946,363,99,264
01337,28120,12820,15300,3384,1711,1673,15672,7373,8299,9058,3733,5325,1191,572,619,11432,4845,6587,6507,2518,3989,1544,422,1122
01343,4226,2053,2173,423,214,209,2285,1145,1140,1518,694,824,159,85,74,1880,875,1005,1035,471,564,173,62,111
01345,15946,7324,8622,1795,928,867,8625,4157,4468,5526,2239,3287,597,301,296,6959,2885,4074,3949,1520,2429,927,244,683
01346,17252,8401,8851,1967,1011,956,9895,5105,4790,5369,2273,3096,768,384,384,6810,2949,3861,3862,1539,2323,998,308,690
01347,5926,2869,3057,507,241,266,3229,1735,1494,2190,893,1297,193,97,96,2690,1133,1557,1716,655,1061,423,164,259
01361,8248,3910,4338,818,430,388,4589,2357,2232,2839,1121,1718,283,139,144,3495,1440,2055,2147,807,1340,530,140,390
01362,4876,2193,2683,506,256,250,2427,1153,1274,1943,784,1159,159,87,72,2366,982,1384,1426,554,872,272,74,198
01363,4049,1918,2131,440,237,203,2050,1019,1031,1556,659,897,168,89,79,1940,850,1090,1194,481,713,292,99,193
01364,3906,1791,2115,385,190,195,1943,954,989,1578,647,931,122,61,61,1931,825,1106,1191,479,712,254,71,183
01367,2690,1372,1318,253,137,116,1442,823,619,995,412,583,104,60,44,1223,516,707,748,301,447,169,44,125
01370,5628,2680,2948,566,278,288,2965,1531,1434,2097,871,1226,221,106,115,2569,1101,1468,1600,652,948,432,129,303
01371,8473,3952,4521,749,402,347,4135,2094,2041,3589,1456,2133,237,130,107,4391,1863,2528,2794,1108,1686,746,224,522
01391,1499,734,765,118,62,56,773,424,349,608,248,360,42,23,19,727,305,422,465,173,292,85,33,52
01392,3137,1528,1609,319,167,152,1658,887,771,1160,474,686,126,62,64,1438,624,814,890,344,546,227,66,161
01393,3082,1415,1667,348,176,172,1583,812,771,1151,427,724,111,56,55,1366,526,840,941,332,609,317,88,229
01394,4843,2322,2521,506,249,257,2536,1307,1229,1801,766,1035,174,82,92,2227,991,1236,1363,563,800,355,119,236
01395,4958,2512,2446,652,356,296,2893,1518,1375,1322,583,739,297,164,133,1698,781,917,949,389,560,229,67,162
01396,2103,1037,1066,239,119,120,1165,633,532,698,284,414,90,45,45,861,370,491,526,203,323,157,44,113
01397,1907,951,956,243,126,117,1202,629,573,462,196,266,95,56,39,606,271,335,358,145,213,94,26,68
01398,2294,1171,1123,207,109,98,1204,658,546,866,391,475,74,37,37,1043,484,559,662,289,373,172,60,112
01399,3187,1553,1634,388,210,178,1645,853,792,1144,485,659,129,75,54,1392,608,784,887,364,523,253,87,166
01400,15018,7538,7480,2125,1055,1070,9097,4832,4265,3708,1580,2128,925,452,473,4705,2061,2644,2598,1056,1542,551,164,387
01401,6224,3243,2981,721,347,374,3670,2100,1570,1824,787,1037,294,136,158,2287,1020,1267,1361,553,808,289,97,192
01402,13042,6174,6868,1367,697,670,7241,3718,3523,4408,1739,2669,503,256,247,5526,2286,3240,3251,1237,2014,613,166,447
01403,1771,888,883,195,111,84,951,555,396,625,222,403,52,31,21,754,294,460,483,162,321,135,32,103
01404,1004,462,542,78,34,44,468,258,210,458,170,288,29,12,17,551,218,333,372,122,250,125,32,93
01405,2115,1004,1111,191,101,90,996,509,487,926,394,532,71,47,24,1117,475,642,703,284,419,158,63,95
01406,3188,1518,1670,253,132,121,1641,866,775,1294,520,774,104,56,48,1564,670,894,994,403,591,199,68,131
01407,3498,1625,1873,351,180,171,1847,892,955,1300,553,747,119,58,61,1620,719,901,960,385,575,224,76,148
01408,19607,9063,10544,1995,1046,949,10452,5135,5317,7130,2852,4278,694,353,341,8831,3670,5161,5221,1992,3229,1198,330,868
01409,1121,566,555,139,63,76,618,335,283,364,168,196,40,18,22,458,215,243,267,118,149,60,25,35
01423,7927,3739,4188,739,385,354,4825,2349,2476,2362,1004,1358,251,119,132,3027,1344,1683,1711,695,1016,372,114,258
01424,5674,2659,3015,516,282,234,2945,1475,1470,2212,901,1311,162,84,78,2708,1136,1572,1705,661,1044,426,130,296
01425,3479,1575,1904,258,121,137,1567,793,774,1654,661,993,93,44,49,1953,811,1142,1297,485,812,318,91,227
01427,5314,2536,2778,538,283,255,2773,1417,1356,2003,836,1167,184,101,83,2475,1084,1391,1527,617,910,351,123,228
01428,11076,5293,5783,1166,595,571,6065,3100,2965,3840,1595,2245,424,229,195,4721,2030,2691,2888,1157,1731,705,217,488
01429,12344,5740,6604,1277,622,655,6473,3204,3269,4594,1914,2680,491,224,267,5581,2365,3216,3432,1356,2076,811,254,557
01430,4577,2841,1736,268,144,124,2840,2028,812,1468,668,800,102,57,45,1829,886,943,1102,453,649,320,98,222
01431,1985,956,1029,197,105,92,1019,537,482,769,314,455,73,34,39,975,422,553,600,233,367,152,45,107
01432,6831,3096,3735,755,366,389,3443,1658,1785,2631,1070,1561,258,119,139,3176,1325,1851,2008,801,1207,496,155,341
01433,3091,1451,1640,274,145,129,1468,744,724,1349,562,787,91,45,46,1623,688,935,1013,406,607,248,79,169
01434,2513,1177,1336,227,111,116,1235,630,605,1051,436,615,105,53,52,1251,543,708,827,333,494,211,65,146
01436,2749,1323,1426,262,141,121,1445,763,682,1042,419,623,94,45,49,1253,532,721,802,306,496,225,66,159
01437,1981,938,1043,179,84,95,942,477,465,860,377,483,65,31,34,999,447,552,684,296,388,196,73,123
01438,3181,1501,1680,283,136,147,1602,827,775,1296,538,758,91,38,53,1549,659,890,983,388,595,269,84,185
01452,7018,3309,3709,1040,530,510,3852,1866,1986,2126,913,1213,274,141,133,2670,1174,1496,1525,629,896,314,91,223
01453,10233,4772,5461,1609,806,803,6007,2860,3147,2617,1106,1511,586,311,275,3321,1447,1874,1927,777,1150,469,145,324
01454,6689,3076,3613,721,355,366,3309,1602,1707,2659,1119,1540,241,110,131,3170,1360,1810,1995,789,1206,508,163,345
01455,3777,1787,1990,358,171,187,1896,953,943,1523,663,860,117,48,69,1823,813,1010,1178,495,683,277,96,181
01456,2976,1393,1583,275,149,126,1443,715,728,1258,529,729,107,66,41,1502,647,855,968,400,568,232,72,160
01457,4044,1936,2108,357,169,188,2082,1098,984,1605,669,936,114,53,61,1968,848,1120,1213,498,715,233,82,151
01458,8111,3719,4392,1057,510,547,4450,2099,2351,2603,1109,1494,370,184,186,3176,1389,1787,1883,772,1111,487,154,333
01459,10292,4826,5466,1116,541,575,5437,2690,2747,3735,1592,2143,406,199,207,4543,1977,2566,2856,1180,1676,671,224,447
01460,10826,5442,5384,1415,731,684,6141,3259,2882,3234,1420,1814,526,282,244,3993,1790,2203,2347,1008,1339,466,152,314
01461,5069,2405,2664,648,322,326,2703,1334,1369,1672,724,948,228,109,119,2060,916,1144,1253,514,739,267,92,175
01462,2555,1273,1282,288,152,136,1451,777,674,816,344,472,117,55,62,981,426,555,632,254,378,181,64,117
01463,1211,604,607,116,58,58,770,396,374,311,138,173,40,22,18,396,185,211,219,92,127,48,16,32
01464,3596,1656,1940,360,181,179,1709,865,844,1527,610,917,122,63,59,1788,735,1053,1186,456,730,334,94,240
01465,3228,1567,1661,307,164,143,1733,885,848,1188,518,670,88,46,42,1489,668,821,912,378,534,238,91,147
01468,3547,1718,1829,350,173,177,1827,969,858,1370,576,794,115,51,64,1653,706,947,1055,423,632,273,83,190
01469,4659,2287,2372,431,237,194,2495,1291,1204,1728,755,973,160,90,70,2121,939,1182,1340,561,779,336,127,209
01470,832,435,397,45,16,29,558,317,241,229,102,127,20,8,12,308,146,162,179,78,101,38,17,21
01471,1767,938,829,183,103,80,958,555,403,626,280,346,77,41,36,765,353,412,489,208,281,101,32,69
01472,1525,754,771,154,76,78,774,407,367,597,271,326,40,23,17,705,321,384,451,197,254,102,43,59
01481,4497,2024,2473,427,234,193,2179,1040,1139,1891,750,1141,150,86,64,2297,913,1384,1457,547,910,394,113,281
01482,3336,1585,1751,301,161,140,1811,919,892,1224,505,719,113,62,51,1503,636,867,957,378,579,213,72,141
01483,3265,1549,1716,333,176,157,1657,843,814,1275,530,745,117,55,62,1536,656,880,1020,415,605,241,73,168
01484,7327,3490,3837,789,408,381,3629,1882,1747,2903,1195,1708,291,143,148,3522,1489,2033,2214,891,1323,548,188,360
01485,1217,578,639,114,53,61,666,345,321,437,180,257,41,20,21,527,227,300,344,138,206,69,19,50
01486,2806,1368,1438,296,158,138,1447,760,687,1063,450,613,117,64,53,1307,573,734,836,345,491,221,79,142
01487,3243,1643,1600,364,187,177,1830,1005,825,1049,451,598,139,78,61,1351,604,747,756,310,446,194,59,135
01511,2684,1282,1402,416,187,229,1656,843,813,612,252,360,155,80,75,798,345,453,437,168,269,115,39,76
01512,3881,1871,2010,416,210,206,2218,1131,1087,1246,529,717,142,64,78,1586,691,895,897,363,534,217,65,152
01513,1757,869,888,158,82,76,918,490,428,680,296,384,55,28,27,825,364,461,516,223,293,149,38,111
01514,8437,3983,4454,990,500,490,4729,2337,2392,2717,1145,1572,310,163,147,3423,1470,1953,1983,798,1185,420,125,295
01516,4054,2037,2017,477,268,209,2352,1255,1097,1224,514,710,179,108,71,1626,729,897,912,366,546,222,61,161
01517,2773,1398,1375,269,148,121,1561,843,718,943,407,536,101,55,46,1214,552,662,708,293,415,186,66,120
01518,2303,1122,1181,217,93,124,1211,652,559,875,377,498,77,43,34,1078,485,593,676,277,399,183,69,114
01519,2787,1321,1466,340,179,161,1447,741,706,1000,401,599,123,70,53,1219,510,709,797,307,490,243,78,165
01520,2447,1279,1168,320,166,154,1478,842,636,649,271,378,143,65,78,874,395,479,461,172,289,107,32,75
01543,20296,9763,10533,2376,1228,1148,11374,5750,5624,6533,2775,3758,884,450,434,8089,3521,4568,4740,1931,2809,995,304,691
01544,5008,2427,2581,432,233,199,2483,1320,1163,2093,874,1219,178,91,87,2565,1092,1473,1593,623,970,383,120,263
01545,12231,6113,6118,1426,747,679,7139,3794,3345,3666,1572,2094,552,276,276,4721,2076,2645,2620,1070,1550,568,177,391
01546,4221,2049,2172,528,296,232,2179,1119,1060,1514,634,880,206,117,89,1834,793,1041,1152,452,700,301,84,217
01547,5085,2414,2671,599,291,308,2710,1377,1333,1773,744,1029,244,129,115,2182,950,1232,1331,537,794,317,103,214
01549,5100,2412,2688,616,296,320,2654,1321,1333,1830,795,1035,222,105,117,2250,1005,1245,1360,573,787,329,102,227
01550,3092,1424,1668,287,141,146,1496,729,767,1305,550,755,107,45,62,1554,661,893,1021,419,602,301,95,206
01552,5362,2498,2864,601,292,309,2755,1343,1412,2006,863,1143,209,113,96,2447,1067,1380,1500,630,870,379,116,263
01555,20873,10081,10792,2413,1239,1174,11111,5728,5383,7334,3105,4229,911,467,444,8899,3843,5056,5509,2282,3227,1292,436,856
01559,9231,4378,4853,965,491,474,4961,2501,2460,3305,1386,1919,313,159,154,4064,1757,2307,2525,1020,1505,647,211,436
01560,2721,1292,1429,239,127,112,1362,702,660,1120,463,657,96,51,45,1361,576,785,859,342,517,224,66,158
01561,3909,1895,2014,464,254,210,2218,1131,1087,1227,510,717,179,93,86,1526,653,873,903,361,542,185,64,121
01562,1116,542,574,119,61,58,630,345,285,367,136,231,51,26,25,443,179,264,311,111,200,104,27,77
01563,4525,2136,2389,499,258,241,2588,1303,1285,1438,575,863,189,89,100,1827,763,1064,1085,431,654,222,63,159
01564,7360,3552,3808,926,476,450,3969,2027,1942,2464,1048,1416,319,152,167,3070,1354,1716,1821,734,1087,498,170,328
01571,4291,2000,2291,442,219,223,2315,1141,1174,1534,640,894,179,88,91,1869,788,1081,1179,460,719,328,92,236
01575,2922,1370,1552,282,152,130,1402,714,688,1238,504,734,96,56,40,1478,624,854,975,382,593,311,80,231
01578,17740,8489,9251,1475,758,717,8978,4544,4434,7204,3131,4073,471,236,235,8866,3934,4932,5206,2220,2986,979,297,682
01581,4838,2482,2356,532,278,254,2592,1449,1143,1714,755,959,199,115,84,2115,979,1136,1277,533,744,321,108,213
01584,9299,4280,5019,823,431,392,4697,2254,2443,3738,1570,2168,261,135,126,4502,1949,2553,2822,1138,1684,686,221,465
01585,8148,4049,4099,887,445,442,4429,2380,2049,2814,1209,1605,323,163,160,3406,1506,1900,2074,867,1207,458,157,301
01586,8596,4211,4385,845,435,410,4609,2463,2146,3141,1312,1829,294,165,129,3933,1722,2211,2353,954,1399,558,183,375
01601,12378,6174,6204,1456,738,718,6961,3721,3240,3961,1715,2246,539,276,263,5003,2251,2752,2900,1217,1683,659,216,443
01602,5315,2630,2685,662,335,327,2949,1567,1382,1704,728,976,227,113,114,2105,925,1180,1243,505,738,269,87,182
01604,5592,2717,2875,733,361,372,3115,1629,1486,1708,698,1010,259,131,128,2149,923,1226,1268,493,775,369,99,270
01607,13075,6368,6707,1509,802,707,7670,3955,3715,3895,1610,2285,551,287,264,4962,2134,2828,2851,1126,1725,644,200,444
01608,4518,2139,2379,449,232,217,2432,1222,1210,1635,683,952,154,77,77,2092,912,1180,1198,468,730,295,80,215
01609,4906,2449,2457,687,357,330,2852,1505,1347,1367,587,780,262,132,130,1799,799,1000,979,390,589,202,73,129
01610,23231,11188,12043,2798,1445,1353,12991,6613,6378,7427,3121,4306,1132,588,544,9269,4013,5256,5491,2237,3254,1195,386,809
01631,44807,21080,23727,6645,3380,3265,26252,12586,13666,11866,5093,6773,2271,1124,1147,14937,6531,8406,8548,3516,5032,1892,598,1294
01632,6132,2939,3193,844,422,422,3494,1780,1714,1794,737,1057,300,148,152,2344,1029,1315,1331,519,812,367,108,259
01633,4765,2300,2465,543,277,266,2543,1302,1241,1676,719,957,186,94,92,2067,904,1163,1306,535,771,305,116,189
01634,5542,2718,2824,808,406,402,3167,1631,1536,1567,681,886,305,154,151,1980,887,1093,1182,488,694,299,99,200
01635,6288,3123,3165,661,354,307,3441,1809,1632,2183,957,1226,265,144,121,2679,1212,1467,1639,703,936,363,122,241
01636,9599,4683,4916,1095,571,524,5167,2659,2508,3330,1448,1882,428,234,194,4123,1841,2282,2504,1046,1458,592,204,388
01637,18484,8773,9711,2815,1412,1403,10600,5167,5433,5042,2175,2867,936,459,477,6406,2847,3559,3664,1519,2145,854,272,582
01638,3966,1932,2034,519,250,269,2359,1230,1129,1087,451,636,214,108,106,1341,573,768,802,326,476,176,58,118
01639,3185,1567,1618,431,230,201,1831,959,872,923,378,545,152,86,66,1163,505,658,722,285,437,186,64,122
01641,5738,2810,2928,702,355,347,3092,1613,1479,1943,842,1101,292,154,138,2410,1079,1331,1467,615,852,405,135,270
01642,7030,3357,3673,757,370,387,3822,1971,1851,2451,1016,1435,263,130,133,3074,1330,1744,1808,726,1082,391,115,276
01643,26760,12627,14133,3542,1792,1750,15173,7286,7887,8025,3536,4489,1269,635,634,10071,4497,5574,5748,2471,3277,1297,434,863
01644,6882,3253,3629,622,317,305,3437,1710,1727,2751,1185,1566,195,104,91,3346,1460,1886,2060,865,1195,479,173,306
01645,3182,1523,1659,317,169,148,1659,839,820,1206,515,691,95,54,41,1471,640,831,932,384,548,237,86,151
01646,7358,3615,3743,734,379,355,3821,2030,1791,2802,1206,1596,259,141,118,3466,1529,1937,2089,872,1217,474,171,303
01647,6990,3380,3610,807,425,382,3533,1824,1709,2648,1129,1519,286,155,131,3220,1418,1802,1985,821,1164,480,167,313
01648,2482,1253,1229,247,122,125,1311,740,571,923,390,533,96,49,47,1133,507,626,699,301,398,184,63,121
01649,4919,2361,2558,524,261,263,2532,1313,1219,1861,785,1076,217,110,107,2333,1019,1314,1385,565,820,332,120,212
01661,19833,9373,10460,2438,1255,1183,12442,6027,6415,4953,2091,2862,869,438,431,6667,2933,3734,3368,1344,2024,654,176,478
01662,9778,4628,5150,1102,567,535,5564,2774,2790,3105,1280,1825,399,213,186,3931,1681,2250,2340,935,1405,480,160,320
01663,6061,2954,3107,804,387,417,3516,1811,1705,1741,756,985,293,151,142,2264,1033,1231,1269,527,742,317,112,205
01664,7742,3717,4025,991,480,511,4313,2189,2124,2436,1046,1390,356,184,172,3082,1355,1727,1829,747,1082,434,159,275
01665,7758,3679,4079,807,410,397,4113,2067,2046,2838,1202,1636,285,156,129,3526,1541,1985,2108,860,1248,465,140,325
01667,2534,1234,1300,325,168,157,1381,718,663,809,338,471,84,40,44,1033,451,582,593,236,357,158,48,110
01668,8068,3752,4316,757,392,365,4329,2109,2220,2981,1250,1731,253,125,128,3745,1613,2132,2152,866,1286,370,117,253
01691,15273,7687,7586,2338,1191,1147,9177,4843,4334,3746,1646,2100,868,453,415,5004,2296,2708,2620,1100,1520,617,225,392
01692,23774,11628,12146,3563,1802,1761,14625,7330,7295,5491,2439,3052,1315,634,681,7257,3250,4007,3855,1625,2230,748,258,490
01693,5242,2565,2677,676,325,351,3064,1593,1471,1498,643,855,231,115,116,1915,850,1065,1045,424,621,204,59,145
01694,5415,2697,2718,648,335,313,3334,1761,1573,1433,601,832,233,113,120,1891,830,1061,1058,419,639,204,76,128
02201,287648,133560,154088,32528,16572,15956,168992,81505,87487,80297,32265,48032,11438,5785,5653,102070,42431,59639,56490,21307,35183,11166,3030,8136
02202,177411,81367,96044,19410,9961,9449,105062,50315,54747,51830,20483,31347,6941,3566,3375,64916,26549,38367,37446,13883,23563,8033,2106,5927
02203,231257,110493,120764,28122,14433,13689,136712,67816,68896,63614,26596,37018,10198,5238,4960,81410,35214,46196,44861,17813,27048,8164,2270,5894
02204,34284,15834,18450,3864,1964,1900,20215,9824,10391,10178,4034,6144,1362,695,667,13038,5351,7687,7240,2625,4615,1507,374,1133
02205,55181,24979,30202,6007,3023,2984,31606,14938,16668,17433,6924,10509,2046,1032,1014,21912,9006,12906,12982,4864,8118,2558,688,1870
02206,63429,30084,33345,7325,3776,3549,37028,18395,18633,18850,7826,11024,2580,1328,1252,24120,10356,13764,13296,5153,8143,2797,764,2033
02207,40196,19852,20344,5791,2980,2811,24779,12915,11864,9478,3847,5631,2258,1185,1073,12307,5278,7029,6938,2633,4305,1497,428,1069
02208,58493,28057,30436,7007,3562,3445,33885,17164,16721,17326,7165,10161,2537,1308,1229,22212,9453,12759,12292,4778,7514,2501,645,1856
02209,33316,15547,17769,3474,1780,1694,18309,9174,9135,11507,4577,6930,1112,563,549,14276,5905,8371,8710,3233,5477,2095,589,1506
02210,32106,14876,17230,3634,1850,1784,18384,9012,9372,10085,4012,6073,1277,650,627,12729,5285,7444,7412,2783,4629,1660,437,1223
02301,11142,5275,5867,1072,554,518,6123,3076,3047,3946,1644,2302,372,184,188,5075,2187,2888,2763,1030,1733,580,162,418
02303,2756,1293,1463,139,80,59,1225,640,585,1392,573,819,37,18,19,1674,715,959,1071,411,660,233,68,165
02304,2896,1368,1528,291,162,129,1500,741,759,1080,453,627,112,70,42,1351,594,757,812,320,492,185,51,134
02307,6198,2884,3314,437,244,193,2927,1505,1422,2832,1133,1699,126,69,57,3412,1390,2022,2169,806,1363,501,141,360
02321,10126,4580,5546,851,407,444,5230,2538,2692,4021,1619,2402,279,138,141,4919,2021,2898,3088,1158,1930,749,210,539
02323,8429,3876,4553,667,326,341,3986,2014,1972,3776,1536,2240,194,97,97,4535,1900,2635,2919,1155,1764,658,198,460
02343,1415,706,709,129,67,62,750,414,336,536,225,311,60,27,33,645,280,365,414,156,258,111,31,80
02361,15179,6985,8194,1808,930,878,8739,4264,4475,4628,1787,2841,640,321,319,5849,2403,3446,3446,1228,2218,772,185,587
02362,9676,4385,5291,786,403,383,5133,2500,2633,3755,1481,2274,226,124,102,4648,1911,2737,2785,1015,1770,581,159,422
02367,7783,3657,4126,890,445,445,4393,2196,2197,2491,1010,1481,334,165,169,3170,1305,1865,1844,686,1158,372,110,262
02381,13935,6347,7588,1492,751,741,7700,3708,3992,4741,1887,2854,501,258,243,5904,2432,3472,3562,1339,2223,740,200,540
02384,13392,6235,7157,1508,768,740,7492,3722,3770,4392,1745,2647,504,255,249,5515,2292,3223,3310,1247,2063,737,191,546
02387,11187,5224,5963,960,502,458,5921,2965,2956,4283,1746,2537,305,166,139,5362,2281,3081,3214,1212,2002,632,177,455
02401,13524,6248,7276,1425,701,724,7513,3711,3802,4565,1817,2748,494,244,250,5775,2383,3392,3334,1241,2093,790,208,582
02402,15709,7433,8276,1604,804,800,8419,4301,4118,5684,2327,3357,532,260,272,7177,3061,4116,4172,1580,2592,1001,271,730
02405,10423,4996,5427,1311,669,642,5790,2935,2855,3231,1340,1891,489,251,238,4159,1818,2341,2376,925,1451,559,162,397
02406,4535,2200,2335,446,229,217,2440,1320,1120,1649,651,998,139,77,62,2022,833,1189,1238,456,782,277,59,218
02408,17955,8506,9449,2008,1003,1005,9844,5036,4808,6050,2436,3614,701,355,346,7598,3202,4396,4464,1654,2810,1073,279,794
02411,10536,5816,4720,1291,633,658,6714,4039,2675,2427,1057,1370,482,247,235,3246,1505,1741,1730,696,1034,378,117,261
02412,24222,11565,12657,3438,1758,1680,14755,7231,7524,5984,2550,3434,1184,612,572,7971,3538,4433,4129,1643,2486,842,238,604
02423,5227,2650,2577,623,331,292,3007,1623,1384,1537,657,880,203,105,98,2032,910,1122,1108,446,662,228,78,150
02424,6607,3433,3174,761,391,370,3802,2146,1656,2044,896,1148,298,147,151,2640,1211,1429,1562,640,922,358,111,247
02425,1976,981,995,170,85,85,1032,550,482,774,346,428,52,31,21,982,452,530,565,243,322,106,36,70
02426,2148,1056,1092,191,90,101,1084,601,483,872,365,507,49,25,24,1099,493,606,671,258,413,171,51,120
02441,10135,4753,5382,997,506,491,5332,2697,2635,3784,1535,2249,317,147,170,4689,1947,2742,2868,1086,1782,657,186,471
02442,17433,8286,9147,1689,877,812,9541,4811,4730,6191,2589,3602,577,278,299,7793,3362,4431,4550,1756,2794,1096,301,795
02443,5554,2599,2955,516,267,249,2845,1426,1419,2192,905,1287,156,85,71,2720,1159,1561,1694,662,1032,391,118,273
02445,18312,8524,9788,1869,919,950,9882,4919,4963,6557,2682,3875,587,279,308,8188,3470,4718,4893,1846,3047,1262,351,911
02446,14025,6984,7041,1471,761,710,8599,4480,4119,3802,1642,2160,488,254,234,5059,2273,2786,2709,1061,1648,600,170,430
02450,2509,1200,1309,206,97,109,1177,629,548,1126,474,652,66,30,36,1377,612,765,888,350,538,229,69,160
03201,297631,141089,156542,36828,18677,18151,182979,89600,93379,73729,30403,43326,13783,6916,6867,93856,40043,53813,52743,20618,32125,11285,3310,7975
03202,56676,27868,28808,6060,3113,2947,31218,16535,14683,19167,8052,11115,2164,1131,1033,23757,10352,13405,14243,5590,8653,3160,929,2231
03203,38058,18581,19477,4014,2078,1936,20921,10918,10003,12906,5404,7502,1464,773,691,15978,6935,9043,9736,3818,5918,2153,603,1550
03205,97702,46260,51442,11622,5965,5657,54618,27518,27100,31259,12658,18601,4046,2053,1993,38764,16373,22391,23365,8927,14438,5450,1507,3943
03206,93511,46250,47261,12780,6592,6188,56581,29486,27095,23546,9747,13799,4687,2441,2246,30236,13049,17187,17060,6638,10422,3820,1095,2725
03207,35642,17027,18615,4505,2374,2131,20544,10237,10307,10527,4365,6162,1647,871,776,13336,5733,7603,7852,3039,4813,1763,485,1278
03208,28062,13526,14536,3000,1585,1415,14533,7576,6957,10471,4321,6150,1079,550,529,12794,5511,7283,8072,3087,4985,2002,613,1389
03209,121583,58804,62779,13750,7023,6727,67024,34578,32446,40468,16975,23493,4723,2454,2269,50849,22268,28581,30660,11972,18688,8004,2369,5635
03210,19758,9736,10022,1951,991,960,10472,5584,4888,7230,3064,4166,617,314,303,8861,3889,4972,5532,2213,3319,1346,383,963
03211,36802,18105,18697,3649,1808,1841,19994,10879,9115,13044,5329,7715,1349,651,698,16268,7027,9241,9970,3853,6117,2095,585,1510
03213,27611,12949,14662,3131,1580,1551,15264,7619,7645,9171,3720,5451,1101,567,534,11509,4857,6652,6938,2650,4288,1648,448,1200
03214,26355,12621,13734,2553,1325,1228,14267,7261,7006,9528,4030,5498,877,438,439,12092,5328,6764,7309,2849,4460,1803,564,1239
03215,119422,57377,62045,14400,7368,7032,66315,33939,32376,38526,15955,22571,5142,2584,2558,47941,20734,27207,28962,11239,17723,6997,2049,4948
03216,55463,27095,28368,7970,4065,3905,35312,17628,17684,11858,5216,6642,2959,1465,1494,15972,7199,8773,7802,3297,4505,1510,401,1109
03301,16981,8087,8894,1815,915,900,9467,4756,4711,5691,2412,3279,627,313,314,7217,3174,4043,4162,1639,2523,936,255,681
03302,6344,3026,3318,509,250,259,3136,1664,1472,2697,1111,1586,186,93,93,3359,1453,1906,2080,793,1287,487,141,346
03303,13692,6626,7066,1389,714,675,7466,3916,3550,4832,1991,2841,449,220,229,6063,2639,3424,3700,1405,2295,915,278,637
03321,32614,15482,17132,4141,2109,2032,18866,9308,9558,9159,3829,5330,1392,712,680,11707,5042,6665,6466,2528,3938,1308,387,921
03322,27678,13155,14523,3620,1783,1837,17453,8575,8878,6527,2765,3762,1281,648,633,8562,3780,4782,4483,1752,2731,1059,288,771
03366,5880,2734,3146,459,242,217,2661,1412,1249,2760,1080,1680,151,89,62,3299,1362,1937,2245,820,1425,647,188,459
03381,15895,8067,7828,2030,1088,942,9362,5075,4287,4500,1902,2598,709,390,319,5712,2530,3182,3412,1353,2059,845,244,601
03402,7868,3762,4106,898,461,437,4222,2171,2051,2746,1129,1617,324,175,149,3465,1490,1975,2039,782,1257,516,139,377
03441,5720,2764,2956,482,236,246,2871,1543,1328,2365,984,1381,157,77,80,2857,1249,1608,1886,741,1145,536,170,366
03461,11759,5778,5981,1193,619,574,6555,3487,3068,4009,1671,2338,444,232,212,5062,2253,2809,2943,1145,1798,579,170,409
03482,15826,7732,8094,1655,849,806,8568,4500,4068,5603,2383,3220,562,271,291,6935,3061,3874,4075,1619,2456,799,231,568
03483,9841,4788,5053,946,491,455,4891,2586,2305,4004,1711,2293,332,169,163,4886,2167,2719,3123,1254,1869,693,211,482
03484,3466,1719,1747,385,188,197,1789,974,815,1292,557,735,137,69,68,1633,752,881,970,399,571,257,84,173
03485,2795,1379,1416,275,148,127,1478,797,681,1042,434,608,94,55,39,1301,560,741,798,311,487,207,55,152
03501,9333,4489,4844,931,466,465,5004,2623,2381,3398,1400,1998,310,155,155,4295,1865,2430,2625,989,1636,619,186,433
03503,4149,1962,2187,434,229,205,2261,1144,1117,1452,587,865,157,80,77,1801,770,1031,1103,419,684,260,82,178
03506,5865,2804,3061,625,331,294,2962,1533,1429,2278,940,1338,208,115,93,2875,1254,1621,1748,669,1079,415,124,291
03507,16693,7796,8897,1781,904,877,8953,4409,4544,5959,2483,3476,598,297,301,7498,3222,4276,4494,1742,2752,1009,294,715
03524,12919,6146,6773,1211,655,556,6879,3534,3345,4829,1957,2872,414,223,191,6106,2634,3472,3736,1404,2332,943,274,669
04100,1082159,527170,554989,129309,66120,63189,674873,335549,339324,234360,101434,132926,51051,25932,25119,302329,134184,168145,163823,67782,96041,31750,9871,21879
04101,310183,150535,159648,34108,17507,16601,201756,100460,101296,66000,27716,38284,13363,6803,6560,84731,36715,48016,46712,18658,28054,9815,2975,6840
04102,194825,95651,99174,24068,12298,11770,119324,59842,59482,38249,16437,21812,10304,5234,5070,49515,21877,27638,26789,10894,15895,4933,1542,3391
04103,133498,66926,66572,15378,7750,7628,82670,42226,40444,28215,12452,15763,6279,3193,3086,36571,16634,19937,19667,8210,11457,3680,1157,2523
04104,226855,109310,117545,28991,14865,14126,140306,69307,70999,52659,22751,29908,11309,5700,5609,67345,29843,37502,37315,15498,21817,7500,2353,5147
04105,216798,104748,112050,26764,13700,13064,130817,63714,67103,49237,22078,27159,9796,5002,4794,64167,29115,35052,33340,14522,18818,5822,1844,3978
04202,147214,71826,75388,16911,8709,8202,85018,43657,41361,44248,18852,25396,6052,3172,2880,55731,24571,31160,32431,13034,19397,7068,2059,5009
04203,54187,25762,28425,5775,2942,2833,31268,15518,15750,16872,7146,9726,2020,1016,1004,21216,9289,11927,12253,4992,7261,2478,791,1687
04205,64988,31772,33216,6579,3409,3170,35264,18279,16985,22709,9767,12942,2174,1127,1047,28038,12441,15597,16705,6771,9934,3564,1023,2541
04206,35272,17118,18154,3872,2016,1856,20006,10174,9832,11200,4799,6401,1290,658,632,14189,6303,7886,8254,3320,4934,2108,647,1461
04207,76668,37577,39091,11966,6041,5925,48392,24199,24193,15895,7054,8841,4751,2412,2339,20975,9609,11366,11203,4702,6501,2150,632,1518
04208,30180,14844,15336,3516,1804,1712,17099,8824,8275,9483,4169,5314,1171,589,582,12119,5492,6627,6881,2817,4064,1870,570,1300
04209,62096,31050,31046,8769,4517,4252,39634,20526,19108,13691,6005,7686,3496,1824,1672,17854,8042,9812,9451,3969,5482,1682,534,1148
04211,44678,22118,22560,6445,3387,3058,27590,14064,13526,10410,4512,5898,2363,1271,1092,13732,6176,7556,7196,2987,4209,1522,470,1052
04212,81959,39837,42122,9726,5016,4710,46668,24064,22604,25315,10617,14698,3469,1728,1741,32898,14445,18453,18930,7269,11661,4984,1431,3553
04213,69906,33649,36257,7255,3752,3503,36888,19024,17864,25064,10469,14595,2535,1294,1241,31760,13848,17912,19138,7402,11736,5231,1585,3646
04214,39503,19408,20095,5366,2726,2640,23680,12090,11590,10328,4524,5804,1941,948,993,13425,6099,7326,7254,3037,4217,1492,446,1046
04215,133391,65120,68271,17120,8634,8486,79834,41028,38806,35915,15119,20796,6287,3185,3102,46636,20526,26110,26119,10184,15935,6260,1860,4400
04216,51591,25171,26420,9625,4872,4753,32749,16013,16736,9088,4200,4888,3311,1705,1606,12515,5878,6637,5813,2600,3213,973,290,683
04301,12316,6001,6315,1400,717,683,6820,3468,3352,4093,1813,2280,498,257,241,5229,2384,2845,3007,1232,1775,823,259,564
04302,1461,722,739,100,47,53,687,384,303,674,291,383,24,13,11,784,349,435,561,238,323,202,78,124
04321,23798,11642,12156,3284,1689,1595,14419,7234,7185,5969,2633,3336,1245,659,586,7646,3468,4178,4282,1824,2458,952,304,648
04322,11501,5721,5780,1260,630,630,6689,3495,3194,3527,1577,1950,455,217,238,4569,2116,2453,2597,1082,1515,707,232,475
04323,39525,19942,19583,4803,2427,2376,24410,12803,11607,10201,4621,5580,1769,875,894,13238,6089,7149,6960,3044,3916,1402,419,983
04324,9167,4508,4659,898,476,422,5185,2698,2487,3083,1333,1750,302,168,134,3996,1826,2170,2240,880,1360,666,184,482
04341,13972,6877,7095,1364,706,658,7368,3869,3499,5228,2290,2938,441,234,207,6576,2999,3577,4022,1652,2370,1207,402,805
04361,33589,16362,17227,4224,2133,2091,19906,10008,9898,9361,4162,5199,1471,743,728,12138,5566,6572,6441,2725,3716,1446,445,1001
04362,12315,6168,6147,1141,589,552,6653,3534,3119,4509,2036,2473,342,186,156,5669,2626,3043,3199,1364,1835,797,218,579
04401,14421,6968,7453,1375,755,620,7957,4006,3951,5083,2201,2882,474,274,200,6294,2772,3522,3784,1544,2240,855,274,581
04404,18652,9248,9404,2263,1173,1090,11420,5836,5584,4969,2239,2730,664,346,318,6557,3072,3485,3460,1461,1999,558,166,392
04406,35835,17400,18435,5528,2874,2654,22740,11149,11591,7258,3224,4034,1984,1036,948,9943,4575,5368,4874,2026,2848,1022,281,741
04421,28244,14552,13692,4274,2237,2037,17602,9407,8195,5952,2642,3310,1821,947,874,7852,3646,4206,4341,1797,2544,1096,325,771
04422,8370,4068,4302,962,529,433,4670,2389,2281,2738,1150,1588,361,203,158,3599,1597,2002,2026,784,1242,598,179,419
04424,5703,2859,2844,807,425,382,3225,1688,1537,1489,645,844,319,164,155,1969,888,1081,1079,436,643,294,86,208
04444,7238,3489,3749,927,468,459,4132,2131,2001,2179,890,1289,314,162,152,2833,1224,1609,1609,585,1024,472,123,349
04445,23743,11580,12163,2696,1368,1328,13200,6879,6321,7837,3327,4510,927,457,470,10017,4467,5550,5844,2319,3525,1499,456,1043
04501,16701,8093,8608,1814,926,888,9526,4916,4610,5358,2249,3109,617,318,299,6983,3063,3920,3877,1496,2381,888,222,666
04505,24852,11981,12871,2820,1459,1361,14142,7212,6930,7890,3310,4580,988,514,474,10114,4393,5721,5751,2237,3514,1436,403,1033
04581,6334,3459,2875,554,280,274,3653,2240,1413,2126,938,1188,187,88,99,2620,1210,1410,1564,639,925,328,89,239
04606,12370,6105,6265,1275,638,637,6955,3639,3316,4138,1828,2310,393,190,203,5214,2385,2829,3094,1226,1868,874,246,628
05201,315814,148851,166963,34916,17683,17233,186207,90840,95367,88713,36905,51808,12723,6469,6254,113027,48591,64436,63156,24841,38315,13844,4026,9818
05202,54730,25170,29560,5058,2611,2447,28184,13976,14208,20248,7990,12258,1587,811,776,24856,10174,14682,15167,5602,9565,3507,953,2554
05203,92197,43274,48923,9805,5020,4785,49769,24825,24944,32319,13239,19080,3405,1727,1678,40579,17233,23346,24408,9404,15004,6349,1780,4569
05204,74175,34633,39542,7647,3986,3661,39755,19920,19835,26549,10607,15942,2623,1384,1239,32690,13557,19133,19934,7444,12490,4644,1291,3353
05206,28375,13301,15074,2206,1116,1090,14492,7347,7145,11664,4832,6832,729,361,368,14441,6213,8228,8605,3320,5285,2001,571,1430
05207,46613,22132,24481,4507,2394,2113,25403,12873,12530,16650,6831,9819,1526,819,707,20878,8931,11947,12763,4972,7791,3211,1000,2211
05209,32038,14939,17099,3439,1727,1712,16752,8565,8187,11793,4618,7175,1205,588,617,14478,5918,8560,8929,3193,5736,2117,543,1574
05210,79927,38162,41765,8551,4362,4189,44556,22824,21732,26427,10770,15657,2996,1548,1448,33455,14214,19241,19516,7308,12208,4928,1377,3551
05211,33083,15547,17536,3720,1950,1770,18997,9333,9664,10340,4246,6094,1250,643,607,13155,5614,7541,7346,2823,4523,1663,409,1254
05212,82783,38563,44220,8725,4484,4241,45364,22525,22839,28659,11530,17129,3130,1615,1515,35999,15081,20918,21541,8028,13513,5186,1428,3758
05213,33224,15478,17746,2932,1470,1462,16723,8561,8162,13457,5387,8070,982,504,478,16470,6853,9617,10313,3871,6442,2544,711,1833
05214,25324,11981,13343,2805,1413,1392,13790,6971,6819,8706,3578,5128,923,447,476,10943,4656,6287,6383,2433,3950,1440,398,1042
05215,27523,12758,14765,2740,1353,1387,14187,7095,7092,10563,4286,6277,907,449,458,13016,5467,7549,7871,2977,4894,1961,536,1425
05303,5339,2489,2850,477,240,237,2631,1371,1260,2225,874,1351,141,65,76,2660,1101,1559,1695,613,1082,361,95,266
05327,2381,1113,1268,141,71,70,1081,597,484,1159,445,714,47,25,22,1386,573,813,947,349,598,293,87,206
05346,3359,1602,1757,269,130,139,1625,860,765,1465,612,853,88,46,42,1803,788,1015,1125,443,682,269,88,181
05348,17078,7824,9254,1453,708,745,8857,4435,4422,6766,2680,4086,479,223,256,8397,3497,4900,5105,1850,3255,1239,294,945
05349,7309,3429,3880,590,300,290,3673,1914,1759,3046,1215,1831,167,92,75,3708,1548,2160,2271,837,1434,552,157,395
05361,9463,4392,5071,756,380,376,4752,2390,2362,3953,1620,2333,263,130,133,4827,2054,2773,2978,1128,1850,694,203,491
05363,6080,2787,3293,566,268,298,3222,1608,1614,2266,896,1370,179,91,88,2866,1185,1681,1683,600,1083,419,94,325
05366,4986,2332,2654,461,233,228,2649,1349,1300,1875,749,1126,128,74,54,2357,1000,1357,1399,521,878,360,97,263
05368,3110,1536,1574,429,229,200,1719,884,835,961,422,539,142,75,67,1120,497,623,704,317,387,122,38,84
05434,20279,9486,10793,2094,1075,1019,11024,5553,5471,7161,2858,4303,676,348,328,8988,3765,5223,5415,2004,3411,1446,384,1062
05463,15319,7318,8001,1489,779,710,8432,4273,4159,5384,2255,3129,519,275,244,6850,2979,3871,4127,1591,2536,1118,357,761
05464,2610,1239,1371,265,155,110,1393,704,689,952,380,572,81,56,25,1207,506,701,744,270,474,213,53,160
06201,253832,121575,132257,31869,16314,15555,151271,74470,76801,68745,29600,39145,12058,6164,5894,86150,38121,48029,50354,20605,29749,12280,3689,8591
06202,85953,42100,43853,10561,5343,5218,50637,26366,24271,24322,10065,14257,3760,1861,1899,30539,13139,17400,18195,6953,11242,4644,1185,3459
06203,129652,61761,67891,15347,7834,7513,72430,36797,35633,41303,16794,24509,5478,2736,2742,51758,22060,29698,30939,11699,19240,7629,2089,5540
06204,106244,50293,55951,12168,6129,6039,59168,29833,29335,34518,14137,20381,4252,2200,2052,43284,18481,24803,25332,9653,15679,6119,1719,4400
06205,36894,17535,19359,4659,2340,2319,21136,10510,10626,11034,4644,6390,1622,783,839,13900,6014,7886,8183,3226,4957,1955,581,1374
06206,41256,19951,21305,5409,2832,2577,23570,11776,11794,12226,5306,6920,1991,1056,935,15402,6865,8537,9134,3703,5431,2425,724,1701
06207,31569,14951,16618,3224,1651,1573,17162,8563,8599,11118,4700,6418,1086,537,549,13879,6066,7813,8260,3247,5013,2154,614,1540
06208,24684,11845,12839,2675,1361,1314,13374,6753,6621,8628,3726,4902,881,444,437,10828,4866,5962,6606,2648,3958,1818,564,1254
06209,27757,13360,14397,3311,1669,1642,15285,7814,7471,9119,3845,5274,1204,602,602,11386,4983,6403,6951,2774,4177,1812,525,1287
06210,62194,30197,31997,8195,4267,3928,36602,18230,18372,17146,7534,9612,3102,1628,1474,21822,9855,11967,12347,5155,7192,2914,879,2035
06211,47768,23696,24072,6809,3433,3376,28470,14861,13609,12482,5397,7085,2630,1328,1302,15811,7037,8774,9390,3804,5586,2379,726,1653
06212,16953,8178,8775,1846,963,883,8877,4575,4302,6229,2639,3590,610,311,299,7806,3466,4340,4763,1866,2897,1343,406,937
06213,32285,15421,16864,3911,1994,1917,18290,9179,9111,10031,4213,5818,1411,712,699,12610,5494,7116,7474,2938,4536,1922,523,1399
06301,14369,6877,7492,1703,876,827,7818,3864,3954,4381,1913,2468,556,292,264,5580,2511,3069,3246,1350,1896,882,253,629
06302,11363,5494,5869,1293,659,634,6500,3230,3270,3570,1605,1965,415,205,210,4578,2072,2506,2631,1108,1523,669,224,445
06321,18952,9152,9800,2234,1159,1075,10350,5209,5141,6359,2780,3579,766,395,371,7945,3591,4354,4729,1946,2783,1286,398,888
06322,5636,2688,2948,550,274,276,2829,1427,1402,2257,987,1270,161,77,84,2797,1257,1540,1753,709,1044,503,152,351
06323,7119,3504,3615,695,366,329,3618,1902,1716,2806,1236,1570,220,115,105,3457,1589,1868,2197,921,1276,663,207,456
06324,8472,4173,4299,912,473,439,4520,2360,2160,3040,1340,1700,313,170,143,3771,1734,2037,2283,921,1362,668,202,466
06341,7357,3610,3747,814,422,392,3985,2063,1922,2557,1125,1432,259,138,121,3270,1490,1780,1897,757,1140,546,166,380
06361,5829,2820,3009,704,368,336,3249,1667,1582,1876,785,1091,238,123,115,2389,1053,1336,1404,531,873,409,124,285
06362,8902,4299,4603,988,511,477,4831,2481,2350,3083,1307,1776,341,177,164,4027,1795,2232,2368,925,1443,668,202,466
06363,5631,2728,2903,596,331,265,2985,1538,1447,2050,859,1191,204,115,89,2610,1151,1459,1588,600,988,499,150,349
06364,8137,3821,4316,842,412,430,4301,2167,2134,2993,1241,1752,287,144,143,3788,1638,2150,2301,879,1422,619,174,445
06365,3412,1663,1749,415,228,187,1825,931,894,1172,504,668,161,81,80,1497,668,829,907,355,552,247,67,180
06366,4317,2085,2232,442,230,212,2336,1200,1136,1539,655,884,159,82,77,1959,870,1089,1140,448,692,311,95,216
06367,4773,2279,2494,455,225,230,2636,1348,1288,1682,706,976,148,72,76,2156,956,1200,1287,490,797,352,98,254
06381,23882,11548,12334,3101,1566,1535,13579,6887,6692,7187,3085,4102,1121,574,547,9188,4092,5096,5308,2091,3217,1442,401,1041
06382,15751,7646,8105,1749,872,877,8663,4543,4120,5339,2231,3108,604,288,316,6834,3010,3824,4014,1510,2504,1133,319,814
06401,7868,3863,4005,866,449,417,4106,2169,1937,2896,1245,1651,311,160,151,3573,1593,1980,2248,906,1342,543,160,383
06402,14175,6926,7249,1651,883,768,7620,3865,3755,4882,2164,2718,570,319,251,6197,2835,3362,3663,1510,2153,1081,334,747
06403,7304,3527,3777,840,428,412,3929,2040,1889,2535,1059,1476,311,166,145,3209,1409,1800,1947,736,1211,589,158,431
06426,7728,3715,4013,1008,530,478,4124,2107,2017,2555,1058,1497,382,197,185,3178,1387,1791,1926,735,1191,612,185,427
06428,21666,10255,11411,2518,1269,1249,11742,5946,5796,7404,3039,4365,845,443,402,9240,3954,5286,5554,2121,3433,1405,419,986
06461,14207,6690,7517,1400,692,708,7518,3867,3651,5289,2131,3158,459,228,231,6687,2850,3837,3935,1459,2476,1041,272,769
07201,294247,144690,149557,34412,17753,16659,175079,89195,85884,80252,35010,45242,12373,6362,6011,102147,45930,56217,57853,24001,33852,12725,4021,8704
07202,124062,59200,64862,15681,8014,7667,72042,35992,36050,34914,14360,20554,5641,2887,2754,44299,18948,25351,25695,9847,15848,6006,1706,4300
07203,335444,167096,168348,41865,21467,20398,204785,104575,100210,81853,36340,45513,15596,8042,7554,105878,48232,57646,57716,24266,33450,12302,3636,8666
07204,350237,172829,177408,42404,21642,20762,204962,106107,98855,98323,42064,56259,15212,7824,7388,125853,56024,69829,71146,28616,42530,15660,4573,11087
07205,61913,30662,31251,8071,4160,3911,37135,19191,17944,16151,6979,9172,2885,1455,1430,21066,9468,11598,11633,4707,6926,2761,814,1947
07207,77441,38032,39409,10476,5358,5118,46938,23956,22982,19590,8411,11179,3621,1834,1787,25748,11521,14227,13839,5536,8303,3306,915,2391
07208,49377,23301,26076,5619,2843,2776,25951,13212,12739,16674,6666,10008,1981,983,998,20651,8718,11933,12833,4689,8144,3794,968,2826
07209,38556,19603,18953,4893,2513,2380,22428,12039,10389,10736,4696,6040,1859,985,874,13839,6301,7538,7675,3090,4585,1806,528,1278
07210,58162,28716,29446,6570,3387,3183,33974,17653,16321,17526,7608,9918,2237,1157,1080,22786,10356,12430,12863,5095,7768,3331,947,2384
07211,38503,19189,19314,4279,2175,2104,22033,11640,10393,11907,5148,6759,1488,744,744,15253,6970,8283,9173,3635,5538,2420,737,1683
07212,57797,31175,26622,4885,2496,2389,33379,19596,13783,18452,8217,10235,1623,814,809,24178,11431,12747,13129,5338,7791,3077,954,2123
07213,62400,30541,31859,6712,3390,3322,35350,18143,17207,20234,8944,11290,2129,1100,1029,25590,11667,13923,14939,6210,8729,3749,1167,2582
07214,30924,15224,15700,4160,2184,1976,18654,9533,9121,8104,3504,4600,1453,778,675,10492,4712,5780,5892,2360,3532,1458,436,1022
07301,12271,5829,6442,1353,678,675,6640,3298,3342,4269,1846,2423,448,228,220,5275,2329,2946,3165,1291,1874,810,252,558
07303,9512,4594,4918,953,472,481,5117,2617,2500,3425,1495,1930,279,155,124,4314,1953,2361,2483,1008,1475,593,175,418
07308,14452,7291,7161,1327,665,662,7819,4284,3535,5249,2298,2951,373,171,202,6643,3060,3583,3908,1549,2359,1095,300,795
07322,8679,4309,4370,1202,638,564,5205,2676,2529,2216,962,1254,460,244,216,2963,1353,1610,1570,600,970,446,132,314
07342,12486,6092,6394,1809,934,875,7537,3847,3690,3140,1311,1829,646,338,308,4114,1790,2324,2222,868,1354,491,123,368
07344,5611,2783,2828,651,343,308,3272,1720,1552,1684,717,967,210,114,96,2261,1018,1243,1224,456,768,314,86,228
07362,5800,2799,3001,597,298,299,2875,1501,1374,2328,1000,1328,194,87,107,2858,1290,1568,1857,740,1117,539,143,396
07364,615,315,300,75,44,31,339,182,157,201,89,112,34,21,13,245,114,131,170,71,99,47,17,30
07367,4470,2176,2294,426,220,206,2067,1115,952,1977,841,1136,127,75,52,2322,1018,1304,1577,647,930,440,133,307
07368,16264,7949,8315,1729,892,837,8341,4405,3936,6181,2640,3541,581,272,309,7541,3318,4223,4907,1971,2936,1337,417,920
07402,2831,1434,1397,324,179,145,1608,859,749,899,396,503,90,46,44,1204,557,647,656,253,403,197,56,141
07405,6582,3148,3434,567,277,290,3143,1680,1463,2872,1191,1681,189,107,82,3473,1511,1962,2294,861,1433,647,169,478
07407,3579,1717,1862,460,240,220,1911,991,920,1208,486,722,175,94,81,1546,659,887,915,326,589,278,67,211
07408,15037,7188,7849,1781,922,859,8110,4156,3954,5109,2092,3017,645,345,300,6464,2786,3678,3891,1456,2435,1132,304,828
07421,16303,7788,8515,1944,997,947,9120,4629,4491,5210,2142,3068,662,347,315,6686,2892,3794,3946,1459,2487,1126,306,820
07422,3206,1516,1690,447,248,199,1771,858,913,988,410,578,151,85,66,1291,558,733,739,283,456,228,74,154
07423,3536,1719,1817,370,195,175,1707,903,804,1459,621,838,141,75,66,1755,767,988,1136,442,694,334,96,238
07444,1668,800,868,119,67,52,705,391,314,844,342,502,44,28,16,993,424,569,659,247,412,229,66,163
07445,2189,1036,1153,103,53,50,827,450,377,1259,533,726,26,12,14,1445,632,813,1047,413,634,344,102,242
07446,1322,633,689,85,47,38,512,279,233,725,307,418,34,19,15,846,374,472,608,243,365,212,67,145
07447,20913,9942,10971,2253,1162,1091,11347,5803,5544,7313,2977,4336,758,391,367,9313,3995,5318,5595,2086,3509,1597,403,1194
07461,20322,10284,10038,2868,1462,1406,12621,6595,6026,4487,2001,2486,1085,553,532,6116,2843,3273,3074,1264,1810,692,208,484
07464,6495,3163,3332,907,445,462,3818,1953,1865,1768,763,1005,318,156,162,2350,1069,1281,1282,515,767,329,99,230
07465,5001,2456,2545,674,330,344,3012,1566,1446,1315,560,755,242,114,128,1727,784,943,983,386,597,274,79,195
07466,17370,8731,8639,2228,1150,1078,10146,5378,4768,4948,2163,2785,838,429,409,6355,2886,3469,3487,1434,2053,773,226,547
07481,14295,7053,7242,1939,966,973,8259,4338,3921,4038,1713,2325,696,334,362,5179,2307,2872,3000,1184,1816,770,219,551
07482,5950,2913,3037,664,329,335,3196,1682,1514,2090,902,1188,268,133,135,2619,1179,1440,1618,656,962,473,145,328
07483,9157,4499,4658,1022,549,473,5027,2592,2435,3105,1356,1749,369,209,160,3945,1794,2151,2434,987,1447,695,221,474
07484,3577,1788,1789,434,211,223,1925,1032,893,1218,545,673,147,65,82,1578,735,843,959,399,560,288,102,186
07501,15880,7792,8088,1741,895,846,8919,4638,4281,5206,2247,2959,573,302,271,6643,2997,3646,3847,1516,2331,992,280,712
07502,6777,3374,3403,894,456,438,4049,2095,1954,1819,812,1007,278,144,134,2431,1114,1317,1322,542,780,359,107,252
07503,6505,3197,3308,752,382,370,3822,2037,1785,1930,778,1152,270,147,123,2535,1087,1448,1489,527,962,442,103,339
07504,6577,3308,3269,885,483,402,3752,1977,1775,1940,848,1092,297,158,139,2498,1143,1355,1450,588,862,368,98,270
07505,5373,2610,2763,629,301,328,2948,1573,1375,1796,736,1060,220,103,117,2325,1027,1298,1420,547,873,420,117,303
07521,18304,9089,9215,2016,1047,969,10557,5468,5089,5620,2472,3148,716,369,347,7255,3333,3922,4058,1658,2400,991,307,684
07522,10475,5115,5360,1203,599,604,5991,3115,2876,3246,1376,1870,409,205,204,4183,1866,2317,2509,986,1523,682,205,477
07541,4319,2750,1569,256,130,126,2930,2109,821,1131,509,622,94,51,43,1545,759,786,779,310,469,194,38,156
07542,975,846,129,3,1,2,741,690,51,185,109,76,0,0,0,313,223,90,113,57,56,16,6,10
07543,0,0,0,0,0,0,0,0,0,0,0,0,0,0,0,0,0,0,0,0,0,0,0,0
07544,2021,1222,799,74,40,34,1181,828,353,765,353,412,27,13,14,1026,513,513,579,245,334,145,55,90
07545,0,0,0,0,0,0,0,0,0,0,0,0,0,0,0,0,0,0,0,0,0,0,0,0
07546,0,0,0,0,0,0,0,0,0,0,0,0,0,0,0,0,0,0,0,0,0,0,0,0
07547,0,0,0,0,0,0,0,0,0,0,0,0,0,0,0,0,0,0,0,0,0,0,0,0
07548,18,12,6,0,0,0,9,6,3,9,6,3,0,0,0,11,7,4,4,2,2,2,1,1
07561,8218,4135,4083,1096,592,504,4603,2406,2197,2455,1089,1366,392,207,185,3129,1438,1691,1749,737,1012,509,151,358
07564,41,7,34,0,0,0,0,0,0,41,7,34,0,0,0,41,7,34,41,7,34,30,3,27
08201,270783,132799,137984,34839,17993,16846,163039,81976,81063,66236,28675,37561,13470,6883,6587,83423,37084,46339,47716,19808,27908,10097,3088,7009
08202,185054,92595,92459,21621,11090,10531,108148,56828,51320,53977,24132,29845,7291,3728,3563,66820,30538,36282,39705,17513,22192,6870,2102,4768
08203,140804,70101,70703,17312,8991,8321,85252,43986,41266,37562,16660,20902,6400,3334,3066,47236,21401,25835,26328,11255,15073,5032,1530,3502
08204,140946,70354,70592,17562,8995,8567,87054,44858,42196,35974,16313,19661,6392,3271,3121,46838,21715,25123,24650,10687,13963,4426,1394,3032
08205,76020,37530,38490,8622,4465,4157,44542,22803,21739,22330,9955,12375,2975,1538,1437,28393,13068,15325,16140,6876,9264,3563,1080,2483
08207,51594,25689,25905,6626,3371,3255,30618,15842,14776,14127,6344,7783,2410,1229,1181,18220,8371,9849,9888,4264,5624,2128,658,1470
08208,78342,38959,39383,9590,4852,4738,48335,24638,23697,19113,8765,10348,3335,1687,1648,25041,11678,13363,12654,5526,7128,2099,640,1459
08210,43293,21603,21690,5719,2962,2757,26540,13726,12814,11018,4901,6117,2075,1108,967,14388,6621,7767,7715,3202,4513,1861,500,1361
08211,61483,30692,30791,7633,3908,3725,36451,18929,17522,16860,7525,9335,2602,1338,1264,21693,9896,11797,11777,4960,6817,2694,782,1912
08212,52294,25382,26912,4975,2593,2382,29533,14837,14696,17745,7930,9815,1570,825,745,22498,10434,12064,13304,5609,7695,3523,1097,2426
08214,29638,14598,15040,3329,1680,1649,17197,8782,8415,9061,4099,4962,1153,559,594,11730,5409,6321,6435,2783,3652,1402,391,1011
08215,44412,22003,22409,4924,2555,2369,25811,13242,12569,13183,5910,7273,1688,875,813,17183,7970,9213,9421,3968,5453,2195,673,1522
08216,76739,37510,39229,9251,4793,4458,45466,22889,22577,21713,9659,12054,3331,1711,1620,27918,12662,15256,15335,6474,8861,3398,1027,2371
08217,106570,52489,54081,11555,5945,5610,61423,31015,30408,33380,15384,17996,4156,2147,2009,41483,19137,22346,22792,10386,12406,3246,992,2254
08219,84317,41672,42645,11355,5709,5646,50287,25263,25024,21846,10204,11642,4318,2149,2169,27523,12862,14661,14349,6673,7676,2245,716,1529
08220,226963,114774,112189,31448,16254,15194,139739,72087,67652,40999,18530,22469,12551,6429,6122,53096,24445,28651,27904,11970,15934,6072,1710,4362
08221,155689,78270,77419,22079,11157,10922,96086,49962,46124,37127,16871,20256,8065,4119,3946,46777,21612,25165,26241,11793,14448,4424,1453,2971
08222,67879,35089,32790,8719,4387,4332,40017,21599,18418,18708,8773,9935,3388,1705,1683,24105,11555,12550,12559,5705,6854,1972,560,1412
08223,29111,14415,14696,3341,1687,1654,17331,8859,8472,8253,3742,4511,1199,601,598,10685,4940,5745,5711,2439,3272,1105,297,808
08224,64753,32742,32011,10243,5318,4925,41528,21043,20485,12651,6124,6527,3958,2066,1892,17328,8353,8975,7754,3609,4145,1295,385,910
08225,42587,20953,21634,4483,2318,2165,23685,12158,11527,14005,6246,7759,1518,773,745,17713,8151,9562,10571,4432,6139,3045,1000,2045
08226,54276,26422,27854,6779,3493,3286,31580,15782,15798,15693,7040,8653,2398,1228,1170,20023,9202,10821,11181,4784,6397,2472,738,1734
08227,104573,51663,52910,12759,6475,6284,62316,32096,30220,29178,12847,16331,4508,2250,2258,37895,17207,20688,20297,8469,11828,4568,1336,3232
08228,54087,27298,26789,6839,3435,3404,32517,17104,15413,14359,6519,7840,2341,1172,1169,18845,8825,10020,9744,4175,5569,2163,642,1521
08229,42810,21218,21592,4253,2157,2096,24920,13046,11874,13552,5943,7609,1372,712,660,17477,7986,9491,9582,3910,5672,2257,674,1583
08230,42147,21331,20816,5172,2697,2475,25216,13195,12021,11693,5383,6310,1783,934,849,15046,7097,7949,8095,3559,4536,1735,518,1217
08231,42632,20963,21669,4892,2587,2305,25106,12943,12163,12592,5411,7181,1559,823,736,16368,7336,9032,9062,3603,5459,2371,655,1716
08232,94522,48705,45817,13713,7054,6659,60907,32624,28283,19576,8770,10806,5214,2665,2549,26156,12195,13961,13041,5507,7534,2342,631,1711
08233,34909,17213,17696,3796,1861,1935,20103,10498,9605,11001,4847,6154,1203,614,589,14157,6489,7668,8026,3277,4749,2088,637,1451
08234,48147,24303,23844,5357,2756,2601,28150,14917,13233,14560,6578,7982,1813,917,896,18806,8821,9985,10347,4453,5894,2345,687,1658
08235,49136,24685,24451,7071,3663,3408,29767,15304,14463,12050,5552,6498,3202,1652,1550,15336,7124,8212,8047,3636,4411,1409,423,986
08236,50911,25696,25215,6507,3307,3200,30902,16250,14652,13435,6101,7334,2292,1190,1102,17299,8061,9238,9395,4089,5306,1997,602,1395
08302,32921,16216,16705,3716,1942,1774,19029,9736,9293,10128,4509,5619,1229,632,597,13059,5948,7111,7255,3032,4223,1802,547,1255
08309,16886,8279,8607,1827,948,879,9788,5042,4746,5149,2205,2944,603,313,290,6518,2871,3647,3734,1499,2235,854,247,607
08310,19800,9633,10167,1970,1014,956,11561,5829,5732,6260,2785,3475,577,310,267,8123,3772,4351,4630,1934,2696,1263,395,868
08341,37713,19031,18682,5870,3045,2825,22388,11590,10798,8941,4062,4879,2185,1125,1060,11000,5067,5933,6424,2938,3486,1072,323,749
08364,18053,8765,9288,1529,788,741,9215,4844,4371,7286,3122,4164,511,264,247,9158,4099,5059,5659,2264,3395,1735,519,1216
08442,15842,8048,7794,1836,936,900,9720,5213,4507,4280,1895,2385,627,332,295,5582,2569,3013,3020,1266,1754,541,158,383
08443,47535,23496,24039,6158,3117,3041,29059,14808,14251,12013,5388,6625,2274,1165,1109,15485,7110,8375,8192,3524,4668,1576,502,1074
08447,9168,4495,4673,790,395,395,5232,2737,2495,3146,1363,1783,228,112,116,3917,1773,2144,2299,923,1376,512,151,361
08521,22021,11309,10712,2770,1474,1296,13333,7171,6162,5826,2595,3231,942,479,463,7669,3540,4129,4065,1692,2373,1071,328,743
08542,8786,4408,4378,896,452,444,5405,2784,2621,2407,1126,1281,283,158,125,3281,1585,1696,1584,672,912,370,106,264
08546,24517,12217,12300,3199,1595,1604,14832,7684,7148,6453,2913,3540,1154,571,583,8417,3881,4536,4426,1864,2562,984,287,697
08564,16313,7981,8332,1426,712,714,8184,4116,4068,6232,2912,3320,423,212,211,7801,3609,4192,4040,1906,2134,632,194,438
09201,518594,258960,259634,70889,36154,34735,327930,169988,157942,119000,52383,66617,27648,14158,13490,152590,68821,83769,81810,34347,47463,15754,4733,11021
09202,149452,73161,76291,17432,8777,8655,86168,44274,41894,45047,19598,25449,5891,2948,2943,56019,24975,31044,31635,13060,18575,6205,1791,4414
09203,159211,78209,81002,18963,9721,9242,94138,47969,46169,45706,20244,25462,6664,3409,3255,58606,26665,31941,31991,13403,18588,7118,2122,4996
09204,118919,58507,60412,14364,7324,7040,70826,36408,34418,33079,14422,18657,5300,2704,2596,42385,19089,23296,23207,9434,13773,5034,1465,3569
09205,98374,48488,49886,12613,6452,6161,58998,30187,28811,26488,11671,14817,4480,2306,2174,34157,15519,18638,18658,7719,10939,4479,1320,3159
09206,83386,40431,42955,8794,4541,4253,47371,24167,23204,27030,11602,15428,3000,1551,1449,33898,15098,18800,19570,7885,11685,4408,1280,3128
09208,166760,84100,82660,22523,11630,10893,105124,54758,50366,37162,16649,20513,8625,4490,4135,48825,22620,26205,25385,10755,14630,4984,1452,3532
09209,79539,39910,39629,11292,5735,5557,49000,25400,23600,18948,8588,10360,4256,2128,2128,25206,11738,13468,12806,5441,7365,2948,870,2078
09210,75457,37673,37784,9056,4599,4457,46574,24195,22379,18817,8396,10421,3310,1651,1659,24958,11478,13480,13104,5393,7711,3308,995,2313
09211,33354,16589,16765,4011,2112,1899,19829,10273,9556,9401,4130,5271,1331,677,654,12147,5499,6648,6537,2704,3833,1495,447,1048
09213,117146,58148,58998,15836,8150,7686,71997,36809,35188,27944,12385,15559,5972,3131,2841,36849,16888,19961,19039,8094,10945,3855,1140,2715
09214,44901,23368,21533,6417,3269,3148,27694,15262,12432,10648,4746,5902,2464,1266,1198,13866,6428,7438,7409,3093,4316,1688,491,1197
09215,27047,13340,13707,2856,1479,1377,15241,7943,7298,8950,3918,5032,947,470,477,11321,5158,6163,6474,2650,3824,1789,534,1255
09216,59431,29376,30055,8206,4255,3951,37656,19022,18634,13329,5997,7332,3065,1590,1475,17558,8191,9367,9259,3971,5288,1867,574,1293
09301,31046,15951,15095,4620,2406,2214,19977,10555,9422,6294,2874,3420,1578,810,768,8454,3997,4457,4289,1876,2413,880,259,621
09342,23281,11542,11739,2882,1478,1404,14080,7179,6901,6291,2871,3420,1056,540,516,8471,3967,4504,4227,1774,2453,1029,284,745
09343,13188,6443,6745,1238,625,613,7059,3648,3411,4890,2169,2721,373,176,197,6175,2818,3357,3604,1479,2125,1069,349,720
09344,11720,5939,5781,1436,716,720,7306,3864,3442,2954,1348,1606,501,254,247,3984,1895,2089,2069,862,1207,526,155,371
09345,15189,7635,7554,1979,1032,947,8791,4611,4180,4386,1972,2414,675,342,333,5781,2701,3080,3047,1291,1756,740,231,509
09361,39951,19643,20308,5176,2701,2475,24012,12042,11970,10402,4677,5725,1921,1034,887,13415,6195,7220,7105,3068,4037,1303,383,920
09364,25292,12556,12736,3013,1557,1456,15414,7730,7684,6730,3201,3529,1134,609,525,9178,4428,4750,4356,1971,2385,784,240,544
09384,11495,5619,5876,1177,623,554,6522,3348,3174,3791,1645,2146,362,195,167,4916,2210,2706,2709,1065,1644,662,169,493
09386,29639,15326,14313,3845,1984,1861,18679,10159,8520,6722,2930,3792,1487,764,723,8749,3989,4760,4775,1937,2838,1201,330,871
09407,24919,12186,12733,2570,1307,1263,13692,7010,6682,8614,3840,4774,782,419,363,11078,5108,5970,5999,2470,3529,1371,399,972
09411,16964,8526,8438,1648,861,787,9538,5005,4533,5769,2651,3118,546,297,249,7360,3469,3891,4198,1773,2425,1229,420,809
10201,336154,164136,172018,41961,21510,20451,196034,98640,97394,91143,39797,51346,15293,7852,7441,114338,51254,63084,65396,27303,38093,14298,4500,9798
10202,370884,181601,189283,49298,25326,23972,221228,111546,109682,97466,42984,54482,18373,9391,8982,121726,54884,66842,69067,29133,39934,14643,4661,9982
10203,114714,55327,59387,12062,6181,5881,64314,32869,31445,38078,16084,21994,3976,2038,1938,46248,20079,26169,27571,11104,16467,5756,1640,4116
10204,208814,104234,104580,29540,15104,14436,128354,66257,62097,49221,21929,27292,10815,5533,5282,62295,28388,33907,34524,14718,19806,7175,2238,4937
10205,219807,111610,108197,31912,16307,15605,133417,70586,62831,53309,23969,29340,11753,6023,5730,67396,30897,36499,36235,15590,20645,6979,1998,4981
10206,48676,23489,25187,5872,2960,2912,27742,14064,13678,14831,6336,8495,1997,1029,968,18616,8251,10365,10942,4405,6537,2690,838,1852
10207,76667,38266,38401,9688,4965,4723,45718,23790,21928,20560,9066,11494,3436,1730,1706,25960,11800,14160,14164,5931,8233,2780,844,1936
10208,78391,38135,40256,8655,4418,4237,45161,22889,22272,24303,10680,13623,3034,1519,1515,30986,14073,16913,17437,7258,10179,3972,1255,2717
10209,65708,31983,33725,8110,4103,4007,38660,19439,19221,18807,8353,10454,2750,1346,1404,23806,10759,13047,13131,5540,7591,2804,850,1954
10210,49746,24323,25423,6037,3107,2930,28183,14236,13947,15342,6872,8470,2058,1054,1004,19284,8869,10415,11144,4768,6376,2778,917,1861
10211,58531,28569,29962,6466,3311,3155,32834,16643,16191,18934,8425,10509,2165,1106,1059,23681,10758,12923,13550,5737,7813,3257,1034,2223
10212,50906,24974,25932,6833,3513,3320,29966,15153,14813,13709,6067,7642,2402,1224,1178,17357,7839,9518,9526,3964,5562,2081,635,1446
10344,14329,7314,7015,1907,981,926,9025,4812,4213,3378,1510,1868,642,339,303,4407,2039,2368,2296,967,1329,518,139,379
10345,21080,10334,10746,3435,1686,1749,12860,6407,6453,4621,2118,2503,1351,648,703,6029,2806,3223,3181,1383,1798,674,210,464
10366,1230,609,621,132,77,55,544,271,273,554,261,293,46,27,19,648,310,338,445,203,242,131,52,79
10367,1954,928,1026,90,42,48,768,420,348,1096,466,630,30,15,15,1312,576,736,898,360,538,260,82,178
10382,7564,3708,3856,467,244,223,3657,1926,1731,3439,1537,1902,130,57,73,4162,1924,2238,2662,1149,1513,764,286,478
10383,1979,927,1052,59,33,26,723,374,349,1197,520,677,21,12,9,1385,614,771,1005,410,595,297,106,191
10384,13200,6461,6739,1486,782,704,7619,3858,3761,4064,1804,2260,493,244,249,5216,2406,2810,2880,1191,1689,731,229,502
10421,16850,8203,8647,1709,891,818,8894,4553,4341,6227,2746,3481,538,295,243,7633,3474,4159,4741,2002,2739,1304,415,889
10424,5536,2784,2752,578,291,287,3142,1699,1443,1815,793,1022,177,91,86,2304,1036,1268,1334,553,781,331,98,233
10425,9780,5063,4717,1063,564,499,5590,3094,2496,3127,1405,1722,374,196,178,3975,1841,2134,2316,998,1318,564,175,389
10426,6518,3261,3257,621,327,294,3457,1857,1600,2406,1056,1350,207,112,95,2943,1329,1614,1769,752,1017,355,128,227
10428,3674,1786,1888,441,240,201,2005,1002,1003,1227,543,684,147,77,70,1540,698,842,946,392,554,276,79,197
10429,14033,6774,7259,1325,693,632,7638,3874,3764,5070,2207,2863,420,218,202,6435,2925,3510,3791,1571,2220,1048,334,714
10443,4390,2111,2279,427,196,231,2436,1264,1172,1514,644,870,119,56,63,1957,870,1087,1096,426,670,287,87,200
10444,3647,1661,1986,428,225,203,1732,858,874,1486,578,908,146,85,61,1800,744,1056,1193,425,768,530,136,394
10448,7347,3661,3686,922,505,417,4326,2228,2098,2090,923,1167,315,174,141,2786,1297,1489,1502,620,882,414,123,291
10449,19347,9298,10049,1801,888,913,10474,5383,5091,7055,3017,4038,577,293,284,8753,3919,4834,5237,2101,3136,1416,425,991
10464,36654,17920,18734,4510,2305,2205,24016,11891,12125,7801,3551,4250,1578,804,774,10565,4963,5602,5038,2155,2883,1013,312,701
10521,15015,7477,7538,1628,828,800,9065,4709,4356,4228,1878,2350,520,274,246,5630,2613,3017,2850,1185,1665,681,186,495
10522,11044,5540,5504,1390,714,676,6671,3434,3237,2974,1388,1586,491,260,231,3924,1854,2070,2029,874,1155,443,133,310
10523,11318,5659,5659,1471,787,684,6780,3470,3310,3049,1386,1663,497,255,242,3968,1828,2140,2012,864,1148,483,135,348
10524,41202,21872,19330,5310,2666,2644,27138,15100,12038,8456,3902,4554,2065,1067,998,11005,5183,5822,5602,2471,3131,917,256,661
10525,26426,13285,13141,3250,1680,1570,15609,8073,7536,7449,3455,3994,1058,533,525,9608,4515,5093,4791,2145,2646,934,267,667
11100,1263979,627238,636741,164722,84490,80232,799279,406617,392662,284138,126574,157564,63586,32702,30884,356075,162414,193661,198823,85761,113062,33628,10635,22993
11101,87146,42913,44233,11193,5649,5544,51964,26495,25469,23682,10583,13099,4239,2145,2094,28929,13115,15814,16934,7445,9489,2745,811,1934
11102,143446,71102,72344,19270,9844,9426,91826,46557,45269,29646,13113,16533,7442,3847,3595,37517,17073,20444,20873,8903,11970,3788,1269,2519
11103,113864,56457,57407,12912,6590,6322,70462,35518,34944,26181,11739,14442,5439,2792,2647,33120,15193,17927,18485,7970,10515,3443,1194,2249
11104,161960,79696,82264,20495,10566,9929,97967,49604,48363,41331,18301,23030,7434,3823,3611,51061,23137,27924,29131,12521,16610,4898,1469,3429
11105,98762,49204,49558,13246,6900,6346,65083,33204,31879,20026,8809,11217,5226,2707,2519,25299,11496,13803,13985,5861,8124,2546,791,1755
11106,97910,49891,48019,12167,6236,5931,63813,33745,30068,21254,9571,11683,4599,2352,2247,26505,12207,14298,14596,6440,8156,1875,551,1324
11107,154416,74970,79446,20641,10467,10174,100851,50010,50841,31338,13532,17806,8176,4150,4026,39654,17641,22013,22046,9131,12915,4296,1442,2854
11108,180152,90744,89408,24400,12652,11748,120521,62017,58504,33298,14814,18484,9921,5164,4757,42525,19474,23051,22965,9790,13175,3665,1158,2507
11109,116522,57354,59168,17297,8878,8419,72817,36435,36382,25550,11548,14002,6700,3413,3287,32262,14914,17348,17655,7731,9924,3059,957,2102
11110,109801,54907,54894,13101,6708,6393,63975,33032,30943,31832,14564,17268,4410,2309,2101,39203,18164,21039,22153,9969,12184,3313,993,2320
11201,350745,175559,175186,44231,22647,21584,216977,111979,104998,87358,39632,47726,17133,8926,8207,109169,50204,58965,60056,26723,33333,8352,2635,5717
11202,198742,99169,99573,23986,12327,11659,122319,63350,58969,52007,23201,28806,8692,4424,4268,66715,30570,36145,35863,15285,20578,6711,2059,4652
11203,578112,292067,286045,74476,38255,36221,369270,192270,177000,129410,58257,71153,29628,15182,14446,161829,74733,87096,90382,39169,51213,13046,3980,9066
11206,82113,40635,41478,9475,4861,4614,49541,25349,24192,22874,10308,12566,3248,1651,1597,29361,13493,15868,15418,6592,8826,2915,891,2024
11207,63555,30902,32653,7683,3929,3754,36321,18470,17851,19493,8465,11028,2705,1388,1317,24446,10943,13503,14388,5955,8433,3164,1008,2156
11208,340386,168205,172181,39480,20254,19226,207941,105177,102764,85215,38498,46717,15085,7700,7385,107037,49102,57935,59192,26219,32973,9186,2972,6214
11209,80715,40564,40151,8693,4549,4144,48820,25284,23536,22896,10485,12411,3117,1656,1461,29344,13782,15562,15698,6842,8856,2975,879,2096
11210,112229,55828,56401,13510,6909,6601,69647,35610,34037,28991,13254,15737,4727,2404,2323,38479,18119,20360,19339,8326,11013,3911,1174,2737
11211,77881,38622,39259,9103,4640,4463,47028,24227,22801,20965,9279,11686,3268,1624,1644,26692,12180,14512,14678,6212,8466,2915,870,2045
11212,91437,46131,45306,10787,5495,5292,57064,29563,27501,23067,10751,12316,4161,2131,2030,30157,14305,15852,15463,6937,8526,2472,776,1696
11214,232709,114813,117896,26611,13720,12891,139656,70557,69099,64924,29697,35227,9626,5080,4546,81354,37507,43847,43929,19899,24030,5487,1645,3842
11215,152405,76580,75825,17132,8748,8384,91010,47220,43790,43489,20060,23429,6310,3220,3090,54497,25381,29116,29749,13468,16281,4543,1438,3105
11216,54874,27069,27805,6338,3258,3080,33261,16954,16307,14788,6595,8193,2117,1097,1020,19092,8763,10329,10124,4268,5856,2033,594,1439
11217,118072,58346,59726,14096,7125,6971,72869,36917,35952,30968,14202,16766,5130,2589,2541,40127,18776,21351,20768,9240,11528,3393,1020,2373
11218,143811,71594,72217,18574,9450,9124,87536,44923,42613,37423,17043,20380,6594,3363,3231,48363,22436,25927,25445,11005,14440,4903,1399,3504
11219,225196,112157,113039,28557,14661,13896,137664,70106,67558,57052,26101,30951,10442,5368,5074,71205,32949,38256,39814,17968,21846,5078,1714,3364
11221,247034,125225,121809,30223,15456,14767,150966,78687,72279,57807,26425,31382,11062,5714,5348,71740,33306,38434,39800,17956,21844,4687,1513,3174
11222,337498,167023,170475,44429,22674,21755,211577,107228,104349,80330,36588,43742,17224,8782,8442,100650,46374,54276,55279,24771,30508,6718,2114,4604
11223,72260,36737,35523,7804,4005,3799,47699,25237,22462,16560,7354,9206,3272,1671,1601,20777,9528,11249,11723,4923,6800,2026,668,1358
11224,136150,69674,66476,19758,10082,9676,89730,46766,42964,21764,9980,11784,8600,4329,4271,28053,13332,14721,14954,6439,8515,2195,660,1535
11225,148390,73408,74982,18610,9602,9008,91488,46240,45248,38075,17421,20654,6544,3411,3133,48966,22751,26215,25835,11447,14388,4048,1263,2785
11227,136299,69971,66328,18751,9575,9176,90480,47256,43224,25398,11587,13811,7833,4026,3807,32049,15053,16996,17816,7766,10050,2617,845,1772
11228,72676,35998,36678,9518,4928,4590,45526,23042,22484,17191,7802,9389,3834,1976,1858,21431,9856,11575,11907,5299,6608,1698,576,1122
11229,80826,41763,39063,11260,5785,5475,55944,29811,26133,13602,6153,7449,4929,2545,2384,17423,8084,9339,9164,3983,5181,1410,477,933
11230,162122,80627,81495,21855,11071,10784,100397,51431,48966,39311,17829,21482,8533,4338,4195,48648,22383,26265,27420,12170,15250,3606,1162,2444
11231,73936,36567,37369,9094,4687,4407,44710,22639,22071,20082,9205,10877,3297,1674,1623,25115,11683,13432,14051,6344,7707,2039,662,1377
11232,152311,75993,76318,17818,9076,8742,93672,47859,45813,40589,18913,21676,6446,3282,3164,52706,24932,27774,26817,12117,14700,4141,1267,2874
11233,67409,33320,34089,7690,3873,3817,40610,20565,20045,19028,8837,10191,2552,1273,1279,23911,11216,12695,13112,6013,7099,1805,588,1217
11234,86717,44812,41905,11422,5932,5490,55106,29315,25791,19811,9310,10501,4446,2313,2133,24641,11734,12907,13536,6225,7311,1562,471,1091
11235,108102,53312,54790,13984,7191,6793,67166,33850,33316,25897,11676,14221,5625,2910,2715,31815,14579,17236,18213,8041,10172,2309,727,1582
11237,136521,68950,67571,17491,8892,8599,84593,43708,40885,34357,16287,18070,7090,3597,3493,43856,21003,22853,22324,10401,11923,2614,809,1805
11238,62380,30975,31405,7265,3828,3437,36750,18707,18043,18290,8409,9881,2635,1360,1275,22758,10617,12141,12678,5753,6925,1934,589,1345
11239,101679,51307,50372,12931,6560,6371,61664,32042,29622,26642,12391,14251,4650,2368,2282,33614,15696,17918,17826,8281,9545,2435,726,1709
11240,52524,26133,26391,5695,2969,2726,30872,15723,15149,15874,7400,8474,2066,1060,1006,20339,9594,10745,10580,4808,5772,1610,437,1173
11241,70255,34976,35279,8802,4515,4287,43641,21990,21651,17352,8182,9170,3100,1578,1522,22336,10555,11781,11145,5227,5918,1472,433,1039
11242,56520,28069,28451,7342,3739,3603,32816,16631,16185,16287,7649,8638,2489,1254,1235,20749,9782,10967,10767,4991,5776,1613,463,1150
11243,69738,34955,34783,10721,5448,5273,43839,22409,21430,15097,7030,8067,4003,2061,1942,19363,9076,10287,9676,4424,5252,1263,338,925
11245,110970,54910,56060,15152,7680,7472,68532,35157,33375,27211,12024,15187,6095,3052,3043,33255,15031,18224,19536,8442,11094,2728,774,1954
11246,51535,25540,25995,6477,3298,3179,31790,16183,15607,13125,5982,7143,2470,1224,1246,16681,7769,8912,9128,4057,5071,1482,447,1035
11301,44442,22354,22088,7299,3807,3492,27303,14014,13289,9727,4463,5264,2490,1272,1218,12173,5629,6544,6587,3001,3586,931,264,667
11324,38456,19009,19447,5123,2612,2511,22432,11434,10998,10847,4921,5926,1738,901,837,13177,6035,7142,7651,3410,4241,1120,307,813
11326,37275,18659,18616,3677,1895,1782,22713,11711,11002,10694,4926,5768,1168,593,575,13510,6326,7184,7343,3352,3991,1061,352,709
11327,11716,5813,5903,1169,620,549,6906,3512,3394,3633,1674,1959,377,197,180,4663,2212,2451,2494,1079,1415,470,153,317
11341,18212,9344,8868,2899,1483,1416,11338,6000,5338,3929,1829,2100,1050,530,520,5183,2472,2711,2625,1151,1474,482,137,345
11342,18341,9209,9132,1894,975,919,10921,5686,5235,5405,2470,2935,627,325,302,6853,3199,3654,3638,1602,2036,616,194,422
11343,31178,15487,15691,2817,1458,1359,18392,9427,8965,9908,4543,5365,942,478,464,13082,6190,6892,6783,2929,3854,1430,436,994
11346,20788,10532,10256,2223,1165,1058,12387,6458,5929,6169,2903,3266,686,363,323,8147,3888,4259,4051,1770,2281,903,249,654
11347,19631,9807,9824,1863,946,917,12275,6349,5926,5471,2497,2974,595,303,292,7264,3436,3828,3619,1568,2051,724,221,503
11348,14338,7002,7336,1153,602,551,7599,3780,3819,5583,2618,2965,324,170,154,6995,3287,3708,3710,1717,1993,780,213,567
11349,11492,5756,5736,1017,514,503,6739,3511,3228,3734,1729,2005,328,160,168,4860,2304,2556,2559,1122,1437,608,189,419
11361,8519,4205,4314,1031,509,522,4886,2531,2355,2595,1159,1436,328,165,163,3294,1522,1772,1915,799,1116,461,139,322
11362,10133,4958,5175,1144,581,563,5538,2845,2693,3442,1525,1917,400,212,188,4351,1984,2367,2508,1042,1466,677,197,480
11363,7324,3559,3765,775,419,356,3984,2023,1961,2564,1116,1448,239,132,107,3143,1401,1742,1889,791,1098,450,130,320
11365,12117,5938,6179,1367,712,655,6712,3458,3254,4037,1767,2270,424,211,213,5190,2350,2840,3035,1251,1784,814,237,577
11369,2915,1474,1441,227,117,110,1643,852,791,1044,505,539,60,27,33,1375,688,687,754,341,413,202,69,133
11381,11207,5593,5614,1279,656,623,6592,3437,3155,3336,1500,1836,437,223,214,4274,1960,2314,2362,996,1366,616,190,426
11383,13730,6968,6762,1575,811,764,8253,4345,3908,3808,1743,2065,538,288,250,4947,2361,2586,2626,1141,1485,630,189,441
11385,30565,15090,15475,4242,2163,2079,19034,9666,9368,7270,3247,4023,1412,708,704,9559,4380,5179,4783,2054,2729,981,266,715
11408,34081,16929,17152,3680,1884,1796,20339,10455,9884,9996,4529,5467,1305,658,647,12831,5950,6881,6987,3020,3967,1470,486,984
11442,33705,17138,16567,3581,1777,1804,19920,10603,9317,10096,4676,5420,1362,661,701,12613,5915,6698,7047,3242,3805,1053,328,725
11464,45495,22798,22697,5341,2817,2524,27097,13819,13278,12993,6119,6874,1808,945,863,16515,7819,8696,8716,4062,4654,1194,383,811
11465,30061,15072,14989,3883,2011,1872,18400,9495,8905,7716,3521,4195,1202,633,569,9871,4620,5251,5134,2262,2872,724,194,530
12100,971882,482840,489042,122062,62311,59751,597580,303486,294094,238213,108536,129677,44904,23105,21799,296654,137535,159119,165557,73831,91726,25007,7865,17142
12101,205070,102109,102961,23938,12145,11793,134953,69254,65699,45880,20502,25378,9413,4828,4585,57948,26837,31111,31609,13392,18217,5896,1856,4040
12102,179200,89407,89793,20692,10653,10039,108964,55712,53252,47695,21947,25748,7494,3894,3600,58662,27271,31391,33518,15247,18271,4805,1606,3199
12103,160968,80280,80688,20103,10229,9874,97173,49629,47544,39085,17729,21356,7536,3870,3666,48963,22566,26397,27208,12065,15143,4167,1297,2870
12104,151078,76253,74825,17218,9009,8209,84832,43989,40843,44079,20168,23911,6421,3383,3038,53432,24886,28546,31690,14329,17361,4733,1472,3261
12105,126848,62194,64654,19763,9995,9768,80799,40227,40572,26169,11888,14281,7041,3594,3447,33681,15728,17953,18078,7894,10184,3130,885,2245
12106,148718,72597,76121,20348,10280,10068,90859,44675,46184,35305,16302,19003,6999,3536,3463,43968,20247,23721,23454,10904,12550,2276,749,1527
12202,64415,31005,33410,5780,2969,2811,36797,18842,17955,21627,9069,12558,1886,986,900,26938,11788,15150,15833,6201,9632,3377,974,2403
12203,481732,242652,239080,49931,25515,24416,284939,145500,139439,104735,48042,56693,19704,10125,9579,131868,61334,70534,71338,31832,39506,10193,3200,6993
12204,622890,311358,311532,82258,42346,39912,391731,201753,189978,142446,63907,78539,32556,16823,15733,176128,80213,95915,100343,44136,56207,14520,4794,9726
12205,47464,22775,24689,5205,2701,2504,24640,12386,12254,17486,7589,9897,1906,998,908,21307,9417,11890,12622,5181,7441,3081,917,2164
12206,134141,67450,66691,17688,9058,8630,80841,42257,38584,34730,15640,19090,6725,3452,3273,43641,20109,23532,24082,10545,13537,4140,1258,2882
12207,483480,240928,242552,56055,28663,27392,296656,151284,145372,121666,55317,66349,21333,10847,10486,150791,69618,81173,85003,37674,47329,12605,4060,8545
12208,153583,76541,77042,19075,9813,9262,91030,46761,44269,42678,19608,23070,6614,3391,3223,54168,25090,29078,28448,12734,15714,4520,1325,3195
12210,89688,44170,45518,9596,4843,4753,51480,26092,25388,26767,12096,14671,3390,1744,1646,33557,15444,18113,18535,8073,10462,3477,1038,2439
12211,131190,65928,65262,18347,9493,8854,83806,43164,40642,27531,12361,15170,7287,3722,3565,36106,16755,19351,18617,7870,10747,3863,1105,2758
12212,172739,84434,88305,20505,10641,9864,102334,50655,51679,49464,22961,26503,7311,3774,3537,62759,29225,33534,33364,15203,18161,5102,1585,3517
12213,60652,30219,30433,6847,3503,3344,37906,19451,18455,15418,6953,8465,2510,1268,1242,20214,9370,10844,10434,4446,5988,2061,574,1487
12215,66586,32625,33961,8119,4157,3962,39616,20381,19235,18706,7999,10707,2994,1533,1461,24033,10663,13370,13187,5173,8014,3059,829,2230
12216,167909,84323,83586,22309,11384,10925,107781,56052,51729,37455,16647,20808,8838,4493,4345,46423,20926,25497,26289,11371,14918,3901,1211,2690
12217,413954,205971,207983,52766,26941,25825,255018,129752,125266,99189,44996,54193,20296,10335,9961,124856,57200,67656,67901,30155,37746,10548,3330,7218
12218,19248,9946,9302,1419,697,722,10555,6092,4463,7265,3152,4113,455,215,240,8833,3917,4916,5416,2187,3229,1363,418,945
12219,274656,141134,133522,32976,16911,16065,167270,88619,78651,70814,33191,37623,12157,6173,5984,91471,43998,47473,48112,21807,26305,7480,2335,5145
12220,174373,86249,88124,24745,12591,12154,106813,54013,52800,41953,19128,22825,10697,5402,5295,52253,23954,28299,29093,13056,16037,4786,1556,3230
12221,193152,95224,97928,27283,13970,13313,118963,60027,58936,46873,21203,25670,9939,5149,4790,57633,26389,31244,33114,14772,18342,4650,1521,3129
12222,131606,64614,66992,16072,8315,7757,77445,38933,38512,37579,17051,20528,5562,2857,2705,46088,20971,25117,26484,11935,14549,4060,1336,2724
12223,33932,16079,17853,3524,1856,1668,17985,8724,9261,12295,5438,6857,1253,654,599,14949,6752,8197,9057,3833,5224,2296,731,1565
12224,108917,53490,55427,13793,7035,6758,65442,32901,32541,29115,13304,15811,5222,2720,2502,36041,16537,19504,20128,9054,11074,2739,870,1869
12225,86033,43622,42411,9845,5156,4689,51359,27356,24003,24339,10795,13544,3657,1936,1721,30987,14198,16789,17394,7334,10060,3426,1030,2396
12226,45601,22975,22626,4271,2221,2050,25510,13678,11832,15684,6981,8703,1428,735,693,19455,8946,10509,11216,4740,6476,2387,728,1659
12227,164024,81057,82967,23336,11952,11384,113576,56279,57297,25836,12040,13796,8028,4181,3847,33945,15946,17999,16412,7422,8990,2395,686,1709
12228,89245,44077,45168,11888,6198,5690,51765,26017,25748,24975,11543,13432,4468,2323,2145,30482,14140,16342,17238,8065,9173,2207,713,1494
12229,60952,30660,30292,8253,4234,4019,37334,19266,18068,15143,7016,8127,3087,1557,1530,19815,9384,10431,10073,4479,5594,1779,505,1274
12230,70734,35598,35136,7778,3972,3806,44540,22960,21580,18124,8509,9615,2518,1282,1236,24106,11565,12541,11723,5213,6510,1819,541,1278
12231,92670,45744,46926,13825,7058,6767,59599,29665,29934,18943,8826,10117,5416,2761,2655,26219,12570,13649,12122,5254,6868,2430,726,1704
12232,61674,30654,31020,9634,4920,4714,37404,18751,18653,14381,6814,7567,3330,1725,1605,18688,8860,9828,9421,4373,5048,1293,416,877
12233,49636,25182,24454,5888,2988,2900,31213,16142,15071,12161,5839,6322,2247,1150,1097,16297,7907,8390,7579,3511,4068,1200,355,845
12234,39033,18549,20484,3608,1846,1762,18585,9406,9179,16826,7285,9541,1181,628,553,20369,9057,11312,12473,5070,7403,3231,970,2261
12235,37261,18178,19083,4114,2081,2033,21180,10970,10210,11873,5065,6808,1416,718,698,14932,6662,8270,8525,3379,5146,2220,634,1586
12236,77499,38103,39396,7992,4155,3837,43739,22646,21093,25544,11187,14357,2699,1420,1279,32215,14603,17612,18312,7540,10772,4381,1332,3049
12237,52222,25889,26333,5214,2734,2480,30788,15874,14914,16121,7210,8911,1737,919,818,20655,9640,11015,11262,4729,6533,2354,698,1656
12238,38594,18719,19875,3691,1930,1761,20186,10286,9900,14679,6486,8193,1312,691,621,17887,8109,9778,10798,4545,6253,2604,811,1793
12239,49184,24250,24934,5637,2873,2764,29451,14789,14662,13912,6473,7439,1977,1004,973,18056,8542,9514,9424,4185,5239,1773,582,1191
12322,20955,10327,10628,2476,1269,1207,12363,6217,6146,5970,2785,3185,795,413,382,7518,3495,4023,3923,1817,2106,514,158,356
12329,21228,10338,10890,1927,948,979,12834,6329,6505,6400,3006,3394,703,347,356,8867,4211,4656,3970,1757,2213,750,227,523
12342,6133,3086,3047,600,333,267,3579,1886,1693,1954,867,1087,194,98,96,2457,1137,1320,1458,615,843,347,120,227
12347,14724,7337,7387,1384,701,683,8372,4457,3915,4936,2152,2784,504,244,260,6197,2824,3373,3643,1472,2171,899,278,621
12349,14152,6984,7168,1456,735,721,7857,4100,3757,4831,2142,2689,446,231,215,6159,2819,3340,3405,1447,1958,795,255,540
12403,16510,8039,8471,1487,783,704,9190,4727,4463,5783,2493,3290,478,262,216,7292,3256,4036,4059,1611,2448,886,220,666
12409,7431,3650,3781,776,394,382,4221,2215,2006,2431,1039,1392,253,136,117,3052,1376,1676,1801,712,1089,480,116,364
12410,23762,11586,12176,2556,1361,1195,13062,6612,6450,8000,3528,4472,863,449,414,9929,4497,5432,5770,2390,3380,1365,415,950
12421,11767,5716,6051,1519,797,722,6527,3279,3248,3703,1626,2077,559,294,265,4561,2041,2520,2631,1094,1537,573,185,388
12422,7222,3439,3783,703,345,358,3826,1905,1921,2693,1189,1504,273,124,149,3360,1513,1847,1963,822,1141,502,141,361
12423,14359,7057,7302,1579,808,771,8360,4264,4096,4419,1985,2434,500,258,242,5538,2547,2991,3064,1313,1751,625,197,428
12424,11149,5513,5636,1034,550,484,6033,3092,2941,4077,1867,2210,358,188,170,5077,2369,2708,2883,1250,1633,628,208,420
12426,7337,3588,3749,617,326,291,3974,2049,1925,2746,1213,1533,206,120,86,3449,1582,1867,1952,800,1152,558,146,412
12427,8206,4004,4202,645,333,312,4472,2291,2181,3088,1379,1709,210,103,107,3955,1827,2128,2292,971,1321,611,198,413
12441,9843,4708,5135,862,431,431,5087,2563,2524,3872,1700,2172,291,134,157,4765,2165,2600,2923,1185,1738,905,290,615
12443,7315,3439,3876,516,264,252,3318,1619,1699,3478,1555,1923,161,90,71,4110,1860,2250,2533,1093,1440,578,171,407
12463,8022,3837,4185,646,357,289,3880,1948,1932,3492,1529,1963,192,103,89,4205,1903,2302,2549,1062,1487,620,201,419
13100,9272740,4567247,4705493,1002130,511565,490565,6088409,3093638,2994771,1997870,860523,1137347,429430,218657,210773,2480303,1104655,1375648,1429715,582785,846930,271485,82419,189066
13101,58406,29343,29063,6698,3372,3326,39564,20567,18997,10286,4296,5990,2993,1523,1470,12764,5554,7210,7350,2893,4457,1604,460,1144
13102,141183,67536,73647,16798,8496,8302,101311,49478,51833,22694,9339,13355,8793,4412,4381,28591,12306,16285,15961,6121,9840,3153,869,2284
13103,243283,114717,128566,30012,15146,14866,170255,82089,88166,42694,17265,25429,15077,7543,7534,53649,22510,31139,29939,11400,18539,6509,1796,4713
13104,333560,167258,166302,27060,13873,13187,232488,120802,111686,65274,27606,37668,12387,6302,6085,80951,35621,45330,46712,18412,28300,9696,2814,6882
13105,219724,105990,113734,23478,11806,11672,146424,72339,74085,41946,17472,24474,10390,5224,5166,52407,22545,29862,29994,11804,18190,6443,1914,4529
13106,198073,101982,96091,17601,8991,8610,131798,70437,61361,46590,21462,25128,7912,4086,3826,57622,27563,30059,33147,14162,18985,6470,1974,4496
13107,256274,127925,128349,26607,13631,12976,169311,87301,82010,58196,25511,32685,11610,5956,5654,72663,33032,39631,41627,17087,24540,7605,2205,5400
13108,498109,246750,251359,62350,31995,30355,327546,166908,160638,105036,45974,59062,27834,14253,13581,132478,59645,72833,72568,30154,42414,11394,3369,8025
13109,386855,191090,195765,40415,20572,19843,256619,130471,126148,78247,33469,44778,18568,9400,9168,97815,43282,54533,55033,22151,32882,10407,3121,7286
13110,277622,130947,146675,28671,14678,13993,191610,92449,99161,55198,22680,32518,12950,6654,6296,68030,28821,39209,39821,15481,24340,8947,2591,6356
13111,717082,359753,357329,76485,38968,37517,469449,244205,225244,158190,69130,89060,31678,16169,15509,197551,89461,108090,111692,45957,65735,21340,6461,14879
13112,903346,428874,474472,97019,49475,47544,573317,277039,296278,184512,77886,106626,40411,20111,20300,228961,99245,129716,132512,53521,78991,27900,9001,18899
13113,224533,107986,116547,19156,9757,9399,148581,73025,75556,43899,18217,25682,9128,4703,4425,54732,23604,31128,31280,12368,18912,6310,1874,4436
13114,328215,165382,162833,26531,13562,12969,223586,117327,106259,67709,28705,39004,12207,6235,5972,83931,36888,47043,48844,19487,29357,10092,3023,7069
13115,563997,271737,292260,54535,27817,26718,370649,182397,188252,124460,53219,71241,23560,12036,11524,152915,67032,85883,90474,37217,53257,18643,5659,12984
13116,291167,146827,144340,23828,12001,11827,205853,108292,97561,57418,24471,32947,10803,5451,5352,71722,31932,39790,40644,16067,24577,8556,2500,6056
13117,341076,169829,171247,33535,17147,16388,216612,112859,103753,86840,37273,49567,14895,7614,7281,106399,47411,58988,63001,25437,37564,12188,3634,8554
13118,212264,105113,107151,23588,12017,11571,137510,70525,66985,48930,21572,27358,10216,5165,5051,60936,27753,33183,34689,14288,20401,6514,1884,4630
13119,561916,276592,285324,59238,30439,28799,361101,183737,177364,128058,55085,72973,24988,12967,12021,159723,71132,88591,91047,36943,54104,17191,5173,12018
13120,721722,351609,370113,86105,44327,41778,472513,236938,235575,158290,67772,90518,34342,17620,16722,195357,86467,108890,116021,47393,68628,23136,7651,15485
13121,670122,334922,335200,79365,40458,38907,416200,216103,200097,165151,72573,92578,31676,16064,15612,202725,91978,110747,119772,50120,69652,18669,5633,13036
13122,442913,221621,221292,52325,26954,25371,281456,146907,134549,109059,47718,61341,21243,10906,10337,134977,61238,73739,78820,32392,46428,13959,4326,9633
13123,681298,343464,337834,90730,46083,44647,444656,231443,213213,139193,61828,77365,35769,18263,17506,173404,79635,93769,98767,41930,56837,14759,4487,10272
13201,577513,291238,286275,66908,34314,32594,355230,185261,169969,140909,63333,77576,24178,12455,11723,175964,80407,95557,98974,43051,55923,17146,5420,11726
13202,176295,86978,89317,18749,9527,9222,101975,52235,49740,40378,17580,22798,7312,3783,3529,50270,22444,27826,28615,11945,16670,4804,1482,3322
13203,144730,69475,75255,16237,8352,7885,95181,46638,48543,30819,12977,17842,7072,3652,3420,38115,16507,21608,22218,8892,13326,4996,1580,3416
13204,186936,90641,96295,22255,11428,10827,122788,61317,61471,38962,16560,22402,9198,4708,4490,48349,21318,27031,28167,11412,16755,6123,1961,4162
13205,137381,68677,68704,15906,8170,7736,82801,43421,39380,38660,17078,21582,5437,2789,2648,48512,22086,26426,27411,11589,15822,5787,1539,4248
13206,260274,132172,128102,34287,17591,16696,169863,89760,80103,53564,23591,29973,13707,6997,6710,66972,30476,36496,38164,15957,22207,7136,2332,4804
13207,111539,55394,56145,14011,7071,6940,69486,35848,33638,27445,12116,15329,5522,2757,2765,34674,15760,18914,19191,8031,11160,3444,1069,2375
13208,229061,111921,117140,27647,14045,13602,151021,76385,74636,48182,20512,27670,11413,5722,5691,59853,26250,33603,34733,14084,20649,6679,2189,4490
13209,432348,212312,220036,55649,28699,26950,262725,132929,129796,109460,47802,61658,19535,10108,9427,134238,59750,74488,78977,33693,45284,13749,4334,9415
13210,121396,60168,61228,13787,7075,6712,81168,41676,39492,24246,10339,13907,5740,2922,2818,30673,13569,17104,17350,7015,10335,3699,1258,2441
13211,190005,93777,96228,24118,12442,11676,122046,62090,59956,42139,18194,23945,9838,5054,4784,52288,23270,29018,30714,12732,17982,5824,1954,3870
13212,186283,93349,92934,23438,11919,11519,116235,60838,55397,43709,19249,24460,9266,4725,4541,53714,24122,29592,31555,13569,17986,5416,1873,3543
13213,149956,73314,76642,18482,9518,8964,91302,46148,45154,38211,16498,21713,6834,3523,3311,47062,20870,26192,27944,11655,16289,5239,1763,3476
13214,122742,60274,62468,14184,7295,6889,80666,40988,39678,25545,10872,14673,5567,2915,2652,31789,13992,17797,18482,7593,10889,3720,1246,2474
13215,73655,35970,37685,8525,4450,4075,48729,24529,24200,16238,6926,9312,3285,1714,1571,20481,9034,11447,11601,4673,6928,2385,750,1635
13218,58395,29238,29157,5016,2541,2475,31693,16576,15117,13577,5882,7695,1896,946,950,17221,7751,9470,9710,3999,5711,1865,521,1344
13219,80249,39206,41043,8886,4557,4329,50879,25657,25222,18984,8095,10889,3762,1922,1840,23079,10144,12935,13965,5675,8290,2622,866,1756
13220,85157,41820,43337,11438,5795,5643,51694,26242,25452,21443,9507,11936,4536,2335,2201,26352,11964,14388,15311,6603,8708,2232,738,1494
13221,74864,35968,38896,9288,4788,4500,44083,21828,22255,20624,8788,11836,3339,1689,1650,25044,10989,14055,15447,6351,9096,2827,881,1946
13222,116632,56738,59894,14400,7401,6999,70159,35386,34773,31095,13536,17559,5557,2792,2765,38054,16990,21064,22636,9611,13025,3650,1271,2379
13223,71229,35556,35673,10361,5262,5099,42790,22146,20644,17567,7825,9742,3520,1816,1704,21845,9968,11877,12431,5421,7010,1749,522,1227
13224,146631,71762,74869,17296,8816,8480,90167,45364,44803,38786,17388,21398,6572,3309,3263,48320,21787,26533,26634,11683,14951,3994,1259,2735
13225,87636,44041,43595,12980,6639,6341,55815,28747,27068,18113,8175,9938,4890,2537,2353,22792,10504,12288,12545,5501,7044,2028,585,1443
13227,55833,28451,27382,7264,3677,3587,35020,18628,16392,13399,6059,7340,2643,1370,1273,16771,7731,9040,9350,4075,5275,1507,477,1030
13228,80954,40218,40736,10744,5549,5195,47172,24121,23051,22565,10334,12231,3811,1961,1850,27738,12880,14858,16257,7244,9013,2976,924,2052
13229,200012,97830,102182,24180,12357,11823,127840,64680,63160,45992,19527,26465,9512,4866,4646,57013,24958,32055,33520,13529,19991,6805,2217,4588
13303,33445,16951,16494,4105,2105,2000,20434,10739,9695,8702,3981,4721,1404,708,696,11032,5156,5876,5909,2599,3310,1023,263,760
13305,17446,8485,8961,2200,1135,1065,8712,4505,4207,6167,2644,3523,906,454,452,7313,3167,4146,4509,1834,2675,1197,290,907
13307,2209,1081,1128,153,76,77,1016,570,446,1040,435,605,59,32,27,1246,547,699,832,314,518,250,62,188
13308,5234,2579,2655,335,179,156,2375,1319,1056,2522,1081,1441,106,49,57,3002,1336,1666,1946,773,1173,528,136,392
13361,7884,4031,3853,873,458,415,4220,2372,1848,2791,1201,1590,356,199,157,3418,1543,1875,2032,815,1217,468,140,328
13362,337,191,146,54,29,25,205,123,82,78,39,39,24,11,13,105,56,49,51,22,29,14,5,9
13363,2749,1344,1405,316,149,167,1403,749,654,1030,446,584,120,47,73,1277,574,703,767,309,458,211,72,139
13364,1891,969,922,286,148,138,1080,581,499,525,240,285,116,57,59,709,341,368,376,159,217,86,38,48
13381,2482,1350,1132,215,128,87,1319,790,529,948,432,516,101,55,46,1160,557,603,701,282,419,154,38,116
13382,335,189,146,57,37,20,219,122,97,59,30,29,37,23,14,78,43,35,31,15,16,7,2,5
13401,7613,3785,3828,898,475,423,3915,2079,1836,2765,1210,1555,349,182,167,3433,1557,1876,1945,783,1162,439,107,332
13402,178,107,71,24,11,13,130,80,50,24,16,8,9,4,5,37,25,12,14,8,6,2,1,1
13421,3022,1893,1129,448,244,204,2190,1420,770,383,228,155,212,116,96,532,331,201,211,115,96,48,15,33
14100,3724844,1855985,1868859,468535,239953,228582,2368291,1214915,1153376,865490,386000,479490,181628,92947,88681,1080146,493863,586283,613009,262622,350387,110151,35380,74771
14101,285356,147650,137706,37270,19047,18223,187939,100744,87195,57955,26349,31606,15852,8047,7805,74502,35110,39392,39748,17005,22743,6890,2200,4690
14102,238966,121769,117197,27176,13849,13327,159126,84274,74852,50314,22128,28186,11420,5805,5615,63415,28939,34476,35309,14635,20674,6884,2159,4725
14103,98532,49850,48682,10629,5422,5207,67599,35371,32228,19291,8332,10959,4710,2371,2339,24325,10932,13393,13596,5466,8130,2907,899,2008
14104,148312,78087,70225,15460,7928,7532,96165,51054,45111,33794,17034,16760,6179,3183,2996,42829,22265,20564,23060,10792,12268,4241,1386,2855
14105,194827,97006,97821,20337,10355,9982,122846,63270,59576,50159,22456,27703,7922,4031,3891,62629,28981,33648,35405,14892,20513,6550,2124,4426
14106,205493,102381,103112,23214,11920,11294,128870,66958,61912,51881,22399,29482,8693,4490,4203,64019,28455,35564,37587,15504,22083,7103,2267,4836
14107,166229,81827,84402,19873,10250,9623,101708,51908,49800,43671,19003,24668,8038,4221,3817,54108,24123,29985,31105,12932,18173,5575,1821,3754
14108,202229,99167,103062,24029,12256,11773,123263,62040,61223,53953,24394,29559,8653,4398,4255,67749,31109,36640,37563,16489,21074,6597,2255,4342
14109,344172,174460,169712,42394,21634,20760,234642,122476,112166,64716,28551,36165,18421,9477,8944,82103,37380,44723,45354,19008,26346,8711,2806,5905
14110,275283,135271,140012,37555,19135,18420,170473,86034,84439,66128,29472,36656,14106,7151,6955,82316,37285,45031,46835,20287,26548,7867,2550,5317
14111,215736,106126,109610,25814,13205,12609,131924,66855,65069,57373,25583,31790,9513,4891,4622,70842,32199,38643,40945,17914,23031,6178,2142,4036
14112,247144,120168,126976,29898,15323,14575,147068,74033,73035,69546,30478,39068,10981,5540,5441,84906,38032,46874,50963,21655,29308,9341,3098,6243
14113,180366,89002,91364,24634,12605,12029,113829,57869,55960,41055,18025,23030,9327,4780,4547,51015,22958,28057,29299,12454,16845,5240,1556,3684
14114,124560,60889,63671,16525,8361,8164,74652,37880,36772,32972,14415,18557,5857,2949,2908,40079,17888,22191,24190,10335,13855,4235,1355,2880
14115,122171,59729,62442,15301,7906,7395,70737,35453,35284,35684,16120,19564,5443,2818,2625,42967,19517,23450,25849,11704,14145,3818,1254,2564
14116,154025,75460,78565,19730,10228,9502,92479,46417,46062,41430,18538,22892,7212,3740,3472,50779,23137,27642,29932,13061,16871,5097,1623,3474
14117,309692,151182,158510,42772,21921,20851,204388,101060,103328,61127,27290,33837,15804,8060,7744,77593,35244,42349,42166,18241,23925,8172,2497,5675
14118,211751,105961,105790,35924,18608,17316,140583,71219,69364,34441,15433,19008,13497,6995,6502,43970,20309,23661,24103,10248,13855,4745,1388,3357
14130,1475213,749038,726175,184135,94166,89969,972976,508959,464017,279482,124552,154930,77490,39735,37755,354080,162686,191394,195997,83143,112854,35917,11344,24573
14131,223378,119422,103956,26255,13415,12840,146391,81756,64635,48348,22676,25672,10861,5554,5307,61518,30065,31453,33874,14854,19020,5982,1824,4158
14132,160890,81231,79659,20507,10405,10102,101443,53081,48362,34886,15300,19586,9002,4581,4421,43839,19759,24080,24570,10284,14286,4520,1430,3090
14133,247529,126992,120537,31693,16294,15399,175601,92398,83203,36871,16196,20675,14443,7361,7082,47352,21667,25685,25895,10681,15214,5240,1667,3573
14134,228141,115030,113111,29901,15304,14597,155920,80623,75297,39163,17280,21883,12743,6546,6197,50193,22838,27355,26980,11235,15745,4745,1467,3278
14135,214158,110059,104099,23774,12244,11530,147708,78491,69217,39538,17456,22082,9985,5149,4836,50166,22866,27300,28018,11779,16239,5308,1715,3593
14136,225594,110813,114781,28347,14442,13905,134254,67158,67096,41817,18464,23353,11236,5761,5475,52720,23782,28938,29136,12459,16677,4703,1468,3235
14137,175523,85491,90032,23658,12062,11596,111659,55452,56207,38859,17180,21679,9220,4783,4437,48292,21709,26583,27524,11851,15673,5419,1773,3646
14150,720780,361060,359720,88850,45546,43304,454821,234102,220719,171040,78057,92983,33917,17381,16536,215052,99869,115183,118390,53048,65342,18108,5764,12344
14151,173612,87459,86153,21474,10850,10624,108099,55864,52235,42832,20030,22802,8039,4029,4010,54920,26037,28883,28537,13080,15457,4597,1453,3144
14152,269888,135754,134134,34603,17764,16839,172311,89185,83126,60667,27719,32948,13037,6666,6371,76696,35709,40987,41615,18703,22912,5955,1917,4038
14153,277280,137847,139433,32773,16932,15841,174411,89053,85358,67541,30308,37233,12841,6686,6155,83436,38123,45313,48238,21265,26973,7556,2394,5162
14201,406586,202775,203811,46530,23788,22742,238148,124786,113362,120465,53250,67215,16534,8361,8173,147034,66386,80648,86435,37022,49413,15633,4840,10793
14203,258227,129456,128771,31632,16171,15461,158317,82221,76096,66456,29894,36562,11304,5804,5500,83489,38430,45059,46269,20020,26249,8363,2593,5770
14204,173019,81664,91355,20630,10530,10100,99173,48569,50604,52859,22358,30501,7333,3767,3566,63052,27165,35887,39367,16204,23163,8487,2782,5705
14205,423894,210032,213862,57615,29410,28205,266893,136721,130172,99195,43744,55451,22154,11300,10854,122995,55236,67759,70004,29879,40125,12464,3957,8507
14206,194086,94697,99389,22916,11822,11094,116258,58762,57496,53689,23431,30258,8385,4373,4012,66758,29892,36866,38228,15885,22343,7400,2263,5137
14207,239348,116894,122454,32593,16545,16048,146393,73462,72931,59592,26375,33217,12269,6335,5934,73688,33213,40475,42346,18273,24073,7390,2368,5022
14208,57425,26936,30489,6756,3457,3299,32483,15757,16726,18005,7641,10364,2424,1276,1148,21398,9243,12155,13423,5528,7895,2838,946,1892
14210,45289,21805,23484,4301,2185,2116,24885,12539,12346,16081,7067,9014,1407,723,684,19905,8937,10968,11611,4830,6781,2407,723,1684
14211,167378,85552,81826,19964,10114,9850,102286,54053,48233,43707,20198,23509,7310,3728,3582,55682,26090,29592,29133,13023,16110,4915,1437,3478
14212,225714,116658,109056,28919,14857,14062,144236,77321,66915,51432,23866,27566,10713,5525,5188,65841,30886,34955,34162,15504,18658,5077,1642,3435
14213,232922,116714,116208,29806,15200,14606,148510,76829,71681,53184,23835,29349,12125,6137,5988,66286,30445,35841,36999,16216,20783,5646,1780,3866
14214,101514,51429,50085,12718,6486,6232,63708,33341,30367,24405,11233,13172,4855,2485,2370,30631,14336,16295,16877,7566,9311,2844,925,1919
14215,130190,65620,64570,17886,9152,8734,81594,42188,39406,30218,13967,16251,6711,3438,3273,38264,17944,20320,20558,9325,11233,2963,919,2044
14216,128737,64478,64259,15477,7916,7561,81751,42275,39476,30216,13730,16486,5900,2939,2961,38149,17704,20445,20676,9130,11546,2855,867,1988
14217,43306,21317,21989,5379,2769,2610,25139,12835,12304,12722,5672,7050,1935,969,966,15719,7123,8596,9052,3929,5123,1472,466,1006
14218,84460,42875,41585,11850,5975,5875,50615,26661,23954,21593,10002,11591,4429,2225,2204,26721,12518,14203,14807,6850,7957,1827,553,1274
14301,32096,15117,16979,4192,2169,2023,17338,8328,9010,9890,4249,5641,1421,747,674,11803,5155,6648,7256,3089,4167,1529,489,1040
14321,47936,24296,23640,6488,3337,3151,29406,15331,14075,11935,5554,6381,2427,1226,1201,15234,7159,8075,8113,3702,4411,1212,361,851
14341,31550,15397,16153,3604,1835,1769,17300,8650,8650,9972,4524,5448,1225,625,600,12215,5583,6632,6979,3080,3899,1301,414,887
14342,28378,13647,14731,3092,1540,1552,16005,7944,8061,9279,4162,5117,1032,509,523,11163,5064,6099,6673,2924,3749,1219,387,832
14361,9679,4834,4845,1076,544,532,5565,2898,2667,3030,1384,1646,316,159,157,3803,1743,2060,2051,888,1163,441,122,319
14362,17033,8498,8535,2344,1189,1155,10214,5263,4951,4441,2022,2419,730,364,366,5560,2565,2995,3032,1350,1682,490,168,322
14363,11171,5503,5668,1118,573,545,6553,3407,3146,3496,1521,1975,402,205,197,4353,1958,2395,2510,1044,1466,450,133,317
14364,10724,5230,5494,1032,537,495,5965,3040,2925,3727,1653,2074,363,184,179,4683,2138,2545,2624,1108,1516,585,191,394
14366,17013,8292,8721,2595,1301,1294,10125,5131,4994,4259,1842,2417,955,488,467,5259,2321,2938,3071,1290,1781,586,149,437
14382,11786,5619,6167,896,436,460,6511,3297,3214,4125,1747,2378,265,122,143,5085,2231,2854,2924,1170,1754,607,164,443
14383,7333,3425,3908,573,289,284,3919,1936,1983,2840,1200,1640,189,95,94,3468,1523,1945,2083,847,1236,380,112,268
14384,25026,11556,13470,2271,1180,1091,12859,6322,6537,9768,3994,5774,790,417,373,11689,4878,6811,7253,2829,4424,1515,406,1109
14401,40343,20935,19408,4655,2397,2258,24294,12986,11308,10526,5045,5481,1572,816,756,13728,6670,7058,6887,3210,3677,934,315,619
14402,3214,1644,1570,320,166,154,1852,990,862,1038,485,553,102,47,55,1353,648,705,689,309,380,133,40,93
15100,810157,389512,420645,98367,50248,48119,488815,243543,245272,217107,92252,124855,37359,19006,18353,274835,120495,154340,154278,61948,92330,34908,10052,24856
15101,76328,36973,39355,9270,4838,4432,45800,22880,22920,20806,8995,11811,3351,1732,1619,26901,11991,14910,14238,5804,8434,3006,820,2186
15102,137577,66001,71576,17319,8904,8415,83111,40998,42113,36356,15675,20681,6656,3429,3227,45943,20271,25672,25543,10478,15065,4951,1464,3487
15103,183767,87721,96046,20886,10713,10173,114710,56604,58106,45324,18669,26655,8461,4351,4110,56636,24171,32465,32488,12706,19782,7438,2174,5264
15104,68906,33407,35499,9100,4659,4441,40714,20536,20178,18897,8107,10790,3386,1718,1668,24039,10638,13401,13275,5327,7948,3124,802,2322
15105,76843,36689,40154,9771,4966,4805,44480,22118,22362,22381,9478,12903,3483,1781,1702,28318,12426,15892,16274,6495,9779,4019,1204,2815
15106,45685,22068,23617,5493,2711,2782,27459,13944,13515,12593,5332,7261,2094,990,1104,16196,7177,9019,9079,3557,5522,2416,685,1731
15107,162833,78714,84119,20013,10100,9913,98506,49298,49208,43124,18598,24526,7642,3831,3811,54306,23946,30360,30674,12656,18018,6727,2053,4674
15108,58218,27939,30279,6515,3357,3158,34035,17165,16870,17626,7398,10228,2286,1174,1112,22496,9875,12621,12707,4925,7782,3227,850,2377
15202,275133,134198,140935,34453,17551,16902,160452,81910,78542,79166,34105,45061,12745,6553,6192,99582,44141,55441,57527,23363,34164,14269,4386,9883
15204,99192,48094,51098,11962,6144,5818,57474,29056,28418,29492,12756,16736,4344,2263,2081,37181,16565,20616,21427,8733,12694,4757,1398,3359
15205,86833,43098,43735,10001,5175,4826,49656,26104,23552,26772,11497,15275,3636,1853,1783,33488,14900,18588,19584,7855,11729,4953,1484,3469
15206,98611,47412,51199,11830,6019,5811,57378,29178,28200,29110,12073,17037,4478,2250,2228,36836,15866,20970,21126,8106,13020,5190,1434,3756
15208,36498,17998,18500,4388,2246,2142,20274,10556,9718,11770,5155,6615,1556,784,772,14649,6616,8033,8643,3582,5061,2211,665,1546
15209,27852,13447,14405,2897,1521,1376,15738,8004,7734,9165,3891,5274,1008,535,473,11463,5050,6413,6687,2680,4007,1514,426,1088
15210,54917,26642,28275,6266,3234,3032,28866,14840,14026,19725,8534,11191,2221,1127,1094,24445,10892,13553,14925,6111,8814,4018,1167,2851
15211,40608,19636,20972,4906,2516,2390,23491,11779,11712,12157,5306,6851,1840,933,907,15211,6822,8389,8812,3638,5174,2008,618,1390
15212,62442,29824,32618,6609,3415,3194,33578,17200,16378,22167,9161,13006,2269,1170,1099,27349,11710,15639,16602,6418,10184,4125,1156,2969
15213,79784,38770,41014,9885,4987,4898,47021,23900,23121,22686,9762,12924,3601,1782,1819,28532,12677,15855,16387,6772,9615,3404,977,2427
15216,44162,21538,22624,4816,2474,2342,22942,12068,10874,16346,6954,9392,1629,857,772,19875,8733,11142,12354,5013,7341,3094,920,2174
15217,33199,16097,17102,3704,1915,1789,18234,9406,8828,11235,4755,6480,1309,686,623,13878,6106,7772,8382,3292,5090,2280,648,1632
15218,51404,24596,26808,5806,2957,2849,28848,14644,14204,16737,6985,9752,1997,1030,967,20923,9066,11857,12182,4734,7448,3025,840,2185
15222,196987,95990,100997,25048,13001,12047,111997,57369,54628,58970,25082,33888,9102,4753,4349,73930,32552,41378,43014,17037,25977,10929,3010,7919
15223,43415,20870,22545,5079,2621,2458,25235,12819,12416,13067,5409,7658,1787,896,891,16865,7364,9501,9568,3670,5898,2627,679,1948
15224,57255,27450,29805,5986,3117,2869,28126,14628,13498,23060,9671,13389,2200,1155,1045,27492,11963,15529,17795,6944,10851,4895,1516,3379
15225,37352,18207,19145,4283,2166,2117,20742,10691,10051,12280,5318,6962,1405,711,694,15648,7030,8618,9282,3730,5552,2609,768,1841
15226,58568,28545,30023,7371,3824,3547,34066,17290,16776,17131,7431,9700,2788,1406,1382,22126,9994,12132,12592,5097,7495,3659,1093,2566
15227,30198,14611,15587,3464,1753,1711,16871,8646,8225,9804,4167,5637,1276,637,639,12347,5432,6915,7182,2819,4363,1839,449,1390
15307,14040,7018,7022,2054,1103,951,8524,4515,4009,3407,1361,2046,841,448,393,4376,1849,2527,2423,881,1542,672,155,517
15342,8209,3951,4258,1102,547,555,4833,2434,2399,2272,969,1303,385,196,189,2953,1302,1651,1589,617,972,366,93,273
15361,12188,5877,6311,1277,663,614,6993,3546,3447,3918,1668,2250,425,226,199,4998,2197,2801,2791,1103,1688,716,196,520
15385,11680,5598,6082,965,519,446,5422,2884,2538,5290,2192,3098,272,142,130,6268,2723,3545,4247,1629,2618,1145,348,797
15405,4528,2156,2372,423,205,218,2276,1195,1081,1829,756,1073,153,64,89,2192,940,1252,1393,523,870,455,133,322
15461,8046,4050,3996,771,383,388,4547,2443,2104,2728,1224,1504,275,132,143,3443,1612,1831,1996,834,1162,486,162,324
15482,10029,4810,5219,989,509,480,5131,2703,2428,3909,1598,2311,351,184,167,4789,2065,2724,3196,1225,1971,1181,339,842
15504,4775,2476,2299,609,322,287,2787,1500,1287,1353,628,725,252,138,114,1772,836,936,969,411,558,229,74,155
15581,5832,2758,3074,601,314,287,2949,1535,1414,2282,909,1373,195,107,88,2773,1161,1612,1798,663,1135,506,146,360
15586,370,184,186,33,17,16,187,107,80,150,60,90,10,4,6,193,86,107,129,47,82,28,6,22
16201,418686,203427,215259,52626,26980,25646,245586,124837,120749,117978,50050,67928,19427,9942,9485,145604,63552,82052,83821,33649,50172,18365,5317,13048
16202,172125,82802,89323,19223,9917,9306,94740,47556,47184,53973,22939,31034,6977,3572,3405,65847,28610,37237,38084,15280,22804,8489,2443,6046
16204,42935,20921,22014,4851,2456,2395,23977,12575,11402,13867,5773,8094,1662,816,846,16814,7242,9572,9941,3923,6018,2278,636,1642
16205,47992,22769,25223,4915,2536,2379,25803,13003,12800,17268,7225,10043,1602,834,768,21095,9093,12002,12419,4836,7583,3076,932,2144
16206,32755,15855,16900,4256,2222,2034,18995,9717,9278,9377,3842,5535,1517,817,700,11528,4864,6664,6641,2542,4099,1489,388,1101
16207,40991,19920,21071,5117,2665,2452,22855,11704,11151,12266,5154,7112,1865,976,889,14982,6457,8525,8846,3497,5349,2062,598,1464
16208,49000,23781,25219,6733,3470,3263,28209,14273,13936,13837,5922,7915,2389,1223,1166,17201,7552,9649,9874,3907,5967,2587,784,1803
16209,30399,14602,15797,3319,1700,1619,16681,8439,8242,10386,4454,5932,1178,638,540,12788,5634,7154,7462,2964,4498,2044,606,1438
16210,51327,24423,26904,5622,2910,2712,27152,13667,13485,18513,7819,10694,1967,1025,942,22526,9812,12714,13513,5283,8230,3685,1124,2561
16211,92308,44770,47538,12368,6341,6027,53154,26899,26255,26457,11320,15137,4336,2262,2074,32743,14339,18404,18223,7398,10825,3914,1073,2841
16321,2982,1421,1561,549,280,269,1833,895,938,599,245,354,186,97,89,745,314,431,460,174,286,111,30,81
16322,20930,10002,10928,2302,1187,1115,11581,5832,5749,7034,2973,4061,784,403,381,8575,3720,4855,4973,1998,2975,1063,298,765
16323,26317,12663,13654,3131,1596,1535,14745,7462,7283,7891,3304,4587,1010,494,516,9832,4270,5562,5665,2226,3439,1293,357,936
16342,25335,12096,13239,2742,1367,1375,14093,7178,6915,8442,3518,4924,921,458,463,10348,4454,5894,6086,2409,3677,1555,439,1116
16343,12246,5695,6551,1094,584,510,6141,3084,3057,5011,2027,2984,346,191,155,5993,2505,3488,3756,1432,2324,924,273,651
17201,465699,226007,239692,59946,30632,29314,282984,141759,141225,114346,48530,65816,23260,11884,11376,142169,62022,80147,79129,31686,47443,17499,5035,12464
17202,55325,26218,29107,6041,3065,2976,29571,14750,14821,18940,7973,10967,2130,1090,1040,23376,10160,13216,13459,5286,8173,3391,982,2409
17203,106919,51844,55075,14691,7428,7263,60708,30555,30153,28772,12424,16348,5433,2767,2666,35327,15580,19747,20188,8336,11852,4376,1287,3089
17204,27216,12795,14421,2283,1152,1131,13198,6896,6302,11715,4733,6982,763,390,373,14004,5864,8140,8797,3314,5483,2387,689,1698
17205,14625,6762,7863,1157,577,580,6642,3425,3217,6816,2751,4065,407,207,200,8177,3434,4743,5132,1923,3209,1305,371,934
17206,67186,31420,35766,7749,3911,3838,36992,18257,18735,22262,9170,13092,2720,1407,1313,27195,11487,15708,15786,6124,9662,3522,976,2546
17207,21729,10288,11441,2272,1126,1146,11340,5684,5656,7922,3358,4564,796,393,403,9651,4194,5457,5701,2253,3448,1389,416,973
17209,34219,16396,17823,4681,2393,2288,19682,9731,9951,9812,4244,5568,1654,843,811,12061,5329,6732,6816,2772,4044,1426,380,1046
17210,109287,53085,56202,15721,7941,7780,65303,32561,32742,27915,12360,15555,5533,2766,2767,35703,16154,19549,18643,7813,10830,3928,1147,2781
17211,48881,24265,24616,7596,3960,3636,29195,15028,14167,11983,5209,6774,2708,1397,1311,14835,6583,8252,8296,3433,4863,1768,512,1256
17212,55099,28657,26442,7961,4053,3908,34620,18655,15965,9824,4282,5542,3489,1782,1707,12656,5655,7001,6535,2658,3877,1501,391,1110
17324,6347,3124,3223,1296,696,600,3731,1863,1868,1312,559,753,456,242,214,1636,725,911,913,361,552,218,57,161
17361,36968,17994,18974,5436,2746,2690,23177,11567,11610,8146,3560,4586,1904,943,961,10408,4681,5727,5563,2290,3273,1143,339,804
17365,26987,13017,13970,3721,1918,1803,16654,8152,8502,6435,2821,3614,1319,696,623,8149,3678,4471,4315,1825,2490,757,191,566
17384,20422,9651,10771,2073,1027,1046,10136,5151,4985,8213,3473,4740,703,339,364,10043,4369,5674,5910,2314,3596,1492,379,1113
17386,13174,6225,6949,1426,709,717,7059,3519,3540,4689,1997,2692,424,211,213,5734,2487,3247,3291,1291,2000,811,204,607
17407,17571,8447,9124,2237,1165,1072,9293,4684,4609,6034,2594,3440,776,411,365,7404,3250,4154,4325,1753,2572,1009,289,720
17461,8786,4196,4590,672,356,316,4099,2188,1911,3991,1635,2356,194,108,86,4787,2039,2748,3025,1148,1877,867,245,622
17463,17568,8198,9370,1413,729,684,8131,4202,3929,8024,3267,4757,467,216,251,9675,4091,5584,6031,2250,3781,1599,454,1145
18201,265904,128892,137012,34073,17581,16492,151638,75787,75851,72481,31404,41077,12951,6739,6212,89783,39805,49978,52252,21642,30610,12194,3760,8434
18202,66165,32558,33607,9038,4620,4418,39093,20127,18966,17572,7544,10028,3371,1724,1647,22253,9922,12331,12486,5066,7420,3002,932,2070
18204,29670,14539,15131,3814,1993,1821,16630,8605,8025,9145,3885,5260,1425,727,698,11247,4945,6302,6765,2669,4096,1709,534,1175
18205,33109,15683,17426,3787,1925,1862,18063,8971,9092,11253,4783,6470,1321,663,658,14072,6191,7881,8346,3294,5052,2132,624,1508
18206,24125,11478,12647,2750,1404,1346,13167,6564,6603,8185,3496,4689,948,484,464,10243,4528,5715,6089,2417,3672,1724,515,1209
18207,68284,33105,35179,10257,5207,5050,39994,19993,20001,17811,7780,10031,3818,1951,1867,22179,9874,12305,12584,5274,7310,2864,840,2024
18208,28729,13555,15174,3291,1654,1637,16551,8199,8352,8870,3688,5182,1220,609,611,11157,4797,6360,6333,2443,3890,1597,468,1129
18209,81524,39859,41665,10928,5639,5289,47507,24021,23486,22484,9828,12656,3952,2071,1881,28119,12577,15542,16232,6726,9506,3975,1268,2707
18210,90280,43526,46754,12748,6523,6225,53361,26512,26849,23590,10174,13416,4487,2226,2261,29769,13229,16540,16759,6826,9933,3890,1121,2769
18322,19883,9621,10262,2437,1265,1172,11867,5935,5932,5413,2334,3079,821,419,402,6717,2995,3722,3982,1604,2378,957,295,662
18382,2638,1250,1388,214,108,106,1285,665,620,1139,477,662,70,36,34,1351,603,748,931,381,550,292,110,182
18404,10799,5173,5626,1332,696,636,5822,2971,2851,3645,1506,2139,478,254,224,4511,1943,2568,2732,1024,1708,803,219,584
18423,21538,10333,11205,2735,1386,1349,12043,6074,5969,6752,2867,3885,949,484,465,8540,3773,4767,4945,1919,3026,1366,384,982
18442,9914,4988,4926,1068,554,514,5532,3040,2492,3308,1388,1920,413,213,200,4106,1785,2321,2437,963,1474,617,194,423
18481,10596,5417,5179,1369,709,660,6042,3340,2702,3172,1355,1817,486,269,217,3925,1745,2180,2288,909,1379,580,165,415
18483,8325,4201,4124,1157,555,602,4680,2611,2069,2454,1001,1453,468,227,241,3090,1356,1734,1835,698,1137,491,142,349
18501,15257,7296,7961,1988,977,1011,8134,4143,3991,5134,2175,2959,708,357,351,6251,2736,3515,3928,1575,2353,1031,314,717
19201,193125,94448,98677,23105,11915,11190,112961,57866,55095,53154,22410,30744,8678,4491,4187,65210,28319,36891,39426,15827,23599,9333,2809,6524
19202,49003,23890,25113,5973,3076,2897,29054,14686,14368,12995,5632,7363,2154,1115,1039,16518,7421,9097,9537,3942,5595,1952,585,1367
19204,32002,15358,16644,3671,1843,1828,20048,9864,10184,8132,3582,4550,1278,654,624,10361,4681,5680,5961,2508,3453,1416,469,947
19205,35141,16811,18330,4271,2220,2051,19865,9870,9995,10975,4705,6270,1479,774,705,13662,6072,7590,8125,3327,4798,2105,671,1434
19206,25419,12378,13041,2210,1110,1100,14173,7258,6915,8827,3889,4938,714,347,367,11071,5060,6011,6524,2721,3803,1646,534,1112
19207,30680,15251,15429,3804,1968,1836,18288,9401,8887,8357,3747,4610,1288,669,619,10660,4886,5774,5937,2558,3379,1371,448,923
19208,70828,34741,36087,10171,5244,4927,42716,21493,21223,17702,7888,9814,3397,1761,1636,22749,10376,12373,12418,5252,7166,2922,927,1995
19209,45111,21965,23146,4613,2401,2212,23995,12239,11756,16457,7288,9169,1506,777,729,20225,9190,11035,11865,4996,6869,3000,936,2064
19210,74386,36562,37824,10614,5424,5190,45997,23299,22698,17486,7718,9768,4220,2197,2023,22359,10092,12267,11935,5086,6849,2194,656,1538
19211,69559,33654,35905,8720,4476,4244,40010,19971,20039,19541,8491,11050,3190,1611,1579,24173,10737,13436,14165,5900,8265,3434,1109,2325
19212,24805,12390,12415,2331,1185,1146,14592,7641,6951,7833,3531,4302,760,378,382,9908,4642,5266,5745,2439,3306,1358,446,912
19213,31671,15214,16457,3699,1906,1793,17174,8562,8612,10502,4580,5922,1160,592,568,12974,5795,7179,7873,3258,4615,2082,676,1406
19214,31124,15426,15698,4212,2135,2077,19577,9958,9619,7007,3155,3852,1546,757,789,9196,4268,4928,4850,2103,2747,1014,314,700
19346,15673,7561,8112,1674,876,798,8415,4332,4083,5583,2352,3231,500,263,237,6821,3014,3807,4295,1728,2567,1175,357,818
19364,1068,538,530,74,45,29,484,283,201,510,210,300,18,12,6,579,248,331,419,160,259,114,39,75
19365,12669,6171,6498,868,440,428,6321,3400,2921,5434,2289,3145,294,141,153,6507,2874,3633,4283,1692,2591,1420,446,974
19366,8067,3931,4136,743,390,353,4230,2237,1993,3094,1304,1790,236,109,127,3877,1703,2174,2318,893,1425,727,205,522
19368,15294,7361,7933,1751,897,854,8618,4394,4224,4920,2068,2852,577,296,281,6014,2617,3397,3733,1477,2256,1029,299,730
19384,19505,9875,9630,2951,1475,1476,11800,6123,5677,3705,1711,1994,1187,567,620,4754,2218,2536,2600,1163,1437,516,177,339
19422,1743,882,861,180,98,82,987,512,475,575,271,304,60,34,26,751,358,393,410,179,231,91,27,64
19423,4342,2117,2225,550,272,278,2663,1340,1323,1129,505,624,179,84,95,1447,672,775,801,336,465,158,60,98
19424,8968,4852,4116,1466,749,717,5912,3402,2510,1568,691,877,638,336,302,2158,1012,1146,1048,428,620,234,60,174
19425,5208,2559,2649,637,322,315,3021,1533,1488,1514,682,832,211,106,105,1944,895,1049,1031,439,592,229,64,165
19429,2921,1403,1518,373,190,183,1691,829,862,853,381,472,124,59,65,1104,511,593,601,248,353,143,40,103
19430,25329,12350,12979,3518,1766,1752,15647,7877,7770,6099,2669,3430,1411,675,736,7904,3574,4330,4408,1835,2573,1009,324,685
19442,726,353,373,62,32,30,336,170,166,328,151,177,26,14,12,394,182,212,244,97,147,71,28,43
19443,563,286,277,29,16,13,270,158,112,264,112,152,8,5,3,318,145,173,214,84,130,51,19,32
20201,377598,182843,194755,49052,24931,24121,216734,108303,108431,106007,46046,59961,18033,9146,8887,130618,58054,72564,77986,32471,45515,19215,6213,13002
20202,243293,119479,123814,32294,16854,15440,143259,72944,70315,64009,27615,36394,12295,6445,5850,78185,34596,43589,47306,19548,27758,11408,3585,7823
20203,156827,76776,80051,20150,10290,9860,89926,45761,44165,45685,20000,25685,7324,3814,3510,56162,25202,30960,33624,14108,19516,8320,2645,5675
20204,50128,24330,25798,6327,3221,3106,27331,13940,13391,16181,6993,9188,2167,1100,1067,19371,8510,10861,12087,5044,7043,2751,856,1895
20205,101581,48443,53138,13609,6886,6723,55546,27527,28019,31447,13461,17986,5070,2587,2483,38438,16915,21523,23786,9747,14039,6348,2009,4339
20206,50140,24392,25748,6589,3376,3213,28805,14647,14158,14543,6270,8273,2535,1283,1252,17605,7748,9857,10750,4459,6291,2582,796,1786
20207,50725,24790,25935,6622,3398,3224,28654,14534,14120,15369,6793,8576,2299,1161,1138,18906,8513,10393,11081,4738,6343,2504,792,1712
20208,42512,20623,21889,5371,2717,2654,24099,12171,11928,12857,5635,7222,1967,977,990,15995,7186,8809,9286,3862,5424,2415,719,1696
20209,68271,33445,34826,9226,4735,4491,38149,19506,18643,20421,8871,11550,3280,1631,1649,24962,11161,13801,15332,6397,8935,4035,1315,2720
20210,32759,16006,16753,4490,2304,2186,18573,9478,9095,9564,4141,5423,1605,822,783,11708,5216,6492,7138,2973,4165,1789,542,1247
20211,43909,21243,22666,5770,2949,2821,25155,12598,12557,12910,5652,7258,2094,1070,1024,16136,7272,8864,9380,3877,5503,2335,754,1581
20212,28041,13555,14486,3030,1571,1459,14900,7618,7282,9766,4194,5572,988,539,449,11925,5272,6653,7244,2949,4295,1856,572,1284
20213,21438,10365,11073,2406,1269,1137,11543,5830,5713,7426,3229,4197,790,404,386,9209,4121,5088,5563,2234,3329,1526,488,1038
20214,55912,27811,28101,7752,3961,3791,32204,16659,15545,15808,7076,8732,2871,1483,1388,19425,8846,10579,11346,4867,6479,2612,820,1792
20215,67135,33347,33788,8692,4396,4296,40175,20855,19320,18203,8052,10151,3170,1601,1569,22474,10179,12295,13366,5684,7682,3292,1044,2248
20217,99368,48454,50914,13121,6732,6389,56755,28687,28068,28506,12432,16074,4839,2466,2373,35532,15961,19571,21290,8841,12449,5850,1862,3988
20218,60298,29105,31193,7428,3756,3672,33934,17106,16828,18912,8226,10686,2512,1254,1258,23065,10246,12819,14027,5821,8206,3456,1090,2366
20219,30107,14774,15333,4018,2065,1953,17380,8801,8579,8705,3905,4800,1480,753,727,11012,5073,5939,6279,2703,3576,1593,499,1094
20220,95282,45866,49416,12355,6358,5997,54283,26908,27375,28423,12475,15948,4344,2208,2136,34986,15639,19347,20540,8680,11860,4837,1518,3319
20303,4713,2276,2437,443,235,208,2429,1259,1170,1841,782,1059,145,69,76,2232,986,1246,1439,576,863,445,130,315
20304,4607,2731,1876,505,268,237,2950,1938,1012,1151,524,627,196,102,94,1441,683,758,882,383,499,238,79,159
20305,3408,1848,1560,388,187,201,2059,1242,817,961,419,542,126,58,68,1201,549,652,734,288,446,237,71,166
20306,1005,477,528,112,55,57,476,255,221,417,167,250,31,15,16,481,203,278,328,123,205,85,24,61
20307,774,381,393,89,52,37,381,201,180,304,128,176,22,9,13,350,157,193,256,99,157,87,33,54
20309,11186,5392,5794,1202,616,586,6032,3060,2972,3951,1716,2235,417,206,211,4926,2228,2698,3043,1236,1807,877,266,611
20321,18994,9107,9887,2229,1117,1112,10772,5253,5519,5610,2492,3118,783,396,387,7039,3193,3846,3895,1654,2241,815,259,556
20323,15184,7561,7623,2062,1075,987,8927,4574,4353,3874,1731,2143,699,349,350,4899,2258,2641,2764,1176,1588,715,230,485
20324,7265,3583,3682,787,398,389,4038,2079,1959,2440,1106,1334,258,137,121,3025,1410,1615,1760,766,994,495,164,331
20349,4343,2084,2259,502,246,256,2234,1122,1112,1598,711,887,166,72,94,1947,882,1065,1215,514,701,336,105,231
20350,6166,3029,3137,624,328,296,3173,1629,1544,2344,1060,1284,216,97,119,2891,1343,1548,1736,756,980,491,199,292
20361,20236,9749,10487,2383,1205,1178,10558,5395,5163,7262,3127,4135,804,399,405,8611,3756,4855,5541,2327,3214,1263,393,870
20362,14493,7039,7454,1803,921,882,7786,3949,3837,4871,2145,2726,653,341,312,5929,2675,3254,3690,1551,2139,1090,382,708
20363,7566,3717,3849,976,483,493,4141,2124,2017,2448,1110,1338,336,177,159,3061,1425,1636,1747,740,1007,482,165,317
20382,19770,9657,10113,2375,1217,1158,10560,5403,5157,6812,3020,3792,797,410,387,8290,3750,4540,5069,2180,2889,1169,388,781
20383,25241,12681,12560,3591,1887,1704,14659,7629,7030,6891,3096,3795,1303,702,601,8541,3894,4647,4939,2146,2793,1168,398,770
20384,9530,4605,4925,1112,564,548,5212,2658,2554,3200,1379,1821,393,195,198,3935,1758,2177,2423,991,1432,623,205,418
20385,15063,7498,7565,2406,1242,1164,9214,4740,4474,3377,1476,1901,978,496,482,4295,1930,2365,2419,1022,1397,568,173,395
20386,4850,2300,2550,649,308,341,2583,1282,1301,1618,710,908,231,105,126,2008,915,1093,1208,512,696,322,100,222
20388,8821,4285,4536,1339,696,643,4983,2518,2465,2477,1056,1421,468,241,227,2986,1315,1671,1829,757,1072,453,140,313
20402,13167,6331,6836,1676,835,841,7258,3628,3630,4218,1859,2359,582,293,289,5188,2338,2850,3216,1355,1861,875,295,580
20403,13080,6269,6811,2069,1042,1027,7035,3498,3537,3970,1727,2243,738,369,369,4839,2154,2685,2944,1211,1733,808,262,546
20404,4962,2371,2591,482,263,219,2387,1250,1137,2093,858,1235,167,97,70,2477,1076,1401,1691,658,1033,579,178,401
20407,6538,3118,3420,870,461,409,3444,1718,1726,2224,939,1285,319,187,132,2741,1198,1543,1687,655,1032,545,168,377
20409,484,229,255,67,35,32,234,123,111,183,71,112,31,13,18,207,86,121,158,58,100,54,17,37
20410,970,483,487,70,38,32,422,221,201,478,224,254,19,11,8,565,272,293,390,174,216,136,52,84
20411,3851,1870,1981,579,298,281,2041,1024,1017,1231,548,683,200,100,100,1497,689,808,949,396,553,308,105,203
20412,575,270,305,63,37,26,253,121,132,259,112,147,20,11,9,299,133,166,216,84,132,56,18,38
20413,1365,634,731,79,33,46,480,267,213,806,334,472,23,9,14,927,398,529,671,263,408,209,50,159
20414,1702,786,916,177,73,104,845,434,411,680,279,401,52,23,29,803,347,456,554,211,343,188,57,131
20415,6310,3060,3250,881,453,428,3343,1715,1628,2083,890,1193,284,138,146,2572,1133,1439,1586,656,930,450,138,312
20416,6592,3222,3370,944,512,432,3554,1790,1764,2094,920,1174,340,188,152,2592,1169,1423,1602,664,938,474,165,309
20417,1023,503,520,91,43,48,412,223,189,520,237,283,34,19,15,590,280,310,434,189,245,108,40,68
20422,4670,2279,2391,442,240,202,2387,1283,1104,1838,753,1085,162,84,78,2213,939,1274,1454,555,899,398,113,285
20423,4313,2055,2258,466,237,229,2089,1086,1003,1753,729,1024,165,94,71,2101,908,1193,1354,538,816,395,132,263
20425,2926,1355,1571,316,145,171,1437,726,711,1162,478,684,117,45,72,1406,603,803,881,340,541,245,78,167
20429,839,387,452,57,26,31,455,228,227,327,133,194,17,7,10,390,165,225,265,93,172,68,17,51
20430,3825,1858,1967,386,198,188,1900,996,904,1539,664,875,129,64,65,1850,814,1036,1192,484,708,299,103,196
20432,11826,5735,6091,1205,612,593,5993,3152,2841,4586,1942,2644,423,203,220,5531,2435,3096,3484,1379,2105,871,243,628
20446,2788,1299,1489,248,130,118,1330,678,652,1210,491,719,71,40,31,1426,598,828,980,371,609,325,85,240
20448,1843,888,955,190,93,97,914,478,436,739,317,422,73,43,30,882,393,489,583,238,345,162,49,113
20450,8395,4134,4261,1268,658,610,4868,2480,2388,2254,995,1259,412,226,186,2819,1271,1548,1535,649,886,398,125,273
20451,4462,2172,2290,508,243,265,2611,1341,1270,1343,588,755,179,79,100,1666,761,905,1014,430,584,254,83,171
20452,4730,2323,2407,406,216,190,2343,1240,1103,1981,867,1114,135,70,65,2376,1057,1319,1473,612,861,417,140,277
20481,9926,4719,5207,1108,577,531,5198,2576,2622,3618,1565,2053,367,199,168,4361,1925,2436,2615,1078,1537,709,213,496
20482,9948,4762,5186,1237,606,631,5511,2769,2742,3195,1383,1812,420,202,218,3880,1716,2164,2330,957,1373,619,189,430
20485,8929,4427,4502,1064,536,528,5233,2692,2541,2625,1194,1431,383,189,194,3354,1588,1766,1803,779,1024,480,151,329
20486,2904,1454,1450,299,141,158,1509,828,681,1093,482,611,95,42,53,1314,604,710,842,356,486,200,65,135
20521,14871,7287,7584,1796,879,917,8113,4176,3937,4925,2209,2716,594,301,293,5986,2728,3258,3621,1561,2060,810,255,555
20541,10702,5136,5566,1421,743,678,5765,2807,2958,3510,1584,1926,477,249,228,4298,1952,2346,2472,1079,1393,571,181,390
20543,7033,3469,3564,863,469,394,3898,1987,1911,2263,1006,1257,270,156,114,2861,1330,1531,1612,673,939,436,133,303
20561,12429,5992,6437,1214,640,574,6464,3316,3148,4726,2024,2702,388,201,187,5752,2569,3183,3556,1441,2115,917,303,614
20562,4658,2248,2410,567,280,287,2426,1248,1178,1661,718,943,207,115,92,2093,941,1152,1242,491,751,384,108,276
20563,3479,1655,1824,364,182,182,1869,955,914,1243,515,728,120,65,55,1567,680,887,924,348,576,263,64,199
20583,8469,4113,4356,824,441,383,4342,2209,2133,3295,1460,1835,243,129,114,4136,1886,2250,2411,1008,1403,642,203,439
20588,2665,1292,1373,260,146,114,1192,641,551,1213,505,708,91,58,33,1407,615,792,975,378,597,331,106,225
20590,11063,5360,5703,1162,569,593,5922,3019,2903,3975,1769,2206,380,195,185,4986,2278,2708,2869,1194,1675,748,222,526
20602,1953,937,1016,154,83,71,816,434,382,983,420,563,56,30,26,1142,508,634,787,303,484,294,93,201
21201,406735,193760,212975,50957,25980,24977,238415,116502,121913,110490,47407,63083,18725,9523,9202,135680,59430,76250,79641,32871,46770,15134,4705,10429
21202,159879,77430,82449,21667,10986,10681,95945,47875,48070,41486,18160,23326,8166,4191,3975,51637,23093,28544,29757,12487,17270,5857,1893,3964
21203,89182,42652,46530,11972,6108,5864,49548,24852,24696,27550,11606,15944,4310,2241,2069,33686,14594,19092,20021,8025,11996,4631,1387,3244
21204,110441,53378,57063,13655,7039,6616,65654,32452,33202,30728,13665,17063,4902,2499,2403,38640,17536,21104,21201,9037,12164,3969,1173,2796
21205,89153,43422,45731,12044,6148,5896,52612,26333,26279,24347,10831,13516,4349,2239,2110,30773,13926,16847,17114,7196,9918,4087,1267,2820
21206,78883,38354,40529,10320,5348,4972,43890,22337,21553,24383,10474,13909,3802,1962,1840,29958,13191,16767,18120,7389,10731,4490,1398,3092
21207,20760,9962,10798,2350,1166,1184,11789,5889,5900,6608,2896,3712,867,424,443,8424,3804,4620,4730,1941,2789,1229,392,837
21208,38730,18622,20108,4673,2469,2204,22541,11354,11187,11404,4750,6654,1707,905,802,14010,6019,7991,8416,3278,5138,2055,570,1485
21209,67337,33007,34330,9443,4884,4559,40602,20191,20411,16939,7722,9217,3378,1730,1648,21348,9847,11501,11660,5076,6584,1933,594,1339
21210,51073,24673,26400,6364,3314,3050,28033,14256,13777,16620,7057,9563,2272,1194,1078,20470,8929,11541,12263,4883,7380,3274,988,2286
21211,55384,27362,28022,8511,4294,4217,33964,17227,16737,12349,5500,6849,3360,1671,1689,15477,7051,8426,8787,3699,5088,2028,638,1390
21212,57827,27812,30015,7118,3647,3471,33018,16514,16504,17548,7587,9961,2558,1314,1244,21543,9573,11970,12836,5312,7524,2539,761,1778
21213,144690,71167,73523,20266,10340,9926,85901,43196,42705,38131,17354,20777,7517,3865,3652,47312,21609,25703,26278,11726,14552,4450,1429,3021
21214,98695,48636,50059,13756,7055,6701,59429,29637,29792,25000,11681,13319,5192,2684,2508,31888,14952,16936,16587,7592,8995,2887,940,1947
21215,27114,13019,14095,3055,1577,1478,15503,7619,7884,8544,3818,4726,943,496,447,10837,4939,5898,6055,2558,3497,1317,430,887
21216,54354,27181,27173,8755,4551,4204,34554,17536,17018,10557,4793,5764,3661,1912,1749,13573,6277,7296,7136,3147,3989,1240,382,858
21217,24696,11791,12905,2866,1443,1423,12589,6409,6180,9237,3935,5302,959,456,503,11056,4807,6249,7024,2824,4200,1681,501,1180
21218,33995,16534,17461,4849,2493,2356,19665,9846,9819,9442,4176,5266,1574,800,774,11855,5321,6534,6542,2758,3784,1404,415,989
21219,42090,20396,21694,5218,2667,2551,22222,11334,10888,14604,6362,8242,1859,919,940,17951,8038,9913,11179,4633,6546,3107,1033,2074
21220,33585,16008,17577,3830,1985,1845,17160,8618,8542,12560,5379,7181,1336,682,654,15099,6623,8476,9577,3905,5672,2418,783,1635
21221,35206,17154,18052,4062,2039,2023,20889,10454,10435,10246,4653,5593,1314,656,658,13280,6164,7116,7041,3028,4013,1429,458,971
21302,24622,12004,12618,3695,1889,1806,15425,7596,7829,5311,2424,2887,1583,796,787,6643,3065,3578,3667,1619,2048,591,183,408
21303,22750,10662,12088,3118,1575,1543,13423,6427,6996,6157,2623,3534,1193,620,573,7445,3227,4218,4516,1849,2667,863,253,610
21341,29029,14139,14890,3622,1871,1751,16999,8514,8485,8381,3735,4646,1190,632,558,10806,4943,5863,5760,2413,3347,1193,362,831
21361,27556,13509,14047,3742,1957,1785,15973,8021,7952,7802,3502,4300,1261,685,576,9800,4480,5320,5442,2349,3093,1194,358,836
21362,7419,3616,3803,749,377,372,3988,2021,1967,2682,1218,1464,235,127,108,3286,1500,1786,1941,838,1103,439,143,296
21381,19282,9458,9824,2489,1268,1221,11156,5598,5558,5633,2589,3044,869,433,436,7067,3266,3801,3874,1726,2148,659,203,456
21382,9973,4883,5090,1511,749,762,6132,3111,3021,2299,1008,1291,572,300,272,3008,1362,1646,1570,640,930,383,91,292
21383,14752,7278,7474,2190,1094,1096,8684,4422,4262,3851,1753,2098,731,358,373,4816,2240,2576,2646,1164,1482,492,163,329
21401,21503,10248,11255,2390,1209,1181,11545,5761,5784,7567,3277,4290,764,394,370,9327,4149,5178,5487,2229,3258,1300,404,896
21403,23453,11423,12030,3452,1790,1662,13933,6930,7003,6043,2690,3353,1117,580,537,7695,3462,4233,4152,1784,2368,850,276,574
21404,24347,11817,12530,3564,1809,1755,14297,7166,7131,6477,2836,3641,1260,656,604,8083,3625,4458,4568,1922,2646,962,292,670
21421,18169,8662,9507,2697,1391,1306,11443,5511,5932,4028,1759,2269,996,531,465,5112,2275,2837,2799,1158,1641,493,165,328
21501,8202,4291,3911,1041,555,486,5107,2779,2328,2020,924,1096,405,215,190,2648,1242,1406,1342,571,771,305,91,214
21502,5564,2682,2882,738,391,347,3198,1569,1629,1626,720,906,298,150,148,2035,921,1114,1142,469,673,292,88,204
21503,10197,4973,5224,1318,680,638,5814,2927,2887,3043,1352,1691,494,247,247,3771,1716,2055,2235,932,1303,573,194,379
21504,3876,1825,2051,341,173,168,1914,953,961,1620,698,922,103,51,52,1975,877,1098,1236,509,727,343,115,228
21505,11027,5291,5736,1146,587,559,5839,2949,2890,4036,1752,2284,386,199,187,4969,2216,2753,3025,1247,1778,767,283,484
21506,8392,3957,4435,780,386,394,4006,2020,1986,3606,1551,2055,243,120,123,4335,1946,2389,2817,1138,1679,837,286,551
21507,2261,1076,1185,244,125,119,1064,545,519,953,406,547,81,42,39,1137,489,648,760,304,456,184,70,114
21521,18111,8947,9164,2210,1165,1045,10700,5435,5265,5152,2318,2834,797,440,357,6615,3047,3568,3617,1528,2089,803,240,563
21604,1609,789,820,230,109,121,868,452,416,511,228,283,87,45,42,620,269,351,369,154,215,82,23,59
22100,704989,343338,361651,85299,43798,41501,415466,209891,205575,200229,86792,113437,32040,16511,15529,247677,110166,137511,144543,59991,84552,29074,8722,20352
22101,253593,121761,131832,31096,15972,15124,147341,73209,74132,74152,31911,42241,11772,6073,5699,91610,40462,51148,53985,22335,31650,11432,3410,8022
22102,212419,105257,107162,26509,13671,12838,130564,66801,63763,53531,23473,30058,10355,5360,4995,66661,29942,36719,38428,16201,22227,7431,2308,5123
22103,238977,116320,122657,27694,14155,13539,137561,69881,67680,72546,31408,41138,9913,5078,4835,89406,39762,49644,52130,21455,30675,10211,3004,7207
22130,797980,395509,402471,107411,55452,51959,473435,242447,230988,208355,92451,115904,40803,21052,19751,260698,118620,142078,149829,63560,86269,32053,10121,21932
22131,237443,118259,119184,29534,15112,14422,144553,74413,70140,57891,25417,32474,11414,5831,5583,72720,32830,39890,41373,17408,23965,7920,2610,5310
22132,128555,63832,64723,18520,9667,8853,77166,39402,37764,31430,13999,17431,7258,3800,3458,39284,17931,21353,22354,9584,12770,4323,1296,3027
22133,111353,54982,56371,16164,8318,7846,65475,33485,31990,29420,12980,16440,5763,2930,2833,36594,16557,20037,21177,8878,12299,4774,1381,3393
22134,100870,50443,50427,13520,6957,6563,60084,31075,29009,26262,11866,14396,5039,2569,2470,32722,15085,17637,18671,8195,10476,3382,1064,2318
22135,93567,45885,47682,12375,6443,5932,54597,27657,26940,26335,11627,14708,4652,2378,2274,33205,15050,18155,19001,7890,11111,4982,1551,3431
22136,95900,47517,48383,14820,7698,7122,56496,28559,27937,24274,11090,13184,5856,3123,2733,30712,14249,16463,17257,7569,9688,3772,1270,2502
22137,30292,14591,15701,2478,1257,1221,15064,7856,7208,12743,5472,7271,821,421,400,15461,6918,8543,9996,4036,5960,2900,949,1951
22203,195633,95980,99653,22389,11394,10995,115320,59319,56001,57076,24681,32395,7867,4026,3841,71035,31621,39414,40904,16819,24085,8042,2359,5683
22205,37544,16926,20618,2666,1352,1314,18077,8903,9174,16742,6641,10101,923,463,460,19623,8018,11605,12560,4730,7830,2684,795,1889
22206,110046,53836,56210,14217,7274,6943,65811,33296,32515,29366,12863,16503,5263,2707,2556,37014,16643,20371,20838,8875,11963,3676,1125,2551
22207,130770,64281,66489,17681,9143,8538,77294,39400,37894,34921,15206,19715,6406,3291,3115,44563,19950,24613,24455,10146,14309,4954,1428,3526
22208,68345,31828,36517,6829,3464,3365,33849,16527,17322,26762,11360,15402,2304,1171,1133,31845,13690,18155,19401,7928,11473,3575,995,2580
22209,98112,47806,50306,12778,6538,6240,56193,28404,27789,28840,12701,16139,4738,2422,2316,35916,16234,19682,20950,8837,12113,4905,1543,3362
22210,248399,121901,126498,33258,16861,16397,148073,75388,72685,64166,27993,36173,12001,6068,5933,80993,36519,44474,45483,18974,26509,8399,2496,5903
22211,167210,84130,83080,22848,11741,11107,99905,52118,47787,43711,19801,23910,8650,4468,4182,55804,25905,29899,30444,13181,17263,6486,2045,4441
22212,139462,68168,71294,18420,9614,8806,81840,41072,40768,38648,17183,21465,6684,3417,3267,48159,21741,26418,27316,11740,15576,5270,1636,3634
22213,114602,57126,57476,16060,8277,7783,69041,35499,33542,29096,13082,16014,6213,3187,3026,37724,17482,20242,20527,8639,11888,5007,1575,3432
22214,143605,70049,73556,19303,9843,9460,84051,41890,42161,39753,18037,21716,7415,3710,3705,50109,22931,27178,28003,12353,15650,5515,1813,3702
22215,88078,45159,42919,12995,6654,6341,54185,29089,25096,20244,8984,11260,4928,2506,2422,25827,11760,14067,14508,6154,8354,2927,935,1992
22216,85789,43206,42583,13001,6735,6266,52667,27334,25333,18997,8522,10475,5169,2681,2488,24783,11509,13274,13117,5516,7601,2908,903,2005
22219,22916,11009,11907,2234,1153,1081,11658,5986,5672,8848,3756,5092,759,392,367,10667,4648,6019,6469,2601,3868,1401,423,978
22220,52737,26837,25900,7672,3856,3816,32448,17179,15269,12384,5679,6705,3137,1572,1565,16004,7453,8551,8565,3783,4782,1571,494,1077
22221,59789,30550,29239,8080,4127,3953,36227,19262,16965,15079,6870,8209,2965,1512,1453,19080,8868,10212,10459,4545,5914,2145,685,1460
22222,31317,14837,16480,2933,1454,1479,16489,8259,8230,11752,5048,6704,933,453,480,14493,6383,8110,8597,3464,5133,2117,614,1503
22223,32578,16499,16079,4171,2127,2044,19139,10184,8955,8767,3887,4880,1533,777,756,11237,5180,6057,6126,2538,3588,1540,468,1072
22224,46763,23488,23275,6755,3409,3346,28176,14626,13550,11682,5351,6331,2616,1313,1303,15100,7044,8056,8150,3503,4647,1993,661,1332
22225,48152,23031,25121,5889,3062,2827,27334,13474,13860,14788,6410,8378,2101,1066,1035,18311,8113,10198,10400,4302,6098,2162,618,1544
22226,45547,22331,23216,5632,2868,2764,26685,13735,12950,13137,5681,7456,2100,1069,1031,16695,7497,9198,9489,3847,5642,2505,755,1750
22301,12624,5929,6695,1065,528,537,6206,3064,3142,5348,2334,3014,322,146,176,6469,2867,3602,3845,1580,2265,772,241,531
22302,7303,3512,3791,793,380,413,3600,1851,1749,2910,1281,1629,262,145,117,3549,1602,1947,2136,908,1228,526,182,344
22304,8524,4054,4470,824,419,405,3956,1990,1966,3744,1645,2099,264,124,140,4565,2033,2532,2704,1102,1602,721,229,492
22305,6837,3223,3614,627,326,301,3258,1641,1617,2949,1253,1696,203,96,107,3557,1552,2005,2206,900,1306,543,179,364
22306,8234,3864,4370,666,344,322,3661,1838,1823,3906,1681,2225,181,94,87,4662,2043,2619,2943,1222,1721,741,244,497
22325,37661,18301,19360,4712,2456,2256,21587,10768,10819,11315,5045,6270,1784,943,841,14087,6348,7739,7879,3391,4488,1430,398,1032
22341,32118,15573,16545,4609,2385,2224,19571,9733,9838,7790,3360,4430,1721,881,840,9607,4251,5356,5623,2358,3265,995,293,702
22342,42331,21229,21102,6862,3452,3410,26348,13699,12649,8932,3970,4962,2776,1420,1356,11135,5065,6070,6458,2799,3659,1129,382,747
22344,19497,10386,9111,2377,1250,1127,11929,6845,5084,5092,2225,2867,892,461,431,6515,2963,3552,3717,1537,2180,854,268,586
22424,29093,14422,14671,4216,2165,2051,17672,9095,8577,6924,2993,3931,1540,786,754,8866,3967,4899,4852,1972,2880,1080,294,786
22429,7192,3532,3660,535,265,270,3335,1801,1534,3321,1465,1856,195,90,105,3899,1771,2128,2653,1099,1554,773,276,497
22461,18528,9143,9385,2277,1198,1079,10518,5438,5080,5709,2492,3217,796,425,371,7270,3294,3976,4281,1750,2531,1185,385,800
23100,2295638,1133640,1161998,282497,144830,137667,1429795,730108,699687,545210,237737,307473,113659,58352,55307,675726,303158,372568,388393,161098,227295,71203,21624,49579
23101,164696,80513,84183,18661,9492,9169,102073,51701,50372,37411,15528,21883,7643,3881,3762,46612,19984,26628,26511,10465,16046,5151,1583,3568
23102,78043,37265,40778,7917,4117,3800,47484,23190,24294,17445,7312,10133,3499,1814,1685,21842,9479,12363,12194,4792,7402,2347,712,1635
23103,163579,79474,84105,18473,9394,9079,99012,50107,48905,44928,19226,25702,7358,3748,3610,55133,24313,30820,32513,13202,19311,6051,1825,4226
23104,149098,73955,75143,17549,9007,8542,94026,48622,45404,35211,15233,19978,7228,3670,3558,43430,19437,23993,25621,10492,15129,4341,1281,3060
23105,133206,67601,65605,12897,6630,6267,82689,43987,38702,36114,15961,20153,5547,2835,2712,43942,20062,23880,26294,10982,15312,4892,1508,3384
23106,83203,40684,42519,5726,2809,2917,56900,29444,27456,16877,6713,10164,2790,1379,1411,21205,8909,12296,11882,4345,7537,2512,682,1830
23107,107170,53635,53535,11714,6068,5646,68438,35540,32898,24613,10514,14099,4881,2569,2312,30485,13510,16975,17826,7120,10706,3908,1182,2726
23108,105357,50762,54595,12743,6522,6221,64779,32186,32593,26997,11692,15305,5055,2617,2438,33337,14901,18436,19297,7923,11374,3981,1258,2723
23109,65895,32545,33350,6633,3379,3254,39848,20427,19421,16721,7218,9503,2762,1406,1356,20801,9329,11472,11954,4863,7091,2395,728,1667
23110,220281,109245,111036,28373,14630,13743,137358,70289,67069,52140,23035,29105,11263,5790,5473,64326,29170,35156,37133,15671,21462,6284,1882,4402
23111,146745,73673,73072,18290,9358,8932,90262,47094,43168,37307,16653,20654,6521,3384,3137,46576,21399,25177,26117,11066,15051,4429,1233,3196
23112,136935,69355,67580,14991,7680,7311,82244,43600,38644,39018,17788,21230,5908,3031,2877,48157,22607,25550,27992,12069,15923,5158,1575,3583
23113,172845,85555,87290,25787,13158,12629,105138,53609,51529,40782,18018,22764,10343,5224,5119,50099,22582,27517,28931,12317,16614,5074,1557,3517
23114,241822,119098,122724,37957,19605,18352,150863,75500,75363,51818,23430,28388,14957,7779,7178,65082,29840,35242,35962,15732,20230,5917,1864,4053
23115,164080,79203,84877,23865,12170,11695,104300,51206,53094,33483,14337,19146,9508,4849,4659,41933,18339,23594,23621,9704,13917,4503,1408,3095
23116,162683,81077,81606,20921,10811,10110,104381,53606,50775,34345,15079,19266,8396,4376,4020,42766,19297,23469,24545,10355,14190,4260,1346,2914
23201,374765,187801,186964,52524,26901,25623,230340,119403,110937,89758,40046,49712,19967,10250,9717,112915,51540,61375,62254,26496,35758,11884,3677,8207
23202,381051,192771,188280,56430,29073,27357,240554,125076,115478,81907,37244,44663,22539,11583,10956,105238,48857,56381,55658,24204,31454,10492,3229,7263
23203,380868,185869,194999,52948,27148,25800,227596,113223,114373,97058,43397,53661,19183,9995,9188,119902,54503,65399,68872,30076,38796,10794,3369,7425
23204,129046,63189,65857,16575,8422,8153,75384,38165,37219,36066,16084,19982,5942,3017,2925,44304,20026,24278,25310,11024,14286,4176,1231,2945
23205,116908,58444,58464,16261,8476,7785,73218,37620,35598,26728,11870,14858,5951,3108,2843,33543,15337,18206,18701,8016,10685,3372,969,2403
23206,306508,151955,154553,43271,22064,21207,185242,94017,91225,75000,34302,40698,16815,8621,8194,92385,42523,49862,52045,23439,28606,7777,2461,5316
23207,182436,90869,91567,26153,13345,12808,110203,56759,53444,45256,20221,25035,9996,5091,4905,56436,25668,30768,31482,13569,17913,5986,1815,4171
23208,63431,30880,32551,8007,4098,3909,37568,18905,18663,17628,7742,9886,2610,1383,1227,21573,9682,11891,12623,5393,7230,2215,631,1584
23209,71346,36623,34723,10330,5394,4936,44563,23808,20755,16182,7219,8963,3772,1936,1836,20570,9461,11109,11684,4903,6781,2326,719,1607
23210,149765,78456,71309,21942,11232,10710,98318,53572,44746,28303,12972,15331,9203,4676,4527,36064,16872,19192,19203,8444,10759,3358,1010,2348
23211,422542,222169,200373,60357,31060,29297,272081,148022,124059,87315,41211,46104,23219,11941,11278,112333,53454,58879,57656,26317,31339,9788,3180,6608
23212,184140,94073,90067,28829,14860,13969,118563,62452,56111,35936,16373,19563,11266,5788,5478,45887,21263,24624,24397,10654,13743,4217,1376,2841
23213,167990,84669,83321,24236,12431,11805,103106,53883,49223,40211,18045,22166,9230,4718,4512,50978,23450,27528,28007,11895,16112,5633,1711,3922
23214,81100,40230,40870,10397,5592,4805,47709,24608,23101,22677,9877,12800,3678,1899,1779,27643,12351,15292,16394,6890,9504,3067,935,2132
23215,74308,36949,37359,9851,4986,4865,43519,22368,21151,20670,9386,11284,3417,1701,1716,25235,11512,13723,14578,6552,8026,2512,816,1696
23216,56547,27629,28918,8135,4128,4007,33202,16774,16428,14143,6199,7944,3286,1691,1595,17334,7789,9545,10301,4328,5973,2001,623,1378
23217,98359,48035,50324,13334,6838,6496,58122,28878,29244,25805,11652,14153,4709,2387,2322,31779,14503,17276,18208,8049,10159,2759,885,1874
23219,149462,75430,74032,20267,10327,9940,89973,46390,43583,33816,15601,18215,7749,3943,3806,42623,19853,22770,23055,10433,12622,3343,1045,2298
23220,136867,67500,69367,18437,9527,8910,83165,41939,41226,34642,15731,18911,7054,3640,3414,43400,20003,23397,24137,10680,13457,4063,1332,2731
23221,47133,23138,23995,5536,2871,2665,26055,13276,12779,15371,6876,8495,1888,973,915,19194,8763,10431,11183,4712,6471,2834,926,1908
23222,111944,58170,53774,17325,8935,8390,69662,37773,31889,23735,10784,12951,7023,3640,3383,29651,13824,15827,16731,7362,9369,2552,871,1681
23223,89157,45390,43767,13915,7006,6909,54984,28742,26242,18427,8525,9902,5735,2875,2860,22993,10729,12264,12714,5745,6969,2066,703,1363
23224,84617,42428,42189,11829,6090,5739,50839,26071,24768,21432,9998,11434,4271,2230,2041,27052,12762,14290,14699,6823,7876,2215,739,1476
23225,70501,36667,33834,10164,5289,4875,45714,24543,21171,13414,6107,7307,4161,2158,2003,16879,7936,8943,9319,4144,5175,1551,509,1042
23226,80787,39251,41536,11504,5852,5652,48186,23733,24453,19920,9030,10890,4154,2104,2050,24652,11203,13449,13853,6142,7711,2280,737,1543
23227,46236,23889,22347,7459,3849,3610,29818,16017,13801,8750,3898,4852,2810,1427,1383,11032,5072,5960,6255,2646,3609,1166,372,794
23228,47562,23695,23867,6100,3121,2979,29672,15154,14518,11361,5211,6150,2442,1241,1201,14313,6682,7631,7889,3551,4338,1109,378,731
23229,69127,34879,34248,9047,4715,4332,42605,22005,20600,17047,7884,9163,3411,1774,1637,21128,9874,11254,11974,5408,6566,1842,577,1265
23230,87977,43723,44254,14347,7302,7045,55182,27894,27288,17230,7743,9487,5899,2985,2914,21376,9727,11649,12197,5407,6790,2154,653,1501
23231,62364,31908,30456,8164,4291,3873,37946,20333,17613,15960,7108,8852,3087,1621,1466,20275,9329,10946,11394,4732,6662,2810,889,1921
23232,63088,30678,32410,8108,4186,3922,36473,18049,18424,18448,8411,10037,2591,1345,1246,22500,10320,12180,12987,5808,7179,2136,684,1452
23233,67327,33820,33507,9534,4789,4745,41834,21747,20087,15377,6926,8451,4011,2042,1969,19217,8832,10385,10801,4701,6100,1770,587,1183
23234,84133,42010,42123,12572,6432,6140,51227,26323,24904,19908,9061,10847,5014,2521,2493,24205,11099,13106,13952,6333,7619,1762,563,1199
23235,43269,21554,21715,5894,3045,2849,26249,13445,12804,10702,4817,5885,2220,1135,1085,13198,6010,7188,7538,3342,4196,1254,417,837
23236,61810,32646,29164,10170,5235,4935,40940,22179,18761,10371,5036,5335,3672,1880,1792,13200,6527,6673,7012,3370,3642,909,316,593
23237,86898,43229,43669,12390,6273,6117,51921,26404,25517,22091,10229,11862,4587,2369,2218,26932,12491,14441,15198,7024,8174,1801,594,1207
23238,57598,28419,29179,9897,5039,4858,37414,18630,18784,8691,3948,4743,4312,2216,2096,11172,5153,6019,5852,2602,3250,950,285,665
23302,42858,21440,21418,7068,3621,3447,26070,13300,12770,9462,4380,5082,2582,1299,1283,11687,5418,6269,6417,2957,3460,942,293,649
23342,15177,7769,7408,2423,1247,1176,9342,4925,4417,3332,1545,1787,964,509,455,4149,1945,2204,2302,1045,1257,279,96,183
23361,23274,11679,11595,3554,1798,1756,14304,7439,6865,5377,2411,2966,1375,703,672,6629,3000,3629,3795,1641,2154,660,183,477
23362,33806,16737,17069,4871,2467,2404,20070,10199,9871,8787,4012,4775,1871,942,929,10615,4872,5743,6209,2826,3383,1015,330,685
23424,30990,15485,15505,4988,2481,2507,18888,9656,9232,6345,2922,3423,1976,986,990,7939,3683,4256,4278,1948,2330,562,149,413
23425,37085,18266,18819,4759,2431,2328,22966,11579,11387,8867,3976,4891,1844,926,918,11098,5088,6010,6147,2679,3468,950,306,644
23427,4397,2131,2266,604,308,296,2433,1242,1191,1342,573,769,220,111,109,1662,727,935,961,382,579,268,75,193
23441,27747,13623,14124,4476,2274,2202,16116,8092,8024,7096,3219,3877,2104,1059,1045,8746,3987,4759,4932,2180,2752,879,276,603
23442,49230,24535,24695,6913,3545,3368,29957,15285,14672,11921,5487,6434,2562,1312,1250,14795,6828,7967,8242,3708,4534,1389,443,946
23445,18707,9067,9640,1823,935,888,10412,5318,5094,6438,2795,3643,646,329,317,7955,3564,4391,4699,1904,2795,1022,294,728
23446,23575,11514,12061,2648,1417,1231,14254,7135,7119,6450,2845,3605,887,471,416,8017,3639,4378,4554,1930,2624,936,275,661
23447,42473,21412,21061,6242,3154,3088,25934,13582,12352,10069,4535,5534,2307,1150,1157,12529,5757,6772,6883,3039,3844,1067,310,757
23501,39549,19897,19652,6641,3397,3244,24736,12701,12035,8100,3740,4360,2683,1371,1312,10450,4871,5579,5460,2365,3095,1070,348,722
23561,5074,2455,2619,398,193,205,2270,1207,1063,2401,1051,1350,133,63,70,2848,1279,1569,1903,781,1122,586,200,386
23562,3446,1632,1814,279,152,127,1487,779,708,1680,701,979,100,55,45,1982,859,1123,1322,508,814,429,145,284
23563,1135,527,608,109,59,50,476,251,225,550,217,333,25,11,14,660,279,381,443,168,275,141,43,98
24201,279886,135718,144168,35663,18335,17328,165058,82799,82259,77624,33635,43989,13217,6821,6396,95772,42479,53293,56609,23582,33027,12184,3823,8361
24202,311031,154674,156357,41253,21062,20191,189755,97762,91993,75660,33546,42114,15548,7911,7637,93935,42492,51443,53510,22932,30578,9492,2994,6498
24203,127817,60467,67350,15880,8133,7747,73987,36053,37934,37432,15951,21481,5823,2980,2843,46227,20080,26147,27361,11079,16282,5843,1817,4026
24204,163863,78548,85315,21390,11078,10312,95765,47150,48615,45713,19731,25982,8038,4166,3872,56831,25187,31644,33331,13758,19573,7519,2347,5172
24205,140303,68740,71563,19309,9786,9523,84198,42210,41988,34590,15418,19172,7392,3759,3633,43298,19640,23658,24264,10373,13891,4584,1419,3165
24207,196403,97500,98903,26758,13563,13195,117737,59680,58057,45500,20590,24910,9611,4834,4777,57353,26264,31089,31434,13802,17632,5802,1797,4005
24208,78795,37908,40887,10058,5136,4922,46149,22555,23594,22084,9929,12155,3826,1947,1879,28615,13102,15513,14907,6427,8480,2837,849,1988
24209,18009,8382,9627,1754,879,875,8833,4368,4465,7375,3100,4275,612,296,316,8821,3789,5032,5598,2293,3305,1137,359,778
24210,50254,25226,25028,7014,3570,3444,30083,15707,14376,12440,5555,6885,2779,1438,1341,15646,7122,8524,8799,3734,5065,2008,609,1399
24211,19448,9082,10366,1950,1037,913,10621,5201,5420,6835,2823,4012,625,342,283,8512,3649,4863,5082,1968,3114,1259,383,876
24212,17322,7946,9376,1731,874,857,8345,4110,4235,7226,2953,4273,599,295,304,8666,3662,5004,5547,2163,3384,1366,411,955
24214,45815,23220,22595,5856,2992,2864,27858,14736,13122,11575,5124,6451,2124,1103,1021,14616,6636,7980,8281,3496,4785,1917,585,1332
24215,50341,23336,27005,4941,2511,2430,26335,12744,13591,18648,7848,10800,1622,819,803,22604,9715,12889,13926,5616,8310,3048,923,2125
24216,90581,43932,46649,10763,5488,5275,51131,26273,24858,28668,12158,16510,3917,1983,1934,35413,15489,19924,21086,8420,12666,5274,1528,3746
24303,6357,3153,3204,653,345,308,3783,1950,1833,1919,856,1063,193,97,96,2456,1119,1337,1328,568,760,261,75,186
24324,25344,12353,12991,3374,1691,1683,14704,7239,7465,6967,3252,3715,1240,648,592,9141,4299,4842,4436,2014,2422,809,234,575
24341,40210,19584,20626,5789,2916,2873,24067,12138,11929,10187,4425,5762,2150,1078,1072,12563,5577,6986,7290,3026,4264,1508,396,1112
24343,10560,5229,5331,2225,1158,1067,6017,2992,3025,2015,893,1122,792,409,383,2415,1066,1349,1474,638,836,290,95,195
24344,14752,7577,7175,2364,1253,1111,9575,5044,4531,2735,1222,1513,1017,531,486,3398,1530,1868,1953,802,1151,355,112,243
24441,14878,7275,7603,1900,998,902,8189,4221,3968,4655,1966,2689,642,347,295,5770,2520,3250,3505,1391,2114,989,303,686
24442,22586,10738,11848,3036,1546,1490,12880,6282,6598,6518,2824,3694,1084,557,527,8139,3600,4539,4742,1960,2782,1221,394,827
24443,9557,4520,5037,987,499,488,4765,2372,2393,3797,1644,2153,331,164,167,4555,2014,2541,2922,1201,1721,832,293,539
24461,15431,7406,8025,2300,1172,1128,9011,4438,4573,3956,1700,2256,823,436,387,4973,2190,2783,2882,1185,1697,702,207,495
24470,8309,3975,4334,1010,535,475,4652,2300,2352,2646,1140,1506,351,206,145,3303,1470,1833,1933,773,1160,498,138,360
24471,8939,4183,4756,758,406,352,4126,2055,2071,4039,1710,2329,238,127,111,4777,2079,2698,3168,1287,1881,792,244,548
24472,12788,5974,6814,860,463,397,5644,2879,2765,6278,2628,3650,261,140,121,7323,3149,4174,5007,2010,2997,1122,357,765
24543,16338,7579,8759,1512,765,747,7888,3912,3976,6899,2867,4032,447,221,226,8265,3566,4699,5323,2126,3197,1318,373,945
24561,8741,4071,4670,1046,535,511,4414,2199,2215,3279,1336,1943,336,170,166,3937,1663,2274,2481,967,1514,676,198,478
24562,11207,5220,5987,1391,745,646,6007,2896,3111,3786,1564,2222,495,276,219,4671,1989,2682,2738,1080,1658,698,192,506
25201,340973,164799,176174,47815,24418,23397,207110,101790,105320,83118,36774,46344,18001,9226,8775,104666,47210,57456,57324,24386,32938,11432,3562,7870
25202,113679,56090,57589,15979,8228,7751,70040,35591,34449,26223,11489,14734,6136,3136,3000,33268,15009,18259,18723,7802,10921,4178,1241,2937
25203,118193,57703,60490,16132,8349,7783,68787,34748,34039,31244,13555,17689,5850,3028,2822,38868,17370,21498,22868,9444,13424,5366,1621,3745
25204,81312,39822,41490,11752,5986,5766,48372,24291,24081,20726,9286,11440,4750,2426,2324,26339,12031,14308,14375,6137,8238,2859,824,2035
25206,137247,70129,67118,19741,10116,9625,87537,45791,41746,26879,12291,14588,8047,4080,3967,34266,15880,18386,18155,8139,10016,3166,944,2222
25207,79859,39315,40544,13597,6955,6642,48523,24128,24395,16381,7508,8873,5224,2687,2537,20903,9704,11199,11120,4997,6123,2075,689,1386
25208,66749,33186,33563,12256,6266,5990,42658,21512,21146,11721,5331,6390,4847,2465,2382,15027,6950,8077,7748,3443,4305,1318,410,908
25209,90901,45070,45831,12503,6519,5984,54758,28123,26635,23205,10148,13057,4427,2247,2180,29429,13356,16073,16449,6778,9671,3792,1116,2676
25210,49889,24644,25245,7318,3832,3486,29963,15028,14935,11956,5436,6520,2836,1474,1362,15117,6962,8155,8093,3597,4496,1484,436,1048
25211,54289,28117,26172,7588,3938,3650,34727,18457,16270,11576,5444,6132,2975,1541,1434,15339,7349,7990,7503,3366,4137,1348,393,955
25212,50025,24460,25565,5861,3060,2801,28055,14235,13820,16018,7107,8911,2086,1117,969,19852,9053,10799,11763,4923,6840,2801,878,1923
25213,114180,56601,57579,16495,8511,7984,69096,35461,33635,28095,12324,15771,6237,3185,3052,35770,16186,19584,19932,8223,11709,4808,1414,3394
25214,38719,18825,19894,5229,2706,2523,22646,11386,11260,10706,4651,6055,1911,961,950,13289,5943,7346,7979,3274,4705,1907,581,1326
25383,21873,10884,10989,2835,1431,1404,12840,6688,6152,6088,2679,3409,1089,543,546,7649,3460,4189,4358,1758,2600,1101,320,781
25384,12434,6516,5918,1667,880,787,7788,4287,3501,2970,1341,1629,626,320,306,3900,1797,2103,2024,851,1173,497,145,352
25425,20778,10325,10453,3642,1862,1780,12570,6441,6129,4487,1972,2515,1475,727,748,5648,2548,3100,3190,1312,1878,770,234,536
25441,7422,3595,3827,1156,561,595,4273,2171,2102,1959,848,1111,432,213,219,2464,1102,1362,1387,562,825,338,91,247
25442,7039,3367,3672,926,481,445,4009,1992,2017,2098,891,1207,316,183,133,2630,1160,1470,1489,594,895,306,88,218
25443,7355,3493,3862,958,489,469,3968,1959,2009,2427,1045,1382,334,169,165,3014,1327,1687,1788,705,1083,499,131,368
26100,1475183,699748,775435,162141,82924,79217,886422,432209,454213,381132,160694,220438,62771,32206,30565,465144,200494,264650,270351,108822,161529,53718,15354,38364
26101,119474,56984,62490,12404,6372,6032,71026,35250,35776,32027,13295,18732,4514,2372,2142,38840,16536,22304,23180,9222,13958,5088,1550,3538
26102,85113,39212,45901,7608,3857,3751,50468,24034,26434,21538,8711,12827,2881,1491,1390,25688,10710,14978,15868,6091,9777,3558,1062,2496
26103,168266,81338,86928,17372,8807,8565,101520,51221,50299,43834,18138,25696,6879,3464,3415,53166,22490,30676,31571,12447,19124,7186,1977,5209
26104,109341,50377,58964,11148,5684,5464,68725,31973,36752,26138,10849,15289,4555,2357,2198,31776,13445,18331,18962,7464,11498,3778,1051,2727
26105,39044,16694,22350,2895,1479,1416,22142,9632,12510,12238,4772,7466,1137,603,534,14528,5837,8691,9013,3298,5715,2013,555,1458
26106,82668,37933,44735,7669,3966,3703,52671,24479,28192,18184,7454,10730,3318,1694,1624,21978,9257,12721,13076,5088,7988,2680,816,1864
26107,99927,49725,50202,11566,5936,5630,62692,32250,30442,24161,10615,13546,4817,2477,2340,30214,13709,16505,16762,6921,9841,3032,916,2116
26108,204262,96673,107589,23283,11940,11343,120369,58580,61789,53086,22419,30667,8973,4625,4348,64809,28004,36805,38038,15384,22654,7332,2069,5263
26109,280655,134441,146214,33193,17002,16191,168374,83219,85155,73539,31130,42409,12439,6388,6051,90629,39158,51471,51067,20573,30494,9552,2601,6951
26110,135471,64273,71198,15370,7828,7542,78506,38339,40167,38612,16530,22082,5855,2989,2866,46518,20287,26231,26978,11084,15894,5086,1385,3701
26111,150962,72098,78864,19633,10053,9580,89929,43232,46697,37775,16781,20994,7403,3746,3657,46998,21061,25937,25836,11250,14586,4413,1372,3041
26201,78935,39156,39779,10917,5595,5322,44673,23522,21151,22787,9652,13135,4326,2231,2095,27810,12167,15643,16563,6639,9924,4336,1357,2979
26202,83990,41694,42296,11276,5735,5541,46768,24869,21899,25428,10775,14653,4213,2104,2109,30715,13370,17345,18305,7428,10877,4321,1269,3052
26203,33821,16197,17624,3910,2029,1881,17349,8829,8520,12448,5270,7178,1364,693,671,14939,6484,8455,9374,3787,5587,2523,757,1766
26204,184678,89014,95664,24236,12593,11643,107970,52844,55126,49549,22150,27399,8525,4486,4039,61359,27607,33752,33872,14924,18948,5490,1847,3643
26205,18426,8726,9700,1870,968,902,9186,4728,4458,7362,3024,4338,637,321,316,8848,3775,5073,5579,2167,3412,1558,479,1079
26206,89479,43267,46212,11845,6121,5724,53179,26041,27138,23457,10577,12880,4283,2179,2104,30083,13786,16297,15743,6828,8915,2944,846,2098
26207,76869,36952,39917,9311,4774,4537,43399,21151,22248,23922,10853,13069,3340,1747,1593,29400,13350,16050,16072,7199,8873,2510,773,1737
26208,53380,25387,27993,7429,3789,3640,31453,15240,16213,14320,6257,8063,2672,1347,1325,17519,7727,9792,9877,4225,5652,1640,510,1130
26209,80090,38789,41301,11242,5690,5552,47839,23619,24220,20546,9162,11384,4318,2195,2123,25326,11342,13984,14265,6231,8034,2428,830,1598
26210,72664,35212,37452,9485,4837,4648,42516,20977,21539,20507,9319,11188,3468,1720,1748,25751,11765,13986,13688,6145,7543,2121,639,1482
26211,70835,34728,36107,10572,5401,5171,43750,21805,21945,15943,7159,8784,3866,2012,1854,19796,8899,10897,10809,4811,5998,1765,525,1240
26212,55054,26353,28701,6700,3408,3292,28907,14788,14119,19421,8140,11281,2263,1144,1119,23407,10140,13267,14507,5746,8761,3874,1145,2729
26213,33145,16057,17088,3551,1850,1701,18240,9360,8880,10957,4579,6378,1304,677,627,13381,5817,7564,8277,3280,4997,2297,683,1614
26214,72840,34805,38035,12532,6448,6084,43272,20680,22592,16648,7537,9111,4581,2378,2203,21286,9656,11630,10895,4767,6128,2116,605,1511
26303,15181,7385,7796,2138,1105,1033,8895,4417,4478,4112,1836,2276,809,416,393,5009,2248,2761,2955,1305,1650,498,180,318
26322,15805,7699,8106,2022,1040,982,8883,4424,4459,4510,2044,2466,691,359,332,5613,2546,3067,2950,1323,1627,524,155,369
26343,7910,3840,4070,858,454,404,4585,2326,2259,2462,1057,1405,298,157,141,3058,1346,1712,1793,754,1039,331,105,226
26344,9319,4647,4672,1196,609,587,5632,2912,2720,2488,1124,1364,409,220,189,3199,1485,1714,1707,750,957,309,95,214
26364,1368,644,724,63,30,33,678,334,344,627,280,347,20,6,14,759,345,414,476,201,275,95,28,67
26365,3956,1846,2110,328,165,163,2022,970,1052,1606,711,895,97,45,52,1999,881,1118,1129,473,656,238,65,173
26366,36376,17390,18986,5830,2971,2859,22705,10829,11876,7838,3588,4250,1942,1023,919,10120,4675,5445,5191,2341,2850,919,261,658
26367,2652,1256,1396,175,93,82,1353,669,684,1105,481,624,53,31,22,1393,636,757,818,358,460,154,52,102
26407,14453,6817,7636,1389,676,713,7283,3659,3624,5769,2472,3297,434,209,225,6959,3066,3893,4348,1772,2576,1180,377,803
26463,2110,1006,1104,162,88,74,971,531,440,977,387,590,67,37,30,1188,517,671,766,286,480,229,73,156
26465,21834,10357,11477,2688,1387,1301,11610,5780,5830,7498,3159,4339,895,479,416,9122,3958,5164,5542,2219,3323,1399,406,993
27100,2691185,1302562,1388623,295298,151063,144235,1682798,837700,845098,668698,289561,379137,120185,61419,58766,825122,369232,455890,477356,194218,283138,85522,24384,61138
27102,104727,50528,54199,11901,6121,5780,66489,32735,33754,24281,10555,13726,4918,2524,2394,31036,13949,17087,16802,6795,10007,3029,897,2132
27103,72484,34168,38316,8470,4342,4128,48395,23298,25097,14181,5847,8334,3802,1985,1817,17746,7565,10181,9963,3911,6052,1845,531,1314
27104,66656,32580,34076,7894,4075,3819,40818,20682,20136,17285,7387,9898,3364,1732,1632,21493,9557,11936,12296,4968,7328,2045,605,1440
27106,92430,43582,48848,10211,5226,4985,65514,31167,34347,14491,6095,8396,5092,2635,2457,18726,8132,10594,9850,3848,6002,1895,497,1398
27107,82035,40096,41939,8799,4468,4331,49585,25098,24487,21692,9429,12263,3344,1681,1663,26567,12037,14530,15643,6499,9144,2655,787,1868
27108,65141,31794,33347,7292,3753,3539,38152,19450,18702,19548,8511,11037,2606,1343,1263,24191,10909,13282,13874,5649,8225,2400,648,1752
27109,75729,35201,40528,9523,4949,4574,49163,22915,26248,14529,5934,8595,4033,2061,1972,18497,7809,10688,10296,3915,6381,2083,583,1500
27111,69766,35475,34291,4630,2407,2223,48428,25073,23355,12738,5930,6808,2406,1265,1141,16156,7913,8243,8776,3732,5044,1590,440,1150
27113,95490,46979,48511,12339,6261,6078,59469,30373,29096,23332,10147,13185,4495,2273,2222,29157,13145,16012,16412,6718,9694,2885,805,2080
27114,175530,86372,89158,18256,9332,8924,112436,57386,55050,41124,17713,23411,7589,3856,3733,50862,22745,28117,29211,11839,17372,4915,1404,3511
27115,80563,38547,42016,8783,4469,4314,49930,24594,25336,20316,8590,11726,3500,1794,1706,25089,10929,14160,14629,5740,8889,2899,832,2067
27116,130167,62670,67497,11982,6153,5829,76786,39094,37692,40621,17101,23520,4572,2361,2211,49147,21433,27714,29999,11779,18220,5977,1539,4438
27117,91608,43760,47848,9519,4790,4729,54894,27408,27486,26834,11398,15436,3709,1858,1851,32552,14312,18240,19548,7809,11739,3845,1118,2727
27118,164697,78463,86234,20420,10495,9925,101894,49879,52015,41082,17455,23627,7995,4104,3891,50602,22133,28469,29230,11736,17494,5131,1534,3597
27119,107626,49519,58107,13312,6748,6564,65949,31174,34775,27171,10948,16223,5217,2652,2565,33406,13935,19471,19726,7441,12285,4170,1175,2995
27120,154239,72068,82171,18277,9266,9011,93184,45335,47849,41553,16816,24737,7407,3684,3723,50307,21053,29254,30496,11652,18844,6217,1723,4494
27121,126299,59645,66654,14352,7333,7019,74568,36630,37938,36601,15278,21323,5385,2714,2671,44067,19004,25063,26994,10642,16352,5394,1488,3906
27122,111883,64639,47244,7730,4009,3721,57633,33333,24300,41187,24016,17171,2805,1457,1348,50214,30042,20172,28988,15794,13194,4179,1375,2804
27123,176201,87316,88885,18139,9317,8822,115840,59455,56385,39965,17187,22778,7763,3967,3796,49972,22193,27779,27642,11036,16606,4821,1367,3454
27124,111557,53439,58118,17298,8855,8443,69038,33754,35284,24082,10116,13966,6974,3602,3372,29581,12772,16809,17493,7058,10435,2693,784,1909
27125,122988,59131,63857,13479,6889,6590,73428,36287,37141,34487,15002,19485,5175,2655,2520,43260,19267,23993,23738,9714,14024,4042,1139,2903
27126,196633,93242,103391,24207,12395,11812,116351,57349,59002,53454,22260,31194,8865,4544,4321,63806,27324,36482,39483,15734,23749,5800,1727,4073
27127,123667,59820,63847,10533,5360,5173,85198,42251,42947,22773,9390,13383,5186,2669,2517,28882,12387,16495,15665,6085,9580,2945,793,2152
27128,93069,43528,49541,7952,4050,3902,69656,32980,36676,15371,6456,8915,3983,2003,1980,19806,8687,11119,10602,4124,6478,2067,593,1474
27140,839310,402379,436931,112964,57789,55175,495966,244243,251723,224064,96806,127258,42202,21480,20722,274748,120609,154139,156963,65962,91001,25599,7440,18159
27141,148205,73157,75048,16648,8579,8069,89499,46416,43083,39593,16900,22693,6349,3223,3126,48885,21588,27297,28028,11289,16739,5144,1504,3640
27142,124543,60183,64360,18126,9211,8915,74366,36884,37482,31125,13547,17578,6885,3475,3410,38481,17028,21453,21568,9123,12445,3493,875,2618
27143,85189,40457,44732,11249,5713,5536,49089,23955,25134,24524,10607,13917,4293,2185,2108,29834,13082,16752,17275,7271,10004,2754,803,1951
27144,135746,65315,70431,20101,10223,9878,80848,39898,40950,34017,14704,19313,7364,3699,3665,42040,18551,23489,24061,10051,14010,4168,1271,2897
27145,147626,68799,78827,18742,9588,9154,82722,38819,43903,45776,20163,25613,6345,3268,3077,55874,24571,31303,31350,13816,17534,4521,1358,3163
27146,158845,75581,83264,22609,11635,10974,96920,47181,49739,38017,16020,21997,9055,4637,4418,46105,19765,26340,27174,11179,15995,4238,1288,2950
27147,39156,18887,20269,5489,2840,2649,22522,11090,11432,11012,4865,6147,1911,993,918,13529,6024,7505,7507,3233,4274,1281,341,940
27202,194911,93160,101751,26903,13817,13086,117058,57399,59659,50357,21603,28754,9724,4989,4735,62476,27400,35076,35810,14732,21078,6151,1783,4368
27203,395479,187319,208160,53939,27585,26354,239768,116311,123457,99979,42327,57652,21578,11057,10521,122351,52969,69382,71608,29094,42514,12290,3654,8636
27204,103069,49372,53697,13229,6757,6472,62134,30610,31524,26342,11308,15034,4912,2505,2407,32307,14060,18247,18783,7814,10969,3618,1170,2448
27205,374468,180669,193799,51299,26336,24963,232245,114723,117522,84369,35995,48374,20522,10536,9986,104873,45508,59365,58983,24194,34789,10085,3111,6974
27206,75897,36207,39690,10541,5360,5181,47014,23096,23918,18005,7581,10424,3803,1909,1894,22381,9674,12707,12539,5052,7487,2099,566,1533
27207,351829,168057,183772,45483,23146,22337,206532,100446,106086,96684,42388,54296,16920,8453,8467,117716,51978,65738,68827,29721,39106,11013,3515,7498
27208,88694,42581,46113,13109,6713,6396,53387,26242,27145,21996,9509,12487,4553,2361,2192,27392,12147,15245,15724,6490,9234,2613,747,1866
27209,143042,68987,74055,14704,7510,7194,79995,39856,40139,39163,16735,22428,5409,2786,2623,47206,20673,26533,28236,11691,16545,4201,1291,2910
27210,404152,192816,211336,51925,26593,25332,233387,112137,121250,105394,46755,58639,18630,9461,9169,131277,58836,72441,72413,31552,40861,11369,3413,7956
27211,280033,135705,144328,40576,20898,19678,171442,84383,87059,64953,28575,36378,15739,8107,7632,80999,36217,44782,44839,19206,25633,7566,2231,5335
27212,268800,128284,140516,34379,17444,16935,158364,77885,80479,72703,31130,41573,12672,6461,6211,88650,38594,50056,52038,21614,30424,8096,2338,5758
27213,100966,48506,52460,12961,6736,6225,62181,30781,31400,24968,10504,14464,4573,2331,2242,30996,13442,17554,17856,7144,10712,3149,918,2231
27214,113984,53693,60291,13698,6996,6702,69034,32956,36078,30821,13545,17276,4791,2495,2296,38535,17236,21299,21544,9146,12398,3545,1133,2412
27215,237518,115131,122387,25901,13177,12724,143006,71036,71970,68072,30644,37428,9520,4838,4682,85334,38987,46347,46400,20484,25916,5896,1833,4063
27216,106987,50182,56805,11696,5989,5707,61214,29042,32172,33289,14791,18498,4006,2099,1907,41487,18686,22801,23377,10206,13171,4227,1314,2913
27217,120750,58096,62654,14556,7476,7080,70991,35148,35843,34335,14870,19465,5075,2626,2449,41492,18248,23244,24549,10380,14169,3539,1005,2534
27218,123217,60302,62915,15638,7910,7728,74562,37655,36907,31077,13777,17300,5532,2791,2741,38364,17227,21137,21489,9312,12177,2931,882,2049
27219,186109,89868,96241,27802,14130,13672,114623,56360,58263,42145,18460,23685,9954,5038,4916,53626,23925,29701,28594,12046,16548,4692,1354,3338
27220,133411,63938,69473,17971,9189,8782,75763,36790,38973,32778,14352,18426,6894,3418,3476,40409,17883,22526,22814,9844,12970,4130,1264,2866
27221,71112,33978,37134,8674,4445,4229,43343,21167,22176,18719,8142,10577,3070,1582,1488,23281,10324,12957,12920,5470,7450,1968,580,1388
27222,112683,53243,59440,14371,7289,7082,66057,32006,34051,31843,13719,18124,4783,2416,2367,38926,17010,21916,22619,9426,13193,3956,1177,2779
27223,123576,60620,62956,14182,7207,6975,74181,37738,36443,34289,15069,19220,4996,2534,2462,41721,18769,22952,24187,10280,13907,2780,846,1934
27224,85007,42365,42642,11403,5827,5576,52471,26984,25487,20623,9263,11360,4625,2334,2291,25580,11660,13920,14012,6163,7849,1881,554,1327
27225,56529,26856,29673,7613,3814,3799,33597,16520,17077,15223,6469,8754,2701,1365,1336,18643,8081,10562,10780,4363,6417,1973,557,1416
27226,65438,30809,34629,8621,4406,4215,38975,18757,20218,17413,7453,9960,3193,1691,1502,21372,9333,12039,12420,5137,7283,2130,642,1488
27227,502784,246053,256731,59078,30167,28911,295365,147997,147368,134685,59499,75186,21283,10802,10481,164571,73991,90580,94748,40375,54373,13813,4070,9743
27228,62438,29859,32579,8926,4527,4399,36127,17706,18421,16799,7347,9452,3074,1561,1513,20789,9209,11580,11806,4996,6810,1909,530,1379
27229,56075,27468,28607,7892,4135,3757,33271,16618,16653,14261,6317,7944,2581,1326,1255,17427,7830,9597,9809,4285,5524,1308,345,963
27230,76435,36661,39774,10623,5474,5149,45681,22163,23518,20048,8983,11065,3631,1852,1779,24592,11139,13453,14096,6302,7794,2047,627,1420
27231,57792,27208,30584,7932,4063,3869,34114,16312,17802,15419,6629,8790,2839,1450,1389,19071,8326,10745,10807,4582,6225,1881,573,1308
27232,54276,25782,28494,6847,3434,3413,31830,15325,16505,15566,6998,8568,2283,1118,1165,19667,8913,10754,10664,4660,6004,1672,471,1201
27301,29983,14289,15694,4385,2229,2156,17826,8591,9235,7656,3399,4257,1816,912,904,9746,4339,5407,5175,2226,2949,877,274,603
27321,19934,9451,10483,1573,828,745,10607,4958,5649,7752,3664,4088,444,230,214,9787,4595,5192,5129,2394,2735,838,261,577
27322,10256,4899,5357,822,423,399,5864,2896,2968,3569,1579,1990,229,105,124,4555,2081,2474,2398,988,1410,515,155,360
27341,17298,8281,9017,2396,1203,1193,10145,5083,5062,4737,1979,2758,806,398,408,5791,2485,3306,3426,1357,2069,676,190,486
27361,44435,21679,22756,6182,3181,3001,26634,13158,13476,11412,5189,6223,2027,1054,973,14504,6598,7906,7574,3389,4185,1326,385,941
27362,8417,4227,4190,1245,627,618,5151,2735,2416,1920,816,1104,421,218,203,2316,999,1317,1414,577,837,257,84,173
27366,15938,7388,8550,1567,794,773,8553,4116,4437,5787,2462,3325,462,223,239,7002,3027,3975,4224,1731,2493,811,241,570
27381,13748,6723,7025,1861,952,909,8266,4140,4126,3553,1582,1971,570,296,274,4454,2030,2424,2460,1062,1398,474,153,321
27382,16126,7838,8288,1870,960,910,9441,4731,4710,4672,2066,2606,587,300,287,5795,2634,3161,3384,1472,1912,626,198,428
27383,5378,2558,2820,476,255,221,2691,1313,1378,2186,975,1211,160,82,78,2655,1190,1465,1497,663,834,293,85,208
28100,1537272,726700,810572,185084,94580,90504,921967,445463,476504,411427,175824,235603,70056,35679,34377,511158,223768,287390,291349,118608,172741,55811,16693,39118
28101,213634,100886,112748,28123,14419,13704,132846,63739,69107,49623,20900,28723,10690,5522,5168,61848,26672,35176,34936,13953,20983,7042,2169,4873
28102,136088,64302,71786,16493,8382,8111,84284,41095,43189,33522,13702,19820,6564,3344,3220,41210,17338,23872,24422,9461,14961,5295,1564,3731
28105,106956,52619,54337,10133,5157,4976,63028,32353,30675,32099,13963,18136,4019,2045,1974,38828,17481,21347,23555,9560,13995,4566,1310,3256
28106,97912,45842,52070,9657,5003,4654,55202,27215,27987,31825,12993,18832,3596,1843,1753,38488,16335,22153,23535,9006,14529,4460,1265,3195
28107,162468,74795,87673,18473,9320,9153,93424,43724,49700,49167,20872,28295,6971,3467,3504,60148,25845,34303,34869,14232,20637,6261,1869,4392
28108,219474,102740,116734,28813,14836,13977,126296,60534,65762,62261,26231,36030,11331,5851,5480,76192,32793,43399,45079,18368,26711,8669,2689,5980
28109,219805,103783,116022,28194,14419,13775,126853,60714,66139,62118,27250,34868,9834,4943,4891,77184,34400,42784,43443,18570,24873,7754,2384,5370
28110,135153,63013,72140,11711,5827,5884,86471,41299,45172,33518,14085,19433,5200,2597,2603,41611,18070,23541,23657,9314,14343,4397,1279,3118
28111,245782,118720,127062,33487,17217,16270,153563,74790,78773,57294,25828,31466,11851,6067,5784,75649,34834,40815,37853,16144,21709,7367,2164,5203
28201,535664,258724,276940,75155,38542,36613,324094,161344,162750,134671,57729,76942,28306,14607,13699,168146,74008,94138,94374,38574,55800,17081,4932,12149
28202,452563,219059,233504,50036,25442,24594,265526,131882,133644,121155,52374,68781,19830,10111,9719,149338,66050,83288,85735,35542,50193,14019,4048,9971
28203,293409,141801,151608,39714,20209,19505,178803,88677,90126,74142,32394,41748,15599,7850,7749,92489,41293,51196,51481,21557,29924,8926,2639,6287
28204,487850,228354,259496,66025,33914,32111,293369,138077,155292,109205,46758,62447,24649,12594,12055,136410,59297,77113,75682,31082,44600,13802,4130,9672
28205,44258,20992,23266,5168,2663,2505,24238,11846,12392,14712,6394,8318,1813,945,868,18163,8088,10075,10562,4361,6201,2635,872,1763
28206,95350,43089,52261,12518,6389,6129,56130,25577,30553,25943,10735,15208,4639,2338,2301,31960,13443,18517,18472,7365,11107,3890,1220,2670
28207,196883,95641,101242,27762,14113,13649,121160,60467,60693,47286,20601,26685,10798,5508,5290,58583,25865,32718,33200,14017,19183,5521,1758,3763
28208,30129,14511,15618,3365,1705,1660,16316,8299,8017,10348,4412,5936,1325,667,658,12554,5479,7075,7382,2976,4406,1605,453,1152
28209,82250,39494,42756,10620,5449,5171,45281,22770,22511,25983,11052,14931,3911,2006,1905,32137,14058,18079,19234,7706,11528,4978,1534,3444
28210,267435,131170,136265,36724,18819,17905,163163,82041,81122,66824,29908,36916,13845,7108,6737,84910,38672,46238,45766,19926,25840,7609,2403,5206
28212,48567,23331,25236,6064,3172,2892,27715,13785,13930,14623,6259,8364,2117,1136,981,18130,7961,10169,10525,4266,6259,2235,663,1572
28213,40866,19512,21354,5248,2713,2535,22907,11412,11495,12652,5349,7303,1923,1006,917,15476,6692,8784,9367,3741,5626,2040,582,1458
28214,224903,104215,120688,29691,15057,14634,130976,60849,70127,59733,25688,34045,10827,5508,5319,73519,31944,41575,42011,17613,24398,7668,2396,5272
28215,77178,37061,40117,8996,4599,4397,43612,21480,22132,24530,10954,13576,3122,1575,1547,30476,13822,16654,17288,7547,9741,3436,1065,2371
28216,91030,44397,46633,12137,6188,5949,54718,27426,27292,23967,10621,13346,4414,2272,2142,30295,13711,16584,16219,6905,9314,2713,764,1949
28217,156375,73882,82493,20347,10409,9938,88809,42508,46301,47024,20832,26192,7205,3691,3514,56555,25235,31320,34355,15086,19269,5769,1898,3871
28218,48580,23730,24850,7052,3656,3396,28711,14390,14321,12647,5586,7061,2472,1292,1180,15993,7224,8769,8847,3753,5094,1901,552,1349
28219,112691,54184,58507,14634,7563,7071,73966,35697,38269,23952,10845,13107,5433,2775,2658,32807,15332,17475,16023,6663,9360,3362,965,2397
28220,44313,21653,22660,5125,2622,2503,25623,13045,12578,13486,5922,7564,1771,866,905,17002,7641,9361,9672,3979,5693,2425,738,1687
28221,41490,19760,21730,4890,2516,2374,22896,11348,11548,13420,5723,7697,1839,943,896,16724,7387,9337,9823,3915,5908,2616,779,1837
28222,24288,11694,12594,2820,1478,1342,12655,6427,6228,8781,3767,5014,976,521,455,10757,4755,6002,6667,2707,3960,1942,617,1325
28223,64660,30793,33867,8352,4269,4083,35361,17553,17808,20902,8942,11960,3029,1528,1501,25792,11350,14442,15414,6216,9198,4110,1248,2862
28224,46912,22445,24467,5760,2888,2872,25404,12701,12703,15679,6819,8860,2110,1026,1084,19377,8635,10742,11379,4685,6694,3058,958,2100
28225,30805,14810,15995,3822,2013,1809,16663,8387,8276,10225,4333,5892,1406,745,661,12639,5563,7076,7675,3070,4605,2207,718,1489
28226,43977,20808,23169,4944,2550,2394,22995,11406,11589,15874,6774,9100,1785,908,877,19397,8543,10854,11886,4762,7124,3350,1013,2337
28227,37773,18024,19749,4829,2486,2343,20813,10393,10420,12118,5137,6981,1605,840,765,15267,6711,8556,8793,3501,5292,2166,634,1532
28228,40310,19619,20691,5426,2727,2699,24522,12310,12212,10161,4454,5707,2075,1052,1023,12857,5799,7058,7272,2995,4277,1703,530,1173
28229,77419,37260,40159,10188,5232,4956,45127,22509,22618,21867,9376,12491,3695,1925,1770,27548,12148,15400,15297,6214,9083,3151,867,2284
28301,30838,14550,16288,4651,2385,2266,18087,8561,9526,8095,3601,4494,1376,687,689,10550,4820,5730,5528,2358,3170,1214,313,901
28365,21200,10208,10992,2580,1346,1234,11405,5729,5676,7201,3125,4076,804,420,384,8809,3924,4885,5372,2212,3160,1362,416,946
28381,31020,15218,15802,4110,2145,1965,17911,8897,9014,8974,4155,4819,1492,779,713,11311,5239,6072,5962,2708,3254,1011,316,695
28382,33739,16409,17330,4933,2535,2398,20319,10041,10278,8441,3806,4635,1952,1016,936,10610,4828,5782,5702,2541,3161,792,267,525
28442,12300,5977,6323,1310,656,654,6915,3498,3417,4060,1813,2247,426,217,209,5105,2346,2759,2926,1245,1681,709,219,490
28443,19738,9422,10316,2698,1328,1370,11603,5709,5894,5360,2337,3023,1002,492,510,6681,2965,3716,3797,1601,2196,871,291,580
28446,11452,5371,6081,1329,662,667,6217,3052,3165,3904,1655,2249,391,214,177,4843,2128,2715,2930,1151,1779,795,225,570
28464,33690,16369,17321,5518,2872,2646,19892,9765,10127,8247,3703,4544,1939,1018,921,10540,4759,5781,5528,2420,3108,910,263,647
28481,15224,7329,7895,1686,895,791,8301,4170,4131,5235,2262,2973,534,297,237,6559,2885,3674,3675,1488,2187,856,240,616
28501,17510,8329,9181,1787,933,854,9026,4597,4429,6695,2798,3897,592,314,278,8284,3617,4667,5087,1962,3125,1477,410,1067
28585,18070,8659,9411,2065,1076,989,9374,4861,4513,6630,2721,3909,699,360,339,8124,3508,4616,5133,1997,3136,1339,413,926
28586,14819,7007,7812,1708,879,829,7642,3903,3739,5467,2223,3244,570,281,289,6746,2842,3904,4145,1553,2592,1193,320,873
29201,360310,167899,192411,42796,21750,21046,212572,100576,111996,102416,44221,58195,15649,7932,7717,127069,55666,71403,72437,30314,42123,14383,4387,9996
29202,64817,30438,34379,6880,3505,3375,39702,19151,20551,18097,7705,10392,2375,1226,1149,22732,9992,12740,12721,5256,7465,2020,594,1426
29203,87050,41255,45795,10367,5283,5084,50119,24224,25895,25677,11243,14434,3684,1857,1827,31972,14168,17804,18130,7707,10423,3312,994,2318
29204,67398,32993,34405,8441,4431,4010,42135,21140,20995,16156,7093,9063,3239,1687,1552,20235,9074,11161,11615,4871,6744,2437,725,1712
29205,124111,58888,65223,16143,8234,7909,74614,35869,38745,32188,14141,18047,6076,3086,2990,40176,17918,22258,22583,9699,12884,3896,1162,2734
29206,57244,27060,30184,7037,3641,3396,33687,16289,17398,16419,7087,9332,2598,1339,1259,20585,9116,11469,11674,4815,6859,2400,704,1696
29207,30997,14577,16420,3019,1539,1480,17444,8579,8865,10528,4455,6073,1003,502,501,13125,5722,7403,7772,3045,4727,1917,568,1349
29208,26868,12499,14369,2337,1179,1158,14471,7130,7341,9976,4150,5826,746,384,362,12137,5231,6906,7322,2929,4393,1566,450,1116
29209,118233,55972,62261,17360,8837,8523,69444,32908,36536,30293,13559,16734,6320,3204,3116,37921,17095,20826,20478,9093,11385,3461,1055,2406
29210,77561,36779,40782,12712,6444,6268,45745,21747,23998,16783,7486,9297,4586,2333,2253,21056,9439,11617,11546,5071,6475,2103,626,1477
29211,36635,17357,19278,5568,2869,2699,21308,10217,11091,9699,4229,5470,2153,1122,1031,12089,5368,6721,6690,2817,3873,1347,371,976
29212,31105,14708,16397,2997,1566,1431,16718,8149,8569,11386,4993,6393,948,463,485,14231,6378,7853,8190,3413,4777,1958,558,1400
29322,3674,1752,1922,304,157,147,1815,939,876,1555,656,899,100,52,48,1946,856,1090,1129,440,689,317,88,229
29342,18883,8908,9975,2065,1062,1003,9995,4724,5271,6708,3052,3656,678,349,329,8093,3683,4410,4692,2130,2562,765,267,498
29343,23571,11050,12521,3026,1585,1441,13437,6419,7018,7040,3000,4040,1163,615,548,8606,3699,4907,5060,2131,2929,1024,305,719
29344,27303,12881,14422,3790,1902,1888,15619,7471,8148,7875,3498,4377,1437,740,697,9666,4311,5355,5557,2427,3130,927,297,630
29345,7443,3532,3911,701,377,324,4470,2187,2283,2272,968,1304,273,153,120,2892,1260,1632,1547,621,926,330,86,244
29361,8485,4098,4387,1039,523,516,4831,2388,2443,2609,1183,1426,363,187,176,3273,1508,1765,1826,827,999,276,89,187
29362,6836,3204,3632,701,338,363,3885,1877,2008,2250,989,1261,253,120,133,2767,1257,1510,1621,708,913,272,93,179
29363,31691,15184,16507,4061,2097,1964,18367,8945,9422,9154,4080,5074,1484,782,702,11482,5207,6275,6468,2803,3665,1259,389,870
29385,1549,719,830,108,51,57,749,372,377,692,296,396,51,24,27,850,379,471,528,214,314,170,57,113
29386,1759,812,947,74,34,40,737,383,354,948,395,553,19,9,10,1108,478,630,761,298,463,216,54,162
29401,7195,3396,3799,732,381,351,3855,1918,1937,2607,1096,1511,252,120,132,3207,1422,1785,1925,784,1141,436,134,302
29402,5523,2613,2910,524,273,251,2978,1460,1518,2019,878,1141,184,93,91,2528,1121,1407,1443,579,864,392,121,271
29424,22054,10327,11727,2317,1226,1091,12004,5715,6289,7136,3034,4102,647,332,315,8724,3748,4976,5014,2071,2943,1246,329,917
29425,23025,10894,12131,3097,1607,1490,13770,6493,7277,6050,2728,3322,1360,723,637,7679,3505,4174,4155,1838,2317,650,231,419
29426,33487,15940,17547,5151,2573,2578,20478,9770,10708,7851,3592,4259,1818,936,882,10195,4724,5471,5263,2311,2952,1057,321,736
29427,17941,8424,9517,1964,1030,934,9726,4626,5100,6219,2748,3471,618,311,307,7504,3310,4194,4389,1927,2462,821,263,558
29441,7399,3399,4000,473,237,236,3536,1729,1807,3389,1433,1956,159,84,75,4118,1805,2313,2578,1054,1524,689,201,488
29442,18069,8562,9507,2101,1085,1016,10651,5200,5451,5301,2268,3033,638,327,311,6862,3024,3838,3772,1514,2258,821,229,592
29443,5664,2650,3014,387,200,187,2904,1450,1454,2373,1000,1373,122,64,58,2860,1247,1613,1839,736,1103,412,136,276
29444,660,309,351,33,15,18,301,161,140,326,133,193,14,7,7,405,175,230,248,98,150,69,18,51
29446,1354,647,707,116,70,46,611,323,288,627,254,373,36,21,15,775,330,445,494,189,305,146,46,100
29447,449,219,230,30,11,19,215,125,90,204,83,121,9,4,5,237,103,134,173,69,104,41,17,24
29449,3508,1858,1650,287,149,138,1812,1119,693,1409,590,819,114,58,56,1692,742,950,1136,449,687,291,100,191
29450,895,422,473,64,32,32,407,217,190,424,173,251,19,12,7,504,212,292,352,132,220,87,28,59
29451,512,267,245,17,12,5,243,146,97,252,109,143,5,4,1,301,139,162,205,87,118,43,17,26
29452,1313,621,692,59,34,25,483,246,237,771,341,430,22,11,11,891,409,482,625,268,357,183,78,105
29453,1745,833,912,92,54,38,714,370,344,935,407,528,22,13,9,1104,490,614,733,302,431,180,54,126
30201,364154,171215,192939,44519,22757,21762,211753,102859,108894,105954,44446,61508,16850,8629,8221,129952,55794,74158,76271,30703,45568,15075,4368,10707
30202,51860,24175,27685,5659,2875,2784,28330,13785,14545,17625,7385,10240,1989,988,1001,21425,9227,12198,13036,5221,7815,3009,907,2102
30203,63621,29923,33698,7770,3934,3836,37244,17933,19311,18434,7937,10497,2655,1345,1310,23488,10439,13049,12994,5339,7655,2820,803,2017
30204,28470,13453,15017,3351,1741,1610,16059,7889,8170,8972,3768,5204,1135,573,562,11129,4818,6311,6456,2556,3900,1390,403,987
30205,24801,11976,12825,3057,1584,1473,14462,7348,7114,7118,2953,4165,1167,591,576,8854,3788,5066,5210,2046,3164,1150,315,835
30206,74770,35108,39662,9229,4589,4640,41901,20546,21355,23289,9769,13520,3350,1682,1668,28525,12307,16218,17366,6905,10461,4081,1226,2855
30207,29331,13586,15745,3349,1749,1600,15401,7499,7902,10126,4078,6048,1241,646,595,12359,5154,7205,7539,2894,4645,1812,508,1304
30208,62616,29515,33101,7526,3840,3686,36199,17572,18627,18663,8013,10650,2648,1316,1332,23413,10325,13088,13353,5427,7926,3033,934,2099
30209,53452,25718,27734,8065,4138,3927,33537,16222,17315,11180,4993,6187,2940,1516,1424,14576,6619,7957,7402,3191,4211,1312,392,920
30304,9206,4223,4983,707,358,349,4433,2207,2226,4065,1658,2407,232,117,115,4892,2055,2837,3082,1176,1906,919,260,659
30341,16992,7867,9125,1792,917,875,8936,4359,4577,6242,2575,3667,645,326,319,7567,3203,4364,4616,1799,2817,1146,336,810
30343,4377,2016,2361,361,184,177,2169,1057,1112,1845,775,1070,101,58,43,2208,971,1237,1407,568,839,357,111,246
30344,3352,1745,1607,242,123,119,1798,1082,716,1304,533,771,113,55,58,1545,643,902,1021,391,630,254,79,175
30361,12200,5705,6495,1445,750,695,6738,3266,3472,4000,1678,2322,523,286,237,4970,2141,2829,2862,1134,1728,704,212,492
30362,7224,3379,3845,915,476,439,4018,1943,2075,2276,951,1325,309,164,145,2877,1240,1637,1621,639,982,415,108,307
30366,26361,12379,13982,3387,1718,1669,14546,7097,7449,8370,3526,4844,1266,616,650,10244,4468,5776,6423,2567,3856,1770,544,1226
30381,7480,3445,4035,822,406,416,4150,2032,2118,2495,999,1496,286,143,143,3083,1276,1807,1880,729,1151,465,124,341
30382,7641,3617,4024,1194,636,558,4196,2061,2135,2248,919,1329,450,248,202,2799,1195,1604,1684,644,1040,467,135,332
30383,5837,2858,2979,632,336,296,3147,1639,1508,2055,880,1175,196,99,97,2557,1124,1433,1506,592,914,359,113,246
30390,8068,3783,4285,1021,523,498,4262,2064,2198,2785,1196,1589,343,171,172,3432,1496,1936,2013,808,1205,497,144,353
30391,12742,6062,6680,1759,897,862,7124,3506,3618,3850,1653,2197,557,271,286,4817,2128,2689,2843,1175,1668,715,227,488
30392,9776,4628,5148,1217,641,576,5197,2612,2585,3360,1374,1986,428,231,197,4129,1751,2378,2570,992,1578,759,228,531
30401,21533,9933,11600,2272,1125,1147,11245,5523,5722,7934,3240,4694,813,389,424,9534,3990,5544,5918,2311,3607,1494,430,1064
30404,14989,7118,7871,2125,1092,1033,9090,4413,4677,3699,1579,2120,807,412,395,4792,2105,2687,2573,1050,1523,592,191,401
30406,4127,1966,2161,350,209,141,1844,958,886,1933,799,1134,108,59,49,2269,970,1299,1544,599,945,440,135,305
30421,15682,7182,8500,1620,811,809,7738,3771,3967,6315,2593,3722,584,299,285,7595,3214,4381,4703,1841,2862,1105,309,796
30422,3087,1395,1692,265,135,130,1535,745,790,1287,515,772,92,43,49,1532,631,901,987,365,622,267,80,187
30424,2826,1275,1551,221,115,106,1116,567,549,1489,593,896,72,35,37,1731,708,1023,1185,445,740,384,112,272
30427,446,200,246,34,18,16,198,105,93,214,77,137,18,8,10,238,91,147,180,59,121,46,14,32
30428,16558,7771,8787,1506,773,733,7913,3974,3939,7112,3008,4104,543,265,278,8539,3690,4849,5210,2078,3132,1321,415,906
31201,193717,94151,99566,25742,13206,12536,115038,58461,56577,51027,21244,29783,9784,5031,4753,65334,28401,36933,36686,14138,22548,9424,2706,6718
31202,149313,70628,78685,20163,10224,9939,86473,42567,43906,40569,16801,23768,7803,3901,3902,50531,21592,28939,29224,11449,17775,7199,2027,5172
31203,49044,23106,25938,6208,3239,2969,27190,13436,13754,15488,6322,9166,2368,1249,1119,19323,8201,11122,11413,4340,7073,3279,883,2396
31204,34174,16294,17880,4292,2186,2106,19431,9769,9662,10373,4295,6078,1642,841,801,12812,5503,7309,7530,2939,4591,1715,477,1238
31302,11485,5437,6048,1295,703,592,6269,3139,3130,3920,1594,2326,443,241,202,4947,2101,2846,2920,1099,1821,817,225,592
31325,3269,1550,1719,223,125,98,1569,821,748,1477,604,873,72,39,33,1769,760,1009,1173,454,719,330,107,223
31328,7154,3370,3784,697,356,341,3675,1901,1774,2781,1113,1668,267,137,130,3458,1476,1982,2188,806,1382,629,181,448
31329,16985,8100,8885,2075,1046,1029,9463,4762,4701,5439,2286,3153,719,356,363,6958,3063,3895,3990,1528,2462,1084,285,799
31364,6490,3061,3429,769,396,373,3372,1706,1666,2349,959,1390,249,117,132,2904,1235,1669,1766,660,1106,525,159,366
31370,16550,7910,8640,2326,1176,1150,9264,4654,4610,4957,2079,2878,858,429,429,6263,2746,3517,3601,1378,2223,1014,292,722
31371,17416,8178,9238,2160,1054,1106,9195,4626,4569,5987,2452,3535,779,392,387,7333,3123,4210,4508,1717,2791,1200,325,875
31372,14820,7038,7782,1930,988,942,8292,4119,4173,4598,1931,2667,708,369,339,5959,2591,3368,3331,1317,2014,875,250,625
31384,3439,1583,1856,514,241,273,1976,962,1014,939,375,564,198,90,108,1167,477,690,658,244,414,183,40,143
31386,16470,7814,8656,1822,906,916,8440,4330,4110,6203,2575,3628,627,303,324,7591,3283,4308,4564,1756,2808,1300,355,945
31389,10950,5162,5788,1337,645,692,5889,2967,2922,3721,1548,2173,430,204,226,4667,2023,2644,2697,1066,1631,673,185,488
31390,11118,5226,5892,1276,641,635,5801,2915,2886,4037,1668,2369,451,217,234,5057,2193,2864,3020,1168,1852,897,246,651
31401,4765,2205,2560,352,165,187,2068,1130,938,2345,910,1435,113,56,57,2770,1139,1631,1928,704,1224,597,193,404
31402,3278,1490,1788,257,113,144,1481,775,706,1540,602,938,70,31,39,1824,742,1082,1213,447,766,376,106,270
31403,3004,1402,1602,247,129,118,1415,722,693,1342,551,791,79,43,36,1613,686,927,1102,429,673,369,120,249
32201,206230,99565,106665,26384,13502,12882,117497,59264,58233,56386,23497,32889,10147,5263,4884,70232,30458,39774,40867,16034,24833,9914,2828,7086
32202,58105,28600,29505,6565,3376,3189,31580,16922,14658,19430,7946,11484,2541,1294,1247,23820,10156,13664,14410,5443,8967,3832,1039,2793
32203,171938,82707,89231,23617,12020,11597,97382,48850,48532,49563,21026,28537,9114,4676,4438,61734,27080,34654,35963,14220,21743,9242,2602,6640
32204,47718,22468,25250,5912,3035,2877,24962,12461,12501,16674,6874,9800,2202,1126,1076,20632,8844,11788,12243,4690,7553,3119,888,2231
32205,35166,16616,18550,3980,2084,1896,17653,8971,8682,13345,5457,7888,1455,781,674,16249,6959,9290,10012,3768,6244,2891,809,2082
32206,39528,18859,20669,4798,2476,2322,20593,10462,10131,13816,5737,8079,1692,865,827,16794,7218,9576,10177,3953,6224,2707,749,1958
32207,24468,11397,13071,2760,1407,1353,12745,6429,6316,8942,3544,5398,1031,507,524,10948,4538,6410,6703,2398,4305,1932,479,1453
32209,39032,18647,20385,4597,2385,2212,20147,10223,9924,14228,6004,8224,1603,831,772,17512,7707,9805,10714,4185,6529,3167,940,2227
32343,13063,6216,6847,1354,691,663,6393,3326,3067,5314,2197,3117,476,243,233,6475,2812,3663,4110,1569,2541,1290,359,931
32386,5031,2359,2672,518,261,257,2326,1213,1113,2187,885,1302,164,75,89,2614,1112,1502,1725,649,1076,574,170,404
32441,3442,1604,1838,331,175,156,1618,845,773,1493,584,909,125,61,64,1765,728,1037,1161,412,749,366,84,282
32448,4900,2309,2591,548,284,264,2140,1114,1026,2212,911,1301,199,97,102,2630,1123,1507,1696,647,1049,567,165,402
32449,11101,5260,5841,1182,591,591,5119,2650,2469,4779,2005,2774,434,217,217,5714,2483,3231,3717,1450,2267,1349,411,938
32501,7653,3530,4123,661,348,313,3515,1798,1717,3462,1373,2089,254,129,125,4134,1724,2410,2700,1011,1689,767,219,548
32505,6374,2986,3388,603,306,297,3003,1565,1438,2768,1115,1653,205,103,102,3307,1383,1924,2132,793,1339,700,185,515
32525,2353,1125,1228,246,123,123,1189,617,572,918,385,533,114,63,51,1123,492,631,697,268,429,195,54,141
32526,3027,1537,1490,255,137,118,1510,851,659,1262,549,713,109,54,55,1585,720,865,942,380,562,294,82,212
32527,615,308,307,52,24,28,258,140,118,305,144,161,16,8,8,361,175,186,226,98,128,56,15,41
32528,14608,7019,7589,1693,890,803,7247,3788,3459,5564,2290,3274,683,361,322,6860,2962,3898,4075,1528,2547,1191,317,874
33100,719474,345913,373561,97043,49779,47264,435475,215258,220217,175013,73990,101023,37746,19407,18339,217113,94475,122638,124050,49798,74252,26388,7642,18746
33101,309484,151012,158472,38988,20188,18800,191670,96419,95251,71020,29685,41335,15626,8147,7479,87728,37923,49805,51127,20191,30936,11686,3361,8325
33102,146232,68640,77592,21417,10872,10545,87567,41862,45705,35151,14792,20359,8421,4311,4110,43777,18908,24869,24676,9892,14784,4928,1436,3492
33103,95577,45401,50176,12486,6327,6159,55136,27145,27991,27545,11652,15893,4420,2197,2223,33690,14587,19103,19781,8000,11781,4227,1182,3045
33104,168181,80860,87321,24152,12392,11760,101102,49832,51270,41297,17861,23436,9279,4752,4527,51918,23057,28861,28466,11715,16751,5547,1663,3884
33202,477118,230081,247037,64463,33202,31261,270529,133243,137286,122037,53082,68955,24877,12798,12079,150991,67280,83711,86059,36132,49927,16709,4963,11746
33203,103746,49561,54185,13991,7228,6763,59399,29630,29769,29663,12281,17382,5170,2610,2560,36748,15734,21014,21519,8359,13160,5496,1532,3964
33204,60736,29374,31362,6363,3346,3017,32729,16606,16123,21440,9265,12175,2320,1208,1112,26061,11571,14490,15456,6394,9062,3436,1030,2406
33205,50568,23979,26589,5534,2833,2701,27349,13658,13691,17519,7394,10125,1979,1016,963,21226,9262,11964,13106,5233,7873,3400,1009,2391
33207,41390,19693,21697,4658,2419,2239,22465,11264,11201,14247,5995,8252,1537,767,770,17338,7542,9796,10787,4282,6505,2866,841,2025
33208,66855,32248,34607,9488,4923,4565,38696,19107,19589,18175,7962,10213,3570,1820,1750,22567,10089,12478,12721,5327,7394,2865,857,2008
33209,32075,15413,16662,2993,1569,1424,16496,8597,7899,12243,5012,7231,1024,505,519,14786,6350,8436,9534,3638,5896,2931,890,2041
33210,30658,14596,16062,3269,1761,1508,15420,7830,7590,11851,4949,6902,1078,579,499,14317,6233,8084,9222,3647,5575,2644,846,1798
33211,35179,16775,18404,3562,1864,1698,18783,9512,9271,12754,5341,7413,1238,625,613,15414,6652,8762,9540,3832,5708,2056,555,1501
33212,36975,17547,19428,4350,2249,2101,20291,9987,10304,12151,5217,6934,1543,830,713,14776,6472,8304,8842,3615,5227,2194,659,1535
33213,43214,20671,22543,5912,3079,2833,23757,11532,12225,13521,6038,7483,2150,1121,1029,16834,7595,9239,9390,4034,5356,2037,609,1428
33214,46124,21855,24269,5519,2807,2712,23649,11969,11680,16900,7058,9842,1974,993,981,20773,8976,11797,12835,4967,7868,3729,1094,2635
33215,27977,13248,14729,3041,1548,1493,14020,7110,6910,10873,4549,6324,1026,521,505,13174,5707,7467,8263,3205,5058,2533,760,1773
33216,34235,16425,17810,3915,2014,1901,18346,9103,9243,11914,5279,6635,1304,655,649,14304,6415,7889,8649,3697,4952,1845,603,1242
33346,14412,6744,7668,1497,767,730,7345,3638,3707,5570,2339,3231,478,244,234,6652,2846,3806,4127,1616,2511,1085,296,789
33423,12154,5827,6327,1885,1022,863,6881,3304,3577,3345,1475,1870,741,418,323,4084,1825,2259,2299,981,1318,457,140,317
33445,10929,5148,5781,1515,776,739,6154,2967,3187,3256,1404,1852,572,290,282,3984,1766,2218,2377,1000,1377,521,157,364
33461,14201,6715,7486,1532,772,760,7417,3709,3708,5248,2230,3018,531,252,279,6348,2776,3572,3940,1593,2347,1088,321,767
33586,866,400,466,97,42,55,407,202,205,362,156,206,35,10,25,429,186,243,291,119,172,77,25,52
33606,12847,6092,6755,1562,816,746,6576,3297,3279,4699,1972,2727,588,301,287,5771,2517,3254,3535,1379,2156,1025,287,738
33622,11125,5340,5785,1535,819,716,6274,3079,3195,3297,1429,1868,612,324,288,4104,1827,2277,2461,990,1471,705,215,490
33623,5906,2920,2986,737,366,371,3203,1725,1478,1957,823,1134,304,157,147,2402,1034,1368,1436,558,878,428,111,317
33643,1472,692,780,191,90,101,776,392,384,505,210,295,84,37,47,635,273,362,374,141,233,115,42,73
33663,4907,2330,2577,483,233,250,2344,1182,1162,2076,912,1164,132,59,73,2493,1121,1372,1573,652,921,440,146,294
33666,14432,6861,7571,1615,829,786,7217,3713,3504,5592,2315,3277,552,286,266,6765,2909,3856,4207,1609,2598,1196,329,867
33681,11950,5778,6172,1140,607,533,6142,3223,2919,4668,1948,2720,379,191,188,5612,2434,3178,3579,1371,2208,1149,348,801
34100,1194034,576850,617184,166427,85031,81396,730388,360878,369510,279311,120571,158740,65370,33419,31951,351476,155624,195852,192459,79003,113456,38196,11135,27061
34101,136640,64659,71981,14379,7398,6981,85510,41454,44056,31181,12649,18532,6060,3084,2976,39387,16685,22702,21631,8117,13514,4439,1224,3215
34102,120155,57251,62904,16589,8533,8056,73077,35596,37481,29817,12787,17030,6359,3274,3085,37251,16437,20814,20867,8528,12339,4187,1229,2958
34103,142728,69972,72756,18298,9453,8845,86528,43652,42876,32804,13811,18993,7284,3794,3490,40953,17876,23077,22978,9110,13868,4834,1365,3469
34104,190929,91694,99235,26246,13251,12995,121365,59670,61695,40431,17205,23226,10665,5414,5251,51493,22635,28858,27852,11168,16684,5654,1707,3947
34105,242512,118617,123895,41677,21178,20499,150564,74905,75659,47952,21048,26904,16605,8454,8151,59889,26753,33136,32923,13989,18934,6126,1837,4289
34106,145018,68975,76043,18013,9220,8793,82701,40069,42632,43997,19513,24484,6304,3193,3111,55091,24738,30353,29970,12827,17143,5808,1706,4102
34107,79353,39417,39936,11651,5999,5652,48039,24635,23404,19470,8653,10817,4538,2340,2198,24095,10902,13193,13468,5730,7738,2426,683,1743
34108,136699,66265,70434,19574,9999,9575,82604,40897,41707,33659,14905,18754,7555,3866,3689,43317,19598,23719,22770,9534,13236,4722,1384,3338
34202,228552,110173,118379,25905,13195,12710,124928,64121,60807,76204,32004,44200,9773,4975,4798,91346,39462,51884,55607,22215,33392,12028,3440,8588
34203,26426,12563,13863,2676,1357,1319,13591,6910,6681,10065,4215,5850,906,462,444,12168,5274,6894,7410,2901,4509,1825,496,1329
34204,96194,45730,50464,11706,6013,5693,52624,26195,26429,31313,13213,18100,4379,2261,2118,38614,16714,21900,22845,9011,13834,5789,1713,4076
34205,138626,66292,72334,15945,8174,7771,74805,37822,36983,47146,19868,27278,5835,2955,2880,57661,25083,32578,34668,13858,20810,8292,2422,5870
34207,464811,225414,239397,64496,32944,31552,271739,135832,135907,123441,53402,70039,25168,12798,12370,155255,68916,86339,87122,35822,51300,18448,5479,12969
34208,40069,19171,20898,4551,2377,2174,21334,10748,10586,14107,6003,8104,1552,795,757,17248,7466,9782,10511,4253,6258,2600,781,1819
34209,53615,25365,28250,6677,3420,3257,27983,14200,13783,18655,7551,11104,2472,1270,1202,22679,9580,13099,14100,5275,8825,4386,1263,3123
34210,37000,17521,19479,3963,2045,1918,17878,9258,8620,15007,6133,8874,1413,710,703,18015,7682,10333,11679,4457,7222,3676,1163,2513
34211,27865,13492,14373,3130,1632,1498,15347,7858,7489,9261,3902,5359,1221,647,574,11305,4926,6379,6807,2736,4071,1595,463,1132
34212,192907,97962,94945,27521,14095,13426,119964,63192,56772,42209,18589,23620,10904,5584,5320,53357,24128,29229,29053,12193,16860,6344,1874,4470
34213,114906,54654,60252,15070,7846,7224,67429,32555,34874,31871,13952,17919,5695,2914,2781,40746,18224,22522,21987,9103,12884,4922,1514,3408
34214,29488,14043,15445,3226,1650,1576,14850,7666,7184,11400,4717,6683,1149,582,567,13770,5948,7822,8606,3309,5297,2717,764,1953
34215,24339,12027,12312,2060,1044,1016,12294,6789,5505,9970,4186,5784,762,381,381,11863,5099,6764,7397,2912,4485,1797,512,1285
34302,51053,24917,26136,7503,3834,3669,31548,15772,15776,11735,5168,6567,3137,1574,1563,14783,6687,8096,8219,3482,4737,1471,464,1007
34304,28667,14127,14540,4159,2113,2046,17779,9023,8756,6522,2879,3643,1720,844,876,8257,3691,4566,4477,1881,2596,742,214,528
34307,23755,11460,12295,3150,1631,1519,12713,6224,6489,7874,3591,4283,1102,581,521,9464,4316,5148,5454,2435,3019,738,207,531
34309,12747,6084,6663,1881,957,924,7149,3536,3613,3715,1589,2126,685,354,331,4521,1976,2545,2650,1068,1582,547,151,396
34368,6472,2989,3483,529,248,281,2745,1439,1306,3179,1290,1889,206,94,112,3716,1572,2144,2528,975,1553,796,260,536
34369,18918,9177,9741,2132,1084,1048,9653,5174,4479,7054,2858,4196,697,361,336,8502,3601,4901,5384,2015,3369,1665,469,1196
34431,7992,4106,3886,566,281,285,3838,2382,1456,3587,1442,2145,209,104,105,4180,1751,2429,2763,1034,1729,718,174,544
34462,16337,7724,8613,1766,908,858,7876,4005,3871,6515,2717,3798,626,314,312,7858,3409,4449,4948,1946,3002,1531,487,1044
34545,9217,4370,4847,851,445,406,4067,2129,1938,4299,1796,2503,283,148,135,5095,2224,2871,3424,1362,2062,1163,402,761
35201,268517,124722,143795,31116,15925,15191,147954,72156,75798,88073,35806,52267,11589,5945,5644,108419,45477,62942,63667,24454,39213,14129,4026,10103
35202,169429,81133,88296,20513,10532,9981,96548,48471,48077,51303,21482,29821,7913,4092,3821,63683,27461,36222,36118,14214,21904,8032,2305,5727
35203,197422,94245,103177,26118,13372,12746,116106,57426,58680,53325,22261,31064,9814,5059,4755,66402,28727,37675,38080,14860,23220,9236,2663,6573
35204,49560,22730,26830,4835,2482,2353,25031,12272,12759,19591,7911,11680,1688,870,818,24099,10077,14022,14494,5481,9013,3493,976,2517
35206,115942,55910,60032,15331,7853,7478,66700,33733,32967,33582,14135,19447,5989,3091,2898,41585,17979,23606,23923,9498,14425,5263,1450,3813
35207,55812,27252,28560,7855,3986,3869,31598,16064,15534,15875,6845,9030,3038,1553,1485,19617,8637,10980,11213,4644,6569,2282,681,1601
35208,136757,64455,72302,16187,8212,7975,73838,36516,37322,45401,18950,26451,5910,2933,2977,55529,23995,31534,33372,13174,20198,7849,2365,5484
35210,51369,24425,26944,6370,3267,3103,27617,13681,13936,17289,7417,9872,2159,1101,1058,20916,9151,11765,12566,5295,7271,2490,716,1774
35211,35439,16328,19111,3560,1857,1703,17793,8819,8974,14070,5639,8431,1223,613,610,17413,7289,10124,10360,3870,6490,2560,693,1867
35212,32945,15357,17588,3690,1874,1816,17149,8479,8670,12008,4940,7068,1318,660,658,14557,6167,8390,8770,3369,5401,2166,641,1525
35213,26159,12165,13994,2502,1284,1218,13749,6857,6892,9887,4005,5882,819,443,376,12164,5126,7038,7322,2725,4597,1936,525,1411
35215,144842,69819,75023,17992,9199,8793,81321,41173,40148,44114,18608,25506,6678,3392,3286,54584,23754,30830,31457,12674,18783,6709,1877,4832
35216,62671,29545,33126,8080,4190,3890,34933,17311,17622,19537,7979,11558,2998,1571,1427,24458,10375,14083,13962,5354,8608,3145,841,2304
35305,17199,7844,9355,1162,602,560,7106,3647,3459,8914,3585,5329,406,219,187,10290,4277,6013,6968,2624,4344,2096,601,1495
35321,6285,3097,3188,1044,515,529,3666,1903,1763,1570,676,894,430,212,218,2000,909,1091,1135,450,685,250,86,164
35341,2803,1283,1520,173,88,85,1126,591,535,1504,604,900,71,34,37,1746,726,1020,1184,444,740,332,97,235
35343,15317,7242,8075,1875,945,930,8250,4090,4160,5153,2182,2971,588,300,288,6297,2758,3539,3706,1529,2177,803,243,560
35344,12798,5906,6892,1314,651,663,6395,3151,3244,5058,2092,2966,444,219,225,6058,2587,3471,3846,1507,2339,1143,307,836
35502,3463,1550,1913,305,164,141,1550,775,775,1608,611,997,110,55,55,1955,798,1157,1230,431,799,336,88,248
36201,258554,123014,135540,29732,15206,14526,151895,74188,77707,69378,29428,39950,11619,5973,5646,87081,37941,49140,49129,19710,29419,10764,3070,7694
36202,59101,28125,30976,6600,3431,3169,33763,16649,17114,18448,7910,10538,2383,1260,1123,23147,10178,12969,12995,5229,7766,3010,881,2129
36203,38755,18680,20075,4456,2292,2164,22238,11210,11028,11934,5089,6845,1576,829,747,15023,6622,8401,8444,3434,5010,1843,508,1335
36204,73019,35344,37675,9365,4767,4598,41090,20796,20294,22250,9593,12657,3365,1688,1677,27703,12285,15418,15969,6536,9433,3717,1107,2610
36205,41466,19384,22082,4434,2203,2231,22486,10955,11531,14336,6099,8237,1540,769,771,17861,7812,10049,10508,4157,6351,2843,813,2030
36206,37202,17611,19591,4134,2100,2034,20593,10107,10486,12427,5382,7045,1374,703,671,15803,7038,8765,8842,3546,5296,2258,648,1610
36207,30501,14443,16058,3084,1601,1483,16526,8323,8203,10796,4456,6340,1098,588,510,13541,5861,7680,8054,3035,5019,2310,654,1656
36208,26836,12483,14353,2326,1248,1078,13500,6844,6656,10992,4382,6610,808,428,380,13531,5690,7841,8613,3154,5459,2557,693,1864
36301,5301,2515,2786,504,274,230,2696,1345,1351,2101,896,1205,176,93,83,2575,1131,1444,1591,625,966,425,116,309
36302,1545,741,804,111,54,57,593,316,277,841,371,470,42,21,21,947,423,524,698,296,402,197,74,123
36321,2289,1099,1190,194,113,81,1107,542,565,988,444,544,69,37,32,1213,547,666,736,312,424,210,74,136
36341,25590,12106,13484,3232,1672,1560,14463,6971,7492,7670,3317,4353,1175,590,585,9667,4273,5394,5390,2209,3181,1269,377,892
36342,5300,2494,2806,300,171,129,2378,1230,1148,2622,1093,1529,115,62,53,3172,1388,1784,2059,785,1274,597,197,400
36368,8402,3973,4429,698,371,327,3731,1938,1793,3914,1636,2278,232,126,106,4664,2026,2638,3058,1207,1851,885,289,596
36383,4259,1965,2294,336,177,159,1880,934,946,2043,854,1189,100,49,51,2421,1040,1381,1567,622,945,409,112,297
36387,7092,3302,3790,579,287,292,3305,1674,1631,3208,1341,1867,192,86,106,3810,1646,2164,2529,1015,1514,637,189,448
36388,9283,4351,4932,818,441,377,4451,2194,2257,3987,1701,2286,244,127,117,4766,2092,2674,2978,1201,1777,755,221,534
36401,15204,7585,7619,2100,1050,1050,9388,4879,4509,3568,1545,2023,795,400,395,4610,2089,2521,2444,996,1448,501,124,377
36402,22446,10826,11620,3392,1755,1637,13480,6598,6882,5385,2391,2994,1332,695,637,6860,3093,3767,3647,1536,2111,748,228,520
36403,34626,16574,18052,5361,2764,2597,21445,10312,11133,7591,3367,4224,2118,1110,1008,10148,4617,5531,4901,2027,2874,1086,264,822
36404,13358,6355,7003,1451,773,678,7851,3869,3982,4019,1699,2320,456,234,222,5209,2284,2925,2806,1102,1704,659,186,473
36405,12039,5721,6318,1344,684,660,6777,3315,3462,3778,1648,2130,441,223,218,4867,2185,2682,2584,1033,1551,661,197,464
36468,8927,4140,4787,749,395,354,4308,2203,2105,3869,1541,2328,248,136,112,4682,1970,2712,3067,1132,1935,859,221,638
36489,14638,6959,7679,1730,875,855,8115,4083,4032,4769,1985,2784,664,342,322,6070,2666,3404,3497,1345,2152,1009,280,729
37201,420748,205049,215699,55082,28198,26884,240958,119806,121152,109369,47398,61971,20995,10769,10226,136732,60699,76033,76020,31220,44800,17013,5083,11930
37202,110010,53183,56827,15054,7663,7391,63441,31703,31738,29572,12764,16808,5656,2873,2783,37185,16515,20670,20491,8402,12089,4666,1361,3305
37203,53164,25359,27805,6264,3230,3034,28511,14257,14254,18133,7699,10434,2250,1134,1116,21872,9527,12345,12923,5184,7739,3173,956,2217
37204,32927,16315,16612,4215,2174,2041,19074,10012,9062,9497,4046,5451,1649,856,793,11730,5174,6556,6756,2734,4022,1646,513,1133
37205,59409,28443,30966,7162,3741,3421,32838,16396,16442,18983,8069,10914,2679,1403,1276,23370,10202,13168,13906,5563,8343,3558,1084,2474
37206,50272,24148,26124,5405,2770,2635,27539,13856,13683,17044,7370,9674,1766,894,872,20838,9224,11614,12454,5115,7339,3067,971,2096
37207,31031,14695,16336,2983,1530,1453,15752,7826,7926,12244,5298,6946,958,494,464,14710,6519,8191,9073,3726,5347,2060,647,1413
37208,65524,31274,34250,7754,3926,3828,35192,17639,17553,22441,9645,12796,2814,1456,1358,27368,12038,15330,16382,6621,9761,4452,1395,3057
37322,14002,6556,7446,1372,712,660,7292,3614,3678,5337,2230,3107,502,251,251,6652,2883,3769,3874,1503,2371,1053,297,756
37324,14862,7040,7822,1351,736,615,7375,3729,3646,6136,2575,3561,483,268,215,7352,3167,4185,4607,1810,2797,1298,406,892
37341,27684,13295,14389,3452,1761,1691,15697,7650,8047,7817,3502,4315,1251,654,597,9941,4552,5389,5452,2325,3127,1325,420,905
37364,3139,1621,1518,313,160,153,1750,980,770,1073,479,594,130,68,62,1285,582,703,784,320,464,192,53,139
37386,18952,9234,9718,3069,1549,1520,11986,5972,6014,3627,1552,2075,1200,623,577,4613,2058,2555,2561,1034,1527,546,150,396
37387,23610,11421,12189,2777,1443,1334,13014,6528,6486,7808,3442,4366,930,484,446,9806,4449,5357,5501,2282,3219,1486,481,1005
37403,9186,4227,4959,926,489,437,4675,2302,2373,3564,1431,2133,316,182,134,4226,1748,2478,2633,984,1649,686,192,494
37404,23366,11699,11667,2908,1512,1396,13138,6935,6203,7132,3092,4040,1013,539,474,8805,3900,4905,5049,2071,2978,1252,398,854
37406,18377,8749,9628,2237,1172,1065,9612,4810,4802,6519,2763,3756,857,454,403,8015,3478,4537,4788,1875,2913,1407,459,948
38201,514865,241656,273209,64925,33250,31675,303024,145012,158012,128658,53350,75308,24861,12757,12104,162840,69459,93381,90505,35540,54965,20043,5905,14138
38202,158114,74336,83778,18816,9657,9159,86057,42303,43754,52636,22061,30575,6897,3555,3342,64497,27665,36832,37735,14964,22771,8670,2486,6184
38203,77465,36006,41459,8483,4394,4089,40680,20022,20658,28072,11440,16632,3024,1589,1435,34606,14582,20024,20386,7719,12667,5071,1471,3600
38204,34951,16282,18669,3558,1838,1720,18209,9033,9176,13058,5339,7719,1189,625,564,16031,6760,9271,9719,3708,6011,2427,675,1752
38205,119903,57551,62352,15812,8159,7653,66679,33691,32988,36715,15228,21487,6056,3149,2907,44940,19136,25804,26249,10285,15964,6033,1731,4302
38206,108174,51807,56367,13857,7067,6790,60473,30374,30099,32793,13799,18994,5146,2612,2534,40930,17744,23186,23897,9482,14415,5967,1812,4155
38207,44086,21013,23073,5370,2810,2560,23586,11731,11855,14715,6229,8486,2001,1053,948,18278,8011,10267,10930,4334,6596,2869,912,1957
38210,36827,17083,19744,4609,2420,2189,20602,9866,10736,11556,4774,6782,1666,902,764,14367,6106,8261,8326,3203,5123,2046,579,1467
38213,87413,42596,44817,10741,5517,5224,49719,25415,24304,26123,11134,14989,4043,2061,1982,32827,14452,18375,18774,7497,11277,4581,1326,3255
38214,38919,18167,20752,4199,2206,1993,18830,9407,9423,15867,6542,9325,1462,742,720,19103,8119,10984,12108,4681,7427,3401,1032,2369
38215,34613,16622,17991,4393,2195,2198,20446,10205,10241,9526,4070,5456,1554,781,773,12175,5394,6781,6805,2725,4080,1724,549,1175
38356,7135,3677,3458,548,263,285,3554,2095,1459,3026,1313,1713,189,104,85,3643,1619,2024,2213,890,1323,496,155,341
38386,8447,3957,4490,728,372,356,3712,1930,1782,3984,1643,2341,234,131,103,4687,2002,2685,3273,1277,1996,936,297,639
38401,30064,14139,15925,4007,2049,1958,17301,8382,8919,8703,3672,5031,1422,700,722,10978,4777,6201,6285,2575,3710,1419,413,1006
38402,21239,9995,11244,2671,1373,1298,12161,5846,6315,6323,2743,3580,893,455,438,8057,3581,4476,4439,1846,2593,1046,330,716
38422,16742,7913,8829,1904,990,914,8422,4268,4154,6352,2631,3721,636,347,289,7756,3346,4410,4869,1896,2973,1395,419,976
38442,9626,4597,5029,839,424,415,4637,2479,2158,4150,1694,2456,287,154,133,5031,2144,2887,3201,1192,2009,826,221,605
38484,4072,1887,2185,354,177,177,1984,987,997,1726,720,1006,108,52,56,2124,915,1209,1307,514,793,365,116,249
38488,10705,4927,5778,1159,592,567,5027,2479,2548,4516,1856,2660,377,195,182,5502,2357,3145,3407,1311,2096,975,281,694
38506,21902,10169,11733,2137,1096,1041,11008,5424,5584,8687,3603,5084,711,379,332,10816,4641,6175,6268,2428,3840,1599,442,1157
39201,337190,157002,180188,42364,21515,20849,197306,94817,102489,91788,37320,54468,15897,8057,7840,114180,47888,66292,64992,24671,40321,15489,4168,11321
39202,13524,6392,7132,1024,530,494,6362,3251,3111,6129,2606,3523,330,160,170,7472,3260,4212,4427,1793,2634,977,261,716
39203,17577,8334,9243,1811,915,896,9127,4600,4527,6574,2781,3793,628,303,325,8036,3492,4544,4788,1919,2869,1190,376,814
39204,47982,22724,25258,6061,3110,2951,27501,13623,13878,14107,5820,8287,2286,1172,1114,17494,7484,10010,10132,3878,6254,2639,726,1913
39205,27038,13091,13947,3048,1604,1444,14625,7528,7097,9347,3945,5402,1039,542,497,11418,4964,6454,6742,2696,4046,1772,502,1270
39206,22606,11025,11581,2280,1175,1105,12096,6400,5696,8184,3416,4768,774,380,394,10058,4371,5687,6131,2411,3720,1631,463,1168
39208,20907,9714,11193,2396,1186,1210,11215,5518,5697,7265,2993,4272,875,440,435,9105,3856,5249,5227,2007,3220,1390,393,997
39209,13778,6421,7357,1147,583,564,6294,3138,3156,6337,2700,3637,349,191,158,7576,3324,4252,4758,1943,2815,1175,362,813
39210,34313,16183,18130,4052,2038,2014,18391,9187,9204,11716,4858,6858,1512,765,747,14439,6177,8262,8498,3282,5216,2374,679,1695
39211,32961,15847,17114,4365,2241,2124,18375,9243,9132,10132,4304,5828,1593,822,771,12399,5375,7024,7279,2908,4371,1756,494,1262
39212,27513,13261,14252,2673,1371,1302,14539,7663,6876,10111,4122,5989,955,481,474,12149,5091,7058,7647,2916,4731,2120,632,1488
39301,2584,1270,1314,190,92,98,1233,667,566,1160,510,650,59,24,35,1419,632,787,872,364,508,182,55,127
39302,3326,1511,1815,310,166,144,1584,782,802,1427,560,867,116,65,51,1711,702,1009,1107,411,696,325,84,241
39303,2733,1290,1443,259,130,129,1386,732,654,1088,428,660,110,50,60,1310,549,761,840,308,532,223,68,155
39304,2631,1256,1375,203,113,90,1277,657,620,1151,486,665,84,53,31,1376,597,779,894,361,533,216,60,156
39305,1294,607,687,140,68,72,604,316,288,550,223,327,43,21,22,646,270,376,425,164,261,117,37,80
39306,823,391,432,90,41,49,409,215,194,324,135,189,40,15,25,390,170,220,260,102,158,44,14,30
39307,3858,1802,2056,428,219,209,1940,1000,940,1488,581,907,152,72,80,1786,720,1066,1085,399,686,310,73,237
39341,3573,1726,1847,321,162,159,1715,925,790,1537,639,898,123,57,66,1805,786,1019,1200,479,721,338,105,233
39344,3962,1817,2145,188,97,91,1559,847,712,2215,873,1342,81,44,37,2569,1065,1504,1811,667,1144,508,156,352
39363,3997,1869,2128,382,189,193,1823,956,867,1792,724,1068,150,69,81,2102,886,1216,1441,559,882,459,127,332
39364,396,202,194,41,24,17,184,106,78,171,72,99,11,6,5,198,87,111,146,54,92,53,18,35
39386,22767,10797,11970,2257,1166,1091,12326,6138,6188,8105,3450,4655,709,375,334,10074,4437,5637,5895,2370,3525,1522,469,1053
39387,5551,2602,2949,387,209,178,2170,1166,1004,2994,1227,1767,137,83,54,3449,1472,1977,2440,934,1506,783,254,529
39401,6840,3170,3670,626,274,352,3273,1654,1619,2941,1242,1699,208,96,112,3560,1558,2002,2253,885,1368,664,187,477
39402,13114,6158,6956,1510,771,739,6657,3254,3403,4947,2133,2814,481,251,230,6048,2666,3382,3738,1507,2231,1089,350,739
39403,5795,2669,3126,506,254,252,2659,1338,1321,2629,1077,1552,177,80,97,3076,1298,1778,2068,799,1269,686,211,475
39405,3608,1750,1858,346,181,165,1735,925,810,1527,644,883,131,62,69,1855,815,1040,1189,478,711,359,118,241
39410,5030,2337,2693,472,233,239,2582,1269,1313,1976,835,1141,152,66,86,2398,1032,1366,1440,551,889,393,117,276
39411,5794,2750,3044,641,334,307,2747,1414,1333,2406,1002,1404,217,108,109,2894,1259,1635,1883,730,1153,567,163,404
39412,17325,8197,9128,1739,915,824,8224,4226,3998,7323,3044,4279,608,315,293,8832,3819,5013,5659,2210,3449,1604,487,1117
39424,5095,2424,2671,446,231,215,2409,1249,1160,2240,944,1296,141,67,74,2742,1221,1521,1681,653,1028,453,128,325
39427,1574,749,825,145,87,58,716,370,346,713,292,421,58,34,24,828,341,487,568,220,348,190,62,128
39428,11217,5334,5883,1036,553,483,5562,2848,2714,4618,1933,2685,329,185,144,5644,2425,3219,3339,1294,2045,882,249,633
40100,961286,452682,508604,119448,61060,58388,549397,269059,280338,277120,113597,163523,45810,23492,22318,344436,145646,198790,198739,77316,121423,41088,11756,29332
40101,99637,45658,53979,11224,5776,5448,52241,25068,27173,35060,14157,20903,4020,2070,1950,42631,17643,24988,25541,9697,15844,5704,1621,4083
40103,82844,39115,43729,10733,5436,5297,47023,23248,23775,24896,10284,14612,3992,2007,1985,31088,13278,17810,17807,6905,10902,3823,1039,2784
40105,59116,28718,30398,6903,3511,3392,34441,17915,16526,17531,7106,10425,2577,1336,1241,21619,9115,12504,12784,4880,7904,2636,695,1941
40106,181878,85098,96780,19394,9847,9547,104914,50783,54131,50075,20189,29886,7920,4024,3896,62582,26103,36479,34999,13226,21773,7064,1994,5070
40107,212850,101121,111729,29924,15431,14493,126427,61769,64658,55703,23439,32264,11598,5937,5661,69969,30234,39735,39493,15940,23553,7716,2267,5449
40108,68844,32260,36584,7586,3896,3690,37416,18784,18632,23612,9411,14201,2846,1496,1350,28742,11906,16836,17694,6666,11028,3967,1106,2861
40109,256117,120712,135405,33684,17163,16521,146935,71492,75443,70243,29011,41232,12857,6622,6235,87805,37367,50438,50421,20002,30419,10178,3034,7144
40130,1538681,726666,812015,199923,102307,97616,996401,480061,516340,312331,128393,183938,82432,42265,40167,405144,172816,232328,213448,82089,131359,42573,11610,30963
40131,306015,148974,157041,43380,22148,21232,196831,98243,98588,62089,26328,35761,17914,9200,8714,80578,35393,45185,42418,16793,25625,8727,2470,6257
40132,228441,109199,119242,21491,10919,10572,151343,74276,77067,42134,17171,24963,9751,4872,4879,55038,23567,31471,28267,10498,17769,5212,1265,3947
40133,192688,85822,106866,19531,9843,9688,133279,59480,73799,33581,13163,20418,8539,4383,4156,44079,18060,26019,22488,8175,14313,4235,1146,3089
40134,255797,119084,136713,34626,17830,16796,163562,77786,85776,55430,22423,33007,14221,7375,6846,71457,30043,41414,38170,14471,23699,7528,2136,5392
40135,206868,99266,107602,31405,16192,15213,129439,63828,65611,44772,18467,26305,12746,6600,6146,57109,24351,32758,31428,12293,19135,6843,1785,5058
40136,130995,61627,69368,16837,8604,8233,84258,40717,43541,28215,11573,16642,6700,3422,3278,36523,15396,21127,19463,7547,11916,3833,1055,2778
40137,217877,102694,115183,32653,16771,15882,137689,65731,71958,46110,19268,26842,12561,6413,6148,60360,26006,34354,31214,12312,18902,6195,1753,4442
40202,117360,53859,63501,12726,6591,6135,62270,30238,32032,40542,16000,24542,4795,2518,2277,50012,20552,29460,29633,10831,18802,7620,1994,5626
40203,304552,144971,159581,41133,21106,20027,179398,87557,91841,76256,31709,44547,16487,8517,7970,97350,41818,55532,53631,21003,32628,10951,3110,7841
40204,57146,26673,30473,7455,3877,3578,31585,15459,16126,17941,7236,10705,2983,1566,1417,22298,9255,13043,13056,4927,8129,2952,855,2097
40205,129146,61249,67897,16338,8374,7964,74512,37275,37237,37210,15034,22176,6523,3296,3227,47519,19935,27584,26173,9759,16414,6083,1594,4489
40206,48441,21970,26471,6278,3190,3088,26553,12627,13926,15480,6086,9394,2416,1224,1192,19329,7912,11417,11095,4051,7044,2532,660,1872
40207,67777,31902,35875,8345,4273,4072,38542,18923,19619,20815,8654,12161,3072,1569,1503,25963,11131,14832,15242,5988,9254,3414,991,2423
40210,64408,30131,34277,7604,3868,3736,35223,17409,17814,21451,8777,12674,2729,1393,1336,26795,11470,15325,16149,6195,9954,4132,1199,2933
40211,48339,23011,25328,7120,3655,3465,28679,14073,14606,12456,5232,7224,2799,1448,1351,15775,6858,8917,8820,3471,5349,2011,569,1442
40212,34838,16389,18449,3668,1859,1809,19579,9595,9984,11456,4877,6579,1239,641,598,14184,6212,7972,8516,3481,5035,1792,551,1241
40213,70586,33506,37080,9592,4928,4664,41059,20251,20808,19770,8217,11553,3689,1918,1771,25107,10796,14311,13824,5440,8384,2821,765,2056
40214,25940,12107,13833,3087,1568,1519,13609,6702,6907,8964,3685,5279,1163,568,595,11020,4651,6369,6571,2528,4043,1543,418,1125
40215,41796,19371,22425,4616,2380,2236,22489,10904,11585,14585,6027,8558,1663,876,787,18018,7658,10360,10499,4179,6320,2138,653,1485
40216,57983,27203,30780,8286,4257,4029,34489,16500,17989,15089,6380,8709,2808,1405,1403,19111,8347,10764,10786,4353,6433,2326,652,1674
40217,101081,47995,53086,14927,7635,7292,62860,30228,32632,23028,9967,13061,5647,2859,2788,30443,13588,16855,15410,6347,9063,3145,898,2247
40218,110743,53284,57459,17497,9041,8456,70196,33898,36298,21576,9524,12052,6350,3284,3066,28718,12992,15726,14458,6118,8340,2370,799,1571
40219,99525,47711,51814,15767,8036,7731,63103,30647,32456,20226,8750,11476,6432,3232,3200,26176,11671,14505,13800,5722,8078,2502,712,1790
40220,96516,45944,50572,13057,6709,6348,57512,27811,29701,25527,11142,14385,5123,2665,2458,32885,14699,18186,17693,7378,10315,3836,1254,2582
40221,72168,34108,38060,10549,5406,5143,42658,20428,22230,18632,8062,10570,4292,2192,2100,23311,10227,13084,12770,5325,7445,2684,782,1902
40223,57959,27540,30419,8266,4235,4031,35455,17169,18286,14123,6063,8060,3178,1600,1578,18414,8150,10264,9437,3848,5589,1959,559,1400
40224,58781,27244,31537,8402,4263,4139,33451,15812,17639,16917,7164,9753,3604,1830,1774,21304,9199,12105,11888,4776,7112,2697,774,1923
40225,29509,13831,15678,3823,1984,1839,16272,8046,8226,9414,3801,5613,1420,756,664,11819,4982,6837,6909,2612,4297,1765,526,1239
40226,28112,13110,15002,3452,1789,1663,15289,7621,7668,9312,3671,5641,1295,656,639,11712,4858,6854,6846,2441,4405,1925,496,1429
40227,38743,17682,21061,4416,2252,2164,20479,10044,10435,13828,5373,8455,1573,793,780,17437,7101,10336,9951,3515,6436,2630,645,1985
40228,52444,24532,27912,6307,3215,3092,28952,14274,14678,16607,6764,9843,2335,1173,1162,21048,8996,12052,11996,4533,7463,2985,821,2164
40229,38139,17763,20376,4336,2141,2195,20503,10046,10457,13270,5557,7713,1454,700,754,16735,7230,9505,9798,3834,5964,2512,730,1782
40230,96475,45599,50876,13109,6692,6417,57101,27621,29480,25900,11106,14794,4604,2385,2219,33676,14898,18778,17593,7171,10422,3818,1021,2797
40231,50004,24105,25899,8669,4399,4270,31085,15181,15904,10129,4452,5677,3410,1750,1660,13366,6020,7346,6623,2763,3860,1274,343,931
40341,37927,19098,18829,5529,2821,2708,23538,12206,11332,8845,4058,4787,2117,1038,1079,12101,5713,6388,5637,2405,3232,1021,295,726
40342,31210,14998,16212,4971,2570,2401,19029,9353,9676,7165,3053,4112,1930,1000,930,9241,4051,5190,4975,2012,2963,1069,284,785
40343,45256,21624,23632,7687,3908,3779,27569,13525,14044,9947,4152,5795,3121,1595,1526,12731,5454,7277,6850,2682,4168,1308,366,942
40344,27263,13144,14119,4423,2246,2177,15705,7847,7858,7066,3010,4056,1777,918,859,8991,3942,5049,4715,1905,2810,1008,242,766
40345,30344,14799,15545,6280,3202,3078,19050,9397,9653,4969,2168,2801,2792,1455,1337,6738,3052,3686,3329,1353,1976,712,203,509
40348,8225,3948,4277,1302,668,634,4623,2286,2337,2283,983,1300,460,222,238,2866,1258,1608,1606,659,947,344,97,247
40349,45360,22384,22976,8503,4304,4199,29125,14686,14439,7641,3326,4315,3811,1950,1861,9992,4469,5523,5101,2098,3003,888,258,630
40381,14208,6978,7230,1935,960,975,8164,4303,3861,4108,1714,2394,683,331,352,5085,2181,2904,2970,1168,1802,651,186,465
40382,28997,13492,15505,3460,1738,1722,16731,8133,8598,8754,3593,5161,1438,727,711,11112,4726,6386,6136,2342,3794,1241,324,917
40383,31580,14769,16811,4347,2245,2102,17401,8398,9003,9821,4120,5701,1544,763,781,12255,5307,6948,7109,2865,4244,1689,539,1150
40384,18877,8918,9959,2426,1206,1220,10650,5144,5506,5798,2566,3232,944,493,451,7421,3350,4071,4035,1749,2286,764,241,523
40401,7810,3658,4152,740,388,352,4156,2106,2050,2907,1157,1750,268,136,132,3635,1487,2148,2085,789,1296,564,136,428
40402,16007,7529,8478,1815,903,912,8657,4240,4417,5527,2382,3145,664,310,354,7039,3074,3965,3803,1515,2288,802,228,574
40421,13496,6325,7171,1725,924,801,7694,3730,3964,4065,1666,2399,666,364,302,5327,2267,3060,2743,1012,1731,652,170,482
40447,29306,13879,15427,4038,2087,1951,16982,8322,8660,8270,3459,4811,1546,793,753,10605,4563,6042,5705,2195,3510,1435,372,1063
40448,2174,987,1187,222,114,108,1071,541,530,881,332,549,81,39,42,1091,455,636,696,241,455,235,56,179
40503,15138,7188,7950,2177,1120,1057,9023,4422,4601,3924,1637,2287,911,490,421,5084,2232,2852,2775,1074,1701,687,197,490
40522,14176,6714,7462,2253,1166,1087,8257,4014,4243,3651,1523,2128,893,461,432,4686,2021,2665,2537,980,1557,546,138,408
40544,20183,9672,10511,2900,1470,1430,11723,5862,5861,5443,2264,3179,1153,580,573,6823,2938,3885,3945,1534,2411,979,256,723
40601,10861,5004,5857,1256,620,636,5515,2706,2809,4044,1658,2386,480,234,246,5052,2146,2906,2925,1121,1804,632,172,460
40602,9924,4617,5307,1060,547,513,5001,2486,2515,3863,1584,2279,376,189,187,4827,2052,2775,2814,1077,1737,725,204,521
40604,9020,4073,4947,1159,585,574,4710,2257,2453,3142,1225,1917,480,241,239,3937,1602,2335,2296,817,1479,581,135,446
40605,16789,7604,9185,2166,1114,1052,8941,4241,4700,5663,2238,3425,779,401,378,7208,2959,4249,4062,1474,2588,906,228,678
40608,5176,2342,2834,668,340,328,2722,1331,1391,1784,669,1115,252,131,121,2277,895,1382,1294,444,850,372,73,299
40609,3022,1410,1612,364,188,176,1560,772,788,1098,450,648,129,69,60,1394,587,807,796,297,499,211,50,161
40610,22871,10616,12255,3010,1581,1429,12363,6020,6343,7456,2984,4472,1089,558,531,9474,3964,5510,5337,1943,3394,1390,324,1066
40621,34963,17646,17317,4990,2563,2427,21210,11088,10122,8251,3532,4719,2049,1075,974,10655,4744,5911,5822,2364,3458,1125,331,794
40625,20243,9382,10861,2246,1118,1128,10409,5129,5280,7583,3132,4451,736,364,372,9320,3982,5338,5523,2109,3414,1396,361,1035
40642,6627,3077,3550,984,504,480,3654,1772,1882,1987,800,1187,375,184,191,2436,1006,1430,1428,545,883,328,75,253
40646,7458,3509,3949,981,505,476,3962,1955,2007,2506,1044,1462,373,196,177,3138,1366,1772,1876,725,1151,459,126,333
40647,18587,8896,9691,2232,1150,1082,9959,5142,4817,6367,2583,3784,851,433,418,7800,3276,4524,4691,1783,2908,1062,280,782
41201,236372,111453,124919,32324,16533,15791,141105,68675,72430,60734,24971,35763,12455,6441,6014,77375,32965,44410,44191,17098,27093,10246,2940,7306
41202,122785,57547,65238,17235,8914,8321,69052,33661,35391,35842,14625,21217,6346,3189,3157,45715,19425,26290,25993,9805,16188,6440,1816,4624
41203,72902,34799,38103,11946,6131,5815,44240,21570,22670,16200,6813,9387,4528,2321,2207,20732,8939,11793,11484,4496,6988,2596,703,1893
41204,19749,9146,10603,2367,1139,1228,10981,5440,5541,6300,2512,3788,825,393,432,8175,3466,4709,4554,1641,2913,1308,343,965
41205,55238,26395,28843,8151,4139,4012,31230,15818,15412,15782,6394,9388,3230,1643,1587,20372,8719,11653,11502,4305,7197,3036,790,2246
41206,49062,23178,25884,6795,3487,3308,28037,13854,14183,14069,5749,8320,2489,1274,1215,17990,7683,10307,10285,3872,6413,2710,724,1986
41207,29684,13920,15764,4188,2187,2001,16815,8136,8679,8662,3581,5081,1600,830,770,10991,4729,6262,6320,2456,3864,1685,489,1196
41208,44259,20823,23436,6553,3297,3256,26194,12719,13475,11387,4751,6636,2430,1208,1222,14832,6491,8341,8130,3157,4973,1998,552,1446
41209,27336,12667,14669,3431,1769,1662,15268,7432,7836,8610,3457,5153,1257,624,633,10968,4644,6324,6435,2413,4022,1883,544,1339
41210,31842,15172,16670,4311,2227,2084,18371,9110,9261,9063,3777,5286,1557,786,771,11544,4973,6571,6511,2527,3984,1660,464,1196
41327,16411,8136,8275,2506,1314,1192,10051,5142,4909,3599,1543,2056,930,490,440,4706,2096,2610,2521,1022,1499,510,171,339
41341,17501,8266,9235,2149,1087,1062,10502,5026,5476,4754,2081,2673,767,387,380,6292,2842,3450,3263,1332,1931,748,216,532
41345,9283,4379,4904,1490,771,719,5621,2684,2937,2172,924,1248,574,305,269,2825,1232,1593,1501,595,906,355,102,253
41346,25278,11969,13309,2998,1537,1461,13945,6869,7076,8335,3563,4772,1079,551,528,10425,4564,5861,5920,2409,3511,1307,372,935
41387,5902,3035,2867,840,433,407,3402,1887,1515,1659,714,945,301,153,148,2151,946,1205,1233,478,755,338,100,238
41401,20148,9356,10792,2744,1381,1363,11050,5420,5630,6347,2550,3797,991,484,507,7964,3324,4640,4666,1749,2917,1181,317,864
41423,6777,3077,3700,735,361,374,3611,1762,1849,2430,953,1477,265,128,137,3099,1283,1816,1739,610,1129,506,120,386
41424,9583,4497,5086,1360,710,650,5644,2771,2873,2578,1016,1562,548,289,259,3325,1406,1919,1925,684,1241,574,125,449
41425,23941,11133,12808,2961,1525,1436,13226,6543,6683,7745,3060,4685,1050,551,499,9760,4086,5674,5979,2169,3810,1728,470,1258
41441,8779,4125,4654,1038,521,517,4674,2326,2348,3067,1278,1789,301,163,138,3799,1630,2169,2352,936,1416,597,177,420
42201,429508,198716,230792,50265,25512,24753,249601,119702,129899,122974,49606,73368,18686,9556,9130,157139,65824,91315,88185,33252,54933,20532,5581,14951
42202,255439,120198,135241,33765,17204,16561,146170,72240,73930,73685,29830,43855,13247,6737,6510,93083,39167,53916,53011,19966,33045,12758,3499,9259
42203,45436,20999,24437,5872,3009,2863,24719,11928,12791,14811,6045,8766,2326,1180,1146,18434,7755,10679,10986,4221,6765,2866,830,2036
42204,138078,65029,73049,18921,9798,9123,81661,39678,41983,37472,15537,21935,7093,3673,3420,48256,20862,27394,26925,10490,16435,6425,1745,4680
42205,92757,43938,48819,15141,7782,7359,55972,26956,29016,21353,9003,12350,5802,2991,2811,27733,12071,15662,14990,5953,9037,3262,926,2336
42207,31920,14874,17046,3720,1885,1835,16276,8240,8036,11914,4740,7174,1376,702,674,14788,6198,8590,9092,3333,5759,2259,601,1658
42208,23309,11164,12145,2987,1537,1450,12541,6501,6040,7762,3112,4650,1112,541,571,9834,4203,5631,5828,2161,3667,1552,423,1129
42209,31457,15361,16096,4122,2158,1964,16651,8742,7909,10675,4452,6223,1557,831,726,13536,5886,7650,7900,3121,4779,1746,517,1229
42210,27103,12860,14243,3736,1905,1831,13749,6992,6757,9615,3961,5654,1345,706,639,11795,5017,6778,7220,2770,4450,1941,552,1389
42211,37327,17339,19988,4146,2107,2039,19353,9625,9728,13710,5540,8170,1502,754,748,17202,7281,9921,10452,3938,6514,2818,781,2037
42212,28691,14032,14659,3193,1643,1550,15040,7998,7042,9805,4043,5762,1216,630,586,12298,5358,6940,7361,2808,4553,1927,553,1374
42213,44115,20847,23268,5530,2852,2678,24559,12257,12302,13978,5710,8268,1997,1018,979,17797,7654,10143,10631,4017,6614,2830,782,2048
42214,46535,21574,24961,5476,2752,2724,24118,11812,12306,16866,6973,9893,1996,1012,984,20950,8976,11974,12809,4964,7845,3422,1011,2411
42307,42548,20090,22458,6509,3390,3119,26015,12341,13674,9890,4279,5611,2515,1307,1208,12908,5756,7152,6898,2858,4040,1539,450,1089
42308,29804,14326,15478,4803,2606,2197,18121,8766,9355,6854,2936,3918,1851,1002,849,8910,3935,4975,4715,1924,2791,961,245,716
42321,8298,3886,4412,930,471,459,4560,2265,2295,2805,1149,1656,310,147,163,3576,1540,2036,2091,786,1305,601,163,438
42322,14067,6656,7411,1915,996,919,7942,3894,4048,4125,1721,2404,686,366,320,5270,2276,2994,2984,1177,1807,688,174,514
42323,14891,7079,7812,2046,1055,991,8556,4234,4322,4267,1776,2491,799,434,365,5454,2359,3095,3073,1180,1893,723,180,543
42383,2560,1172,1388,229,101,128,1162,575,587,1169,496,673,94,42,52,1465,645,820,912,356,556,297,94,203
42391,13626,6426,7200,2203,1132,1071,7882,3793,4089,3539,1499,2040,908,476,432,4587,1994,2593,2401,949,1452,556,151,405
42411,19718,9197,10521,2053,1035,1018,10214,5170,5044,7417,2973,4444,630,320,310,9265,3949,5316,5662,2135,3527,1360,356,1004
43100,740822,348470,392352,103433,52754,50679,452822,218329,234493,177325,73367,103958,40820,20882,19938,226335,96842,129493,126529,49685,76844,29178,8724,20454
43101,186300,87044,99256,21858,10979,10879,119352,57416,61936,40881,16319,24562,8558,4332,4226,52134,21689,30445,29195,10988,18207,6826,1960,4866
43102,190451,90096,100355,29224,15064,14160,119073,57140,61933,40933,17255,23678,11490,5997,5493,53756,23428,30328,28489,11408,17081,6113,1870,4243
43103,93171,43494,49677,11596,5913,5683,54722,26516,28206,26247,10675,15572,4463,2281,2182,32773,13793,18980,19056,7358,11698,4505,1319,3186
43104,127769,59975,67794,20291,10379,9912,75193,36058,39135,31718,13248,18470,8346,4267,4079,40347,17407,22940,22912,9023,13889,5809,1711,4098
43105,143131,67861,75270,20464,10419,10045,84482,41199,43283,37546,15870,21676,7963,4005,3958,47325,20525,26800,26877,10908,15969,5925,1864,4061
43202,127472,59221,68251,15775,8046,7729,70779,34429,36350,40424,16500,23924,5960,3049,2911,50375,21298,29077,30077,11495,18582,7171,2038,5133
43203,33880,15625,18255,4356,2226,2130,17804,8731,9073,11633,4615,7018,1725,887,838,14354,5931,8423,8789,3276,5513,2459,718,1741
43204,53407,24887,28520,6813,3482,3331,29141,14240,14901,17377,7133,10244,2617,1292,1325,21897,9273,12624,12528,4760,7768,3155,832,2323
43205,25411,11693,13718,2984,1538,1446,13148,6461,6687,9272,3691,5581,1087,559,528,11504,4792,6712,7003,2639,4364,1858,489,1369
43206,66782,31348,35434,8477,4368,4109,37301,18201,19100,20826,8682,12144,3174,1648,1526,26180,11381,14799,15596,6103,9493,3909,1111,2798
43208,52264,24495,27769,6332,3257,3075,27848,13726,14122,18054,7497,10557,2350,1193,1157,22383,9622,12761,13584,5310,8274,3820,1181,2639
43210,48167,22984,25183,6374,3276,3098,26798,13344,13454,14820,6271,8549,2500,1286,1214,18731,8263,10468,11023,4378,6645,2935,903,2032
43211,37026,17679,19347,5227,2686,2541,21439,10560,10879,10299,4397,5902,1979,1001,978,12861,5606,7255,7616,3074,4542,1837,545,1292
43212,27006,12550,14456,2993,1525,1468,13849,6801,7048,10127,4204,5923,1083,538,545,12523,5375,7148,7633,2954,4679,1978,545,1433
43213,59756,28121,31635,7833,4080,3753,33129,16209,16920,18738,7792,10946,3021,1594,1427,23590,10186,13404,13946,5430,8516,3703,1021,2682
43214,27018,12668,14350,3239,1696,1543,14143,7006,7137,9633,3963,5670,1211,649,562,11944,5104,6840,7312,2835,4477,2059,614,1445
43215,82739,38353,44386,9832,5011,4821,42098,20778,21320,30809,12564,18245,3584,1871,1713,38209,16219,21990,23598,8981,14617,6625,1859,4766
43216,58370,28034,30336,10561,5411,5150,34574,16871,17703,13199,5740,7459,4199,2123,2076,17168,7626,9542,9082,3729,5353,2057,607,1450
43348,10333,4792,5541,963,486,477,5058,2541,2517,4308,1763,2545,303,151,152,5273,2262,3011,3382,1264,2118,1086,292,794
43364,5265,2486,2779,724,367,357,2795,1389,1406,1745,729,1016,257,129,128,2169,935,1234,1329,523,806,286,83,203
43367,9786,4599,5187,1072,524,548,5209,2616,2593,3499,1454,2045,426,215,211,4312,1871,2441,2659,1035,1624,665,202,463
43368,15889,7741,8148,1931,983,948,9000,4618,4382,4955,2138,2817,726,368,358,6519,2943,3576,3494,1379,2115,843,247,596
43369,10191,4754,5437,1026,543,483,5160,2572,2588,4001,1636,2365,385,206,179,4885,2078,2807,3150,1219,1931,923,267,656
43403,33452,16467,16985,5705,2975,2730,20711,10502,10209,6899,2901,3998,2450,1296,1154,8993,3920,5073,4946,1965,2981,1321,418,903
43404,40984,20011,20973,7286,3702,3584,25673,12823,12850,7696,3332,4364,2973,1510,1463,10140,4513,5627,5247,2174,3073,1173,340,833
43423,4048,1903,2145,454,225,229,2083,1047,1036,1511,631,880,173,83,90,1865,799,1066,1138,432,706,353,116,237
43424,7187,3398,3789,793,421,372,3668,1856,1812,2726,1121,1605,256,136,120,3406,1456,1950,2062,783,1279,569,174,395
43425,1510,784,726,179,109,70,731,386,345,600,289,311,67,43,24,730,359,371,467,214,253,127,51,76
43428,6325,2989,3336,725,392,333,3146,1557,1589,2451,1037,1414,276,135,141,3050,1339,1711,1871,741,1130,498,158,340
43432,6802,3309,3493,1041,550,491,3878,1936,1942,1883,823,1060,388,211,177,2472,1119,1353,1336,525,811,373,98,275
43433,11503,5611,5892,1222,651,571,6274,3252,3022,4007,1708,2299,432,229,203,5035,2217,2818,2922,1154,1768,787,248,539
43441,17237,8165,9072,2220,1148,1072,9574,4658,4916,5436,2354,3082,891,466,425,6970,3119,3851,3921,1595,2326,966,282,684
43442,9054,4283,4771,1401,708,693,5245,2574,2671,2391,989,1402,646,313,333,2983,1285,1698,1794,685,1109,485,131,354
43443,33611,16064,17547,5269,2748,2521,19353,9403,9950,8975,3908,5067,2133,1150,983,11544,5148,6396,6429,2629,3800,1603,487,1116
43444,10717,5043,5674,1325,704,621,5523,2743,2780,3867,1596,2271,531,293,238,4772,2051,2721,2920,1127,1793,844,234,610
43447,15149,7203,7946,1382,714,668,7030,3629,3401,6737,2860,3877,504,252,252,8338,3698,4640,5289,2055,3234,1613,508,1105
43468,11994,5599,6395,1438,738,700,6312,3101,3211,4143,1702,2441,507,256,251,5196,2213,2983,3094,1174,1920,804,219,585
43482,17661,8248,9413,1886,967,919,8716,4331,4385,7056,2947,4109,697,361,336,8700,3737,4963,5491,2166,3325,1446,415,1031
43484,4673,2165,2508,520,265,255,2420,1215,1205,1733,685,1048,177,94,83,2149,899,1250,1381,492,889,385,91,294
43501,10766,5079,5687,1709,873,836,5984,2928,3056,3073,1278,1795,661,335,326,4023,1732,2291,2216,841,1375,593,173,420
43505,9791,4565,5226,1249,618,631,4852,2400,2452,3690,1547,2143,461,228,233,4566,1968,2598,2809,1091,1718,768,234,534
43506,3985,1844,2141,450,234,216,1902,946,956,1633,664,969,175,90,85,1942,808,1134,1253,475,778,370,109,261
43507,2232,1043,1189,294,159,135,1055,533,522,883,351,532,107,56,51,1068,443,625,698,257,441,192,54,138
43510,4468,2092,2376,550,281,269,2223,1117,1106,1695,694,1001,178,91,87,2108,902,1206,1263,487,776,341,101,240
43511,1055,508,547,81,43,38,489,263,226,485,202,283,25,14,11,578,252,326,385,146,239,97,25,72
43512,3422,1597,1825,586,306,280,1753,857,896,1083,434,649,202,104,98,1387,597,790,813,302,511,197,51,146
43513,3698,1742,1956,398,218,180,1783,916,867,1517,608,909,129,77,52,1879,804,1075,1169,427,742,294,80,214
43514,15523,7178,8345,2165,1124,1041,7995,3851,4144,5358,2202,3156,773,387,386,6735,2863,3872,4046,1548,2498,1093,297,796
43531,7739,3656,4083,894,449,445,3932,2051,1881,2912,1155,1757,313,154,159,3624,1521,2103,2245,814,1431,668,168,500
44201,478146,229844,248302,66116,33722,32394,289224,142068,147156,116354,50285,66069,25665,13015,12650,149912,66285,83627,80249,33003,47246,17044,5072,11972
44202,122138,55482,66656,13396,6860,6536,68889,32726,36163,38250,15057,23193,5062,2573,2489,46338,18850,27488,27966,10519,17447,6229,1768,4461
44203,83965,40351,43614,11579,5911,5668,47871,24297,23574,23572,9600,13972,4673,2394,2279,29550,12581,16969,17004,6548,10456,3908,1092,2816
44204,66523,31435,35088,8460,4383,4077,35773,17842,17931,21509,8799,12710,3072,1600,1472,26956,11501,15455,15932,6149,9783,4038,1160,2878
44205,72211,33232,38979,8040,4042,3998,37423,18348,19075,26562,10734,15828,2927,1513,1414,32696,13686,19010,19809,7540,12269,4841,1362,3479
44206,38748,18259,20489,4313,2266,2047,19801,9875,9926,14618,6107,8511,1500,792,708,17790,7653,10137,10732,4215,6517,2634,777,1857
44207,17969,8346,9623,1742,889,853,9084,4511,4573,7129,2936,4193,617,297,320,8792,3781,5011,5243,2023,3220,1276,368,908
44208,22332,10350,11982,2051,1051,1000,10335,5210,5125,9937,4082,5855,758,407,351,11935,5117,6818,7777,2972,4805,2292,726,1566
44209,22853,10755,12098,2447,1284,1163,11750,5886,5864,8503,3498,5005,894,463,431,10401,4431,5970,6456,2471,3985,1723,504,1219
44210,30185,14466,15719,3482,1793,1689,16068,8215,7853,10378,4320,6058,1308,683,625,12708,5479,7229,7870,3057,4813,2211,647,1564
44211,56258,26281,29977,6823,3453,3370,30212,15014,15198,19082,7725,11357,2521,1282,1239,23656,9970,13686,14269,5387,8882,3654,999,2655
44212,36584,16934,19650,3826,1964,1862,17783,8768,9015,14896,6163,8733,1350,690,660,17921,7649,10272,11464,4476,6988,3364,1070,2294
44213,34262,16210,18052,4288,2225,2063,18821,9300,9521,11009,4598,6411,1695,877,818,13622,5845,7777,8143,3192,4951,2162,638,1524
44214,28647,13588,15059,2796,1469,1327,14184,7222,6962,11551,4829,6722,959,500,459,13849,5967,7882,8905,3540,5365,2448,789,1659
44322,1991,925,1066,171,100,71,929,463,466,891,362,529,61,36,25,1124,472,652,659,241,418,197,47,150
44341,28058,13324,14734,3977,1994,1983,15968,7868,8100,8037,3418,4619,1447,710,737,10029,4394,5635,5781,2352,3429,1411,403,1008
44461,9645,4557,5088,1033,535,498,4672,2388,2284,3915,1612,2303,387,199,188,4796,2067,2729,3005,1159,1846,804,232,572
44462,15823,7593,8230,1873,963,910,8382,4314,4068,5552,2304,3248,683,359,324,6824,2921,3903,4113,1597,2516,1082,338,744
45201,401138,188177,212961,56273,28587,27686,238073,113632,124441,100475,42510,57965,21846,11071,10775,129113,56113,73000,70215,28290,41925,15575,4559,11016
45202,165029,77521,87508,23235,11855,11380,93495,45498,47997,47626,19770,27856,9023,4565,4458,60415,25902,34513,34756,13468,21288,8502,2357,6145
45203,125159,58993,66166,16510,8550,7960,69376,34164,35212,38904,16023,22881,6152,3167,2985,48804,20717,28087,28399,10971,17428,6658,1880,4778
45204,54090,25374,28716,6376,3220,3156,28766,14270,14496,18884,7844,11040,2407,1205,1202,23439,10081,13358,14182,5587,8595,3456,1018,2438
45205,46221,21426,24795,5900,3067,2833,24619,11899,12720,15507,6349,9158,2262,1189,1073,19419,8292,11127,11711,4517,7194,3165,897,2268
45206,61761,29370,32391,8690,4468,4222,34905,17284,17621,17936,7462,10474,3291,1690,1601,22832,9882,12950,12892,5134,7758,2999,869,2130
45207,18779,8752,10027,2104,1079,1025,9197,4659,4538,7201,2878,4323,856,432,424,8954,3800,5154,5600,2063,3537,1531,421,1110
45208,30683,14395,16288,3829,1959,1870,16381,8072,8309,10432,4346,6086,1336,691,645,13049,5648,7401,7755,3063,4692,1993,590,1403
45209,19538,9208,10330,2179,1110,1069,9694,4886,4808,7312,3014,4298,818,397,421,9125,3975,5150,5588,2175,3413,1415,437,978
45341,25404,11778,13626,4266,2132,2134,14422,6810,7612,6482,2709,3773,1774,901,873,8371,3629,4742,4652,1804,2848,1124,302,822
45361,9300,4428,4872,997,528,469,4843,2455,2388,3460,1445,2015,357,181,176,4385,1939,2446,2659,1030,1629,689,202,487
45382,19606,9100,10506,2261,1130,1131,10895,5272,5623,6444,2694,3750,777,380,397,8225,3578,4647,4712,1868,2844,1214,356,858
45383,7345,3421,3924,1090,543,547,3883,1854,2029,2372,1024,1348,434,220,214,2997,1311,1686,1714,705,1009,393,120,273
45401,21025,9900,11125,2813,1426,1387,11921,5839,6082,6175,2573,3602,1119,567,552,7773,3331,4442,4396,1745,2651,1005,259,746
45402,17373,8550,8823,2485,1259,1226,10054,5185,4869,4783,2080,2703,986,498,488,6137,2751,3386,3355,1397,1958,748,214,534
45403,1089,534,555,152,99,53,471,243,228,466,192,274,53,34,19,548,227,321,366,135,231,99,26,73
45404,5231,2439,2792,773,374,399,2710,1313,1397,1748,752,996,342,160,182,2185,969,1216,1281,525,756,333,108,225
45405,16109,7703,8406,2233,1133,1100,8800,4390,4410,5072,2177,2895,780,399,381,6441,2848,3593,3616,1449,2167,947,270,677
45406,10391,4877,5514,1338,648,690,5445,2722,2723,3607,1506,2101,494,224,270,4553,1966,2587,2580,1029,1551,626,165,461
45421,18183,8596,9587,2586,1319,1267,10087,4984,5103,5503,2287,3216,991,476,515,7010,3022,3988,3999,1580,2419,920,246,674
45429,1739,849,890,216,120,96,817,432,385,706,297,409,80,48,32,854,383,471,559,216,343,158,38,120
45430,2808,1414,1394,341,176,165,1307,737,570,1160,501,659,135,82,53,1416,643,773,930,381,549,245,88,157
45431,5480,2637,2843,491,263,228,2361,1225,1136,2628,1149,1479,178,95,83,3137,1414,1723,2052,851,1201,608,212,396
45441,12755,6060,6695,1517,793,724,6288,3199,3089,4947,2065,2882,560,307,253,6160,2693,3467,3782,1465,2317,1106,322,784
45442,3946,1866,2080,409,197,212,1852,979,873,1684,690,994,121,59,62,2061,891,1170,1347,511,836,403,126,277
45443,3887,1874,2013,544,283,261,1882,967,915,1461,624,837,157,82,75,1813,814,999,1132,450,682,348,109,239
46201,599814,279108,320706,80965,41501,39464,358756,168547,190209,145300,60751,84549,31382,16050,15332,189220,81850,107370,102869,40397,62472,23624,6656,16968
46203,103608,49555,54053,15792,8082,7710,58792,28949,29843,28344,12030,16314,6420,3259,3161,35947,15760,20187,21036,8396,12640,5092,1544,3548
46204,22046,9965,12081,2397,1222,1175,11655,5567,6088,7992,3174,4818,830,417,413,10121,4208,5913,5970,2163,3807,1523,360,1163
46206,21198,9922,11276,2278,1213,1065,10726,5340,5386,8167,3351,4816,819,424,395,9915,4226,5689,6396,2458,3938,1653,457,1196
46208,53758,24984,28774,7518,3876,3642,29647,14112,15535,16288,6837,9451,2922,1514,1408,20604,8901,11703,12027,4702,7325,3091,893,2198
46210,41831,19155,22676,5079,2575,2504,22038,10582,11456,14698,5987,8711,1929,984,945,18564,7971,10593,10994,4207,6787,2926,806,2120
46213,15967,7550,8417,2116,1060,1056,8382,4222,4160,5465,2265,3200,769,372,397,6920,2987,3933,4131,1589,2542,987,288,699
46214,15520,7154,8366,1524,807,717,8015,3943,4072,5981,2404,3577,601,313,288,7489,3188,4301,4593,1712,2881,1316,351,965
46215,96076,45926,50150,13730,7096,6634,53842,26963,26879,28303,11733,16570,5426,2814,2612,35819,15561,20258,21118,8096,13022,5924,1624,4300
46216,49249,23063,26186,6341,3299,3042,26909,13000,13909,15569,6536,9033,2299,1183,1116,19656,8559,11097,11620,4505,7115,3214,908,2306
46217,36557,16946,19611,4063,2066,1997,18779,9250,9529,13706,5623,8083,1552,783,769,17122,7377,9745,10688,4106,6582,2805,813,1992
46218,125857,59966,65891,18511,9620,8891,74757,36679,38078,31662,13250,18412,7338,3801,3537,40664,17786,22878,23153,9025,14128,5932,1647,4285
46219,29282,13609,15673,3606,1829,1777,16008,7695,8313,9658,4079,5579,1285,654,631,12113,5274,6839,7137,2845,4292,1710,486,1224
46220,35439,16164,19275,3902,2029,1873,18277,8801,9476,13227,5318,7909,1495,789,706,16340,6954,9386,10223,3825,6398,2941,748,2193
46221,31479,14775,16704,4302,2180,2122,16783,8240,8543,10329,4318,6011,1763,892,871,13023,5715,7308,7828,3045,4783,1952,536,1416
46222,43156,20261,22895,6260,3191,3069,24571,12101,12470,12305,4959,7346,2350,1170,1180,16060,6832,9228,9161,3455,5706,2433,641,1792
46223,36352,16857,19495,4203,2102,2101,18979,9489,9490,13144,5254,7890,1543,768,775,16435,7008,9427,10183,3768,6415,3030,798,2232
46224,26810,12344,14466,2974,1545,1429,13289,6533,6756,10385,4188,6197,1130,606,524,12699,5338,7361,8007,3010,4997,2317,661,1656
46225,75173,35004,40169,10777,5544,5233,42403,20114,22289,21858,9255,12603,4077,2109,1968,27826,12090,15736,15798,6253,9545,4138,1170,2968
46303,407,207,200,81,37,44,214,123,91,112,47,65,24,13,11,144,64,80,91,34,57,28,8,20
46304,756,413,343,131,74,57,410,240,170,215,99,116,43,20,23,286,144,142,175,71,104,42,12,30
46392,22400,10416,11984,2592,1337,1255,11300,5682,5618,8472,3379,5093,957,470,487,10428,4371,6057,6627,2432,4195,1992,532,1460
46404,10431,5017,5414,1475,759,716,5438,2793,2645,3518,1465,2053,564,301,263,4431,1920,2511,2709,1043,1666,710,211,499
46452,10327,5015,5312,1098,568,530,5213,2813,2400,4007,1628,2379,394,209,185,4930,2101,2829,3102,1144,1958,945,243,702
46468,13241,6255,6986,1514,784,730,6964,3439,3525,4761,2032,2729,596,327,269,5986,2645,3341,3535,1412,2123,806,225,581
46482,6530,3073,3457,871,471,400,3347,1639,1708,2312,963,1349,331,180,151,2807,1218,1589,1777,692,1085,482,157,325
46490,7923,3676,4247,817,398,419,3704,1907,1797,3402,1371,2031,305,148,157,4123,1775,2348,2757,1040,1717,831,228,603
46491,7542,3510,4032,713,369,344,3391,1767,1624,3437,1373,2064,241,129,112,4131,1739,2392,2797,1052,1745,793,249,544
46492,15664,7466,8198,1760,934,826,7774,3978,3796,6125,2549,3576,623,328,295,7487,3270,4217,4776,1871,2905,1277,391,886
46501,8135,3815,4320,1056,547,509,4165,2101,2064,2907,1162,1745,392,195,197,3591,1510,2081,2313,871,1442,573,169,404
46502,5745,2839,2906,766,400,366,3074,1658,1416,1899,779,1120,289,156,133,2390,1044,1346,1479,573,906,371,119,252
46505,12913,6311,6602,1891,956,935,6967,3602,3365,4049,1750,2299,725,354,371,5248,2400,2848,2925,1177,1748,745,219,526
46523,1530,751,779,175,100,75,760,417,343,595,234,361,61,42,19,715,306,409,469,180,289,111,27,84
46524,1722,811,911,201,99,102,868,436,432,653,276,377,75,42,33,850,381,469,516,206,310,159,43,116
46525,9042,4319,4723,1093,557,536,4757,2485,2272,3189,1275,1914,429,222,207,4021,1709,2312,2489,910,1579,878,243,635
46527,5806,2795,3011,929,480,449,3094,1552,1542,1779,759,1020,360,195,165,2253,1006,1247,1370,544,826,417,109,308
46529,7212,3492,3720,908,484,424,3650,1908,1742,2647,1096,1551,341,164,177,3318,1445,1873,2013,759,1254,629,149,480
46530,11160,5465,5695,1772,934,838,6076,3137,2939,3310,1394,1916,692,366,326,4248,1907,2341,2534,990,1544,813,246,567
46531,5975,2997,2978,858,453,405,3122,1698,1424,1995,846,1149,291,155,136,2536,1152,1384,1569,616,953,511,150,361
46532,6362,3169,3193,965,490,475,3145,1686,1459,2251,992,1259,389,193,196,2837,1305,1532,1815,742,1073,533,166,367
46533,6783,3307,3476,1054,538,516,3603,1902,1701,2126,867,1259,405,205,200,2790,1237,1553,1618,622,996,519,135,384
46534,6213,3125,3088,923,480,443,3319,1774,1545,1971,871,1100,355,178,177,2598,1227,1371,1502,624,878,421,122,299
46535,5186,2509,2677,770,377,393,2795,1439,1356,1621,693,928,305,145,160,2104,936,1168,1284,513,771,420,117,303
47201,319435,154685,164750,49811,25402,24409,200177,99189,100988,63513,26812,36701,19617,9968,9649,84515,37019,47496,45708,18261,27447,9113,2638,6475
47205,96243,47022,49221,16900,8563,8337,61590,30475,31115,15950,6948,9002,7055,3523,3532,21764,9822,11942,11287,4737,6550,2001,562,1439
47207,47564,23659,23905,8639,4370,4269,29602,15049,14553,9067,4076,4991,3566,1748,1818,12607,5959,6648,6357,2649,3708,1620,467,1153
47208,114232,55471,58761,20910,10642,10268,72626,35553,37073,19476,8649,10827,8300,4166,4134,26501,12023,14478,13613,5766,7847,2465,735,1730
47209,61674,30626,31048,10501,5409,5092,38151,19241,18910,11912,5398,6514,4256,2137,2119,16120,7545,8575,8438,3634,4804,2128,612,1516
47210,58547,29333,29214,10870,5518,5352,36480,18630,17850,11121,5138,5983,4539,2280,2259,15408,7355,8053,7738,3316,4422,1672,468,1204
47211,139279,67522,71757,25466,12985,12481,88084,43309,44775,24933,10786,14147,10052,5150,4902,33699,15093,18606,17635,7201,10434,3499,1010,2489
47212,61119,29761,31358,12206,6270,5936,38232,18827,19405,10189,4480,5709,5193,2644,2549,13943,6339,7604,7065,2979,4086,1380,365,1015
47213,118898,59409,59489,20632,10609,10023,73870,37729,36141,23623,10605,13018,7946,4102,3844,31773,14833,16940,16795,7108,9687,3858,1067,2791
47214,51186,25131,26055,8419,4333,4086,29710,14935,14775,12640,5658,6982,3414,1784,1630,16902,7797,9105,9512,4056,5456,2621,827,1794
47215,42016,21194,20822,7062,3611,3451,25170,13116,12054,9740,4443,5297,2738,1384,1354,13034,6237,6797,7113,3084,4029,1743,497,1246
47301,4908,2464,2444,646,318,328,2772,1489,1283,1490,657,833,215,118,97,1973,944,1029,1130,447,683,393,102,291
47302,3060,1574,1486,373,182,191,1691,920,771,996,472,524,144,72,72,1313,676,637,731,303,428,251,55,196
47303,1720,946,774,232,122,110,968,566,402,520,258,262,81,41,40,700,372,328,374,175,199,108,38,70
47306,9531,4794,4737,1443,711,732,5409,2872,2537,2677,1210,1467,532,260,272,3531,1707,1824,2004,819,1185,708,193,515
47308,13536,6902,6634,1948,1014,934,7919,4215,3704,3653,1663,1990,806,412,394,4991,2436,2555,2674,1101,1573,874,258,616
47311,10652,5464,5188,1574,811,763,6829,3649,3180,2249,1004,1245,589,293,296,3060,1464,1596,1618,663,955,434,120,314
47313,5597,2775,2822,1140,584,556,3159,1616,1543,1295,572,723,456,226,230,1701,784,917,932,382,550,264,64,200
47314,11232,5565,5667,1965,980,985,6438,3380,3058,2828,1204,1624,827,428,399,3591,1601,1990,2103,836,1267,498,114,384
47315,4260,2161,2099,609,317,292,2377,1295,1082,1274,549,725,228,113,115,1720,799,921,990,397,593,236,57,179
47324,39504,19481,20023,7229,3704,3525,24832,12455,12377,7281,3246,4035,2816,1462,1354,10026,4687,5339,5315,2267,3048,1022,286,736
47325,13685,6668,7017,2346,1229,1117,8251,4133,4118,3055,1287,1768,911,460,451,3947,1755,2192,2349,938,1411,563,160,403
47326,28308,13554,14754,5028,2551,2477,17925,8643,9282,5200,2300,2900,1929,983,946,7003,3205,3798,3732,1560,2172,788,230,558
47327,16148,7780,8368,2699,1333,1366,9827,4870,4957,3552,1539,2013,1055,504,551,4612,2075,2537,2642,1083,1559,635,181,454
47328,19454,9730,9724,3369,1762,1607,12533,6372,6161,3453,1546,1907,1355,756,599,4721,2183,2538,2498,1036,1462,666,191,475
47329,34508,17280,17228,5528,2805,2723,21341,10808,10533,5946,2786,3160,2091,1069,1022,8269,3937,4332,4036,1814,2222,816,256,560
47348,18410,8832,9578,3418,1746,1672,11350,5504,5846,3358,1451,1907,1493,769,724,4615,2072,2543,2364,953,1411,543,138,405
47350,37502,18429,19073,7380,3794,3586,23454,11586,11868,6383,2919,3464,3196,1646,1550,8814,4155,4659,4464,1963,2501,949,280,669
47353,730,408,322,109,58,51,466,278,188,155,72,83,46,21,25,198,102,96,112,44,68,43,12,31
47354,870,465,405,156,81,75,542,303,239,172,81,91,61,30,31,241,123,118,127,53,74,37,13,24
47355,759,434,325,94,39,55,414,270,144,251,125,126,32,11,21,326,179,147,201,87,114,94,31,63
47356,430,278,152,40,24,16,261,189,72,129,65,64,12,8,4,181,104,77,92,42,50,20,6,14
47357,1329,780,549,228,111,117,818,520,298,283,149,134,99,46,53,393,220,173,215,108,107,37,18,19
47358,629,379,250,110,55,55,408,262,146,111,62,49,50,28,22,170,103,67,72,32,40,7,1,6
47359,1238,666,572,237,117,120,675,387,288,326,162,164,74,32,42,440,236,204,251,112,139,82,28,54
47360,1517,821,696,237,122,115,860,503,357,420,196,224,103,52,51,568,283,285,320,129,191,114,28,86
47361,7755,4086,3669,1218,637,581,4475,2474,2001,2052,969,1083,471,248,223,2709,1349,1360,1563,674,889,521,171,350
47362,29066,14247,14819,5315,2725,2590,18012,8991,9021,5610,2478,3132,2313,1177,1136,7668,3518,4150,4035,1643,2392,1022,261,761
47375,1194,639,555,208,107,101,671,381,290,315,151,164,73,42,31,410,208,202,241,114,127,52,14,38
47381,3998,2057,1941,680,365,315,2469,1289,1180,798,376,422,307,154,153,1091,552,539,596,249,347,209,67,142
47382,1843,1147,696,231,113,118,1271,863,408,341,171,170,107,58,49,510,272,238,221,99,122,47,16,31
