date,HUM_max,HUM_mean,HUM_min,NO2_mean,NOX_mean,NO_mean,PM25_mean,SO2_mean,SPM_mean,TEMP_max,TEMP_mean,TEMP_min
2011-01-01,99.0,72.292,39.0,6.542,6.625,0.083,,1.167,14.625,73.0,14.083,-27.0
2011-01-02,100.0,63.708,23.0,4.125,4.125,0.0,,1.042,10.583,101.0,27.375,-23.0
2011-01-03,88.0,56.042,20.0,5.13,5.13,0.0,,1.13,10.0,86.0,12.125,-38.0
2011-01-04,82.0,56.667,28.0,6.583,7.292,0.708,,1.292,12.583,98.0,18.25,-23.0
2011-01-05,93.0,66.5,29.0,8.375,8.75,0.375,,1.292,9.792,68.0,0.167,-42.0
2011-01-06,90.0,64.5,30.0,14.958,17.417,2.458,,1.458,14.958,74.0,8.958,-45.0
2011-01-07,95.0,63.083,24.0,9.375,9.792,0.417,,1.333,12.875,73.0,6.458,-35.0
2011-01-08,91.0,62.292,25.0,7.625,7.625,0.0,,1.375,12.083,70.0,-0.75,-48.0
2011-01-09,91.0,60.708,30.0,6.625,6.625,0.0,,1.583,12.417,82.0,13.458,-37.0
2011-01-10,97.0,66.458,39.0,15.522,19.174,3.652,,1.913,17.083,75.0,24.167,-28.0
2011-01-11,89.0,55.917,29.0,8.833,9.458,0.625,,1.917,18.625,81.0,26.0,-25.0
2011-01-12,85.0,52.542,21.0,15.417,17.583,2.167,,1.438,12.208,51.0,-12.667,-64.0
2011-01-13,81.0,54.458,23.0,15.417,21.292,5.875,,1.783,17.042,100.0,10.583,-58.0
2011-01-14,88.0,50.083,18.0,6.25,6.708,0.458,,1.583,14.333,67.0,9.5,-40.0
2011-01-15,85.0,59.583,32.0,7.792,8.0,0.208,,1.417,18.125,68.0,5.5,-45.0
2011-01-16,85.0,60.583,36.0,15.682,20.227,4.545,,1.5,18.565,47.0,8.167,-24.0
2011-01-17,82.0,56.75,31.0,13.652,15.913,2.261,,1.292,15.375,72.0,14.292,-18.0
2011-01-18,83.0,59.917,31.0,15.375,16.667,1.292,,1.375,19.125,86.0,15.042,-35.0
2011-01-19,86.0,62.667,36.0,16.667,19.333,2.667,,1.75,17.792,95.0,36.5,-28.0
2011-01-20,100.0,94.917,83.0,4.083,4.083,0.0,,1.087,15.458,27.0,20.458,14.0
2011-01-21,100.0,98.042,90.0,4.0,4.0,0.0,,1.0,10.083,27.0,18.5,11.0
2011-01-22,100.0,97.0,87.0,3.917,4.375,0.458,,1.0,9.042,67.0,34.917,7.0
2011-01-23,100.0,85.333,55.0,10.208,14.0,3.792,,1.167,13.625,69.0,27.917,-2.0
2011-01-24,100.0,71.875,38.0,14.696,16.304,1.609,,1.167,14.833,51.0,10.0,-23.0
2011-01-25,100.0,66.833,14.0,12.833,20.292,7.458,,1.458,14.25,85.0,10.167,-36.0
2011-01-26,94.0,44.917,13.0,9.375,9.917,0.542,,1.292,13.0,56.0,-0.708,-45.0
2011-01-27,89.0,61.75,32.0,12.458,13.25,0.792,,1.435,18.222,56.0,-8.208,-60.0
2011-01-28,89.0,51.167,17.0,5.75,5.75,0.0,,1.458,14.875,47.0,-3.833,-45.0
2011-01-29,79.0,46.708,12.0,4.125,4.125,0.0,,1.25,12.292,61.0,-8.083,-54.0
2011-01-30,90.0,51.125,21.0,13.417,15.5,2.083,,1.542,11.875,48.0,-7.708,-57.0
2011-01-31,83.0,47.583,15.0,11.13,12.565,1.435,,1.292,11.083,79.0,-1.542,-62.0
2011-02-01,88.0,49.083,22.0,10.125,14.083,3.958,,1.667,12.5,83.0,6.25,-62.0
2011-02-02,61.0,28.0,12.0,2.25,2.292,0.042,,1.583,11.667,40.0,5.667,-28.0
2011-02-03,86.0,51.583,12.0,10.792,12.042,1.25,,1.261,11.792,63.0,-11.375,-64.0
2011-02-04,88.0,49.042,18.0,7.75,8.708,0.958,,1.5,13.708,104.0,14.375,-63.0
2011-02-05,93.0,59.042,30.0,6.625,6.667,0.042,,1.833,16.167,83.0,21.292,-40.0
2011-02-06,100.0,86.25,58.0,10.75,11.833,1.083,,1.5,26.0,77.0,30.333,-16.0
2011-02-07,100.0,99.542,95.0,11.043,14.174,3.13,,1.083,15.875,103.0,63.583,35.0
2011-02-08,100.0,45.75,14.0,3.75,3.792,0.042,,1.083,11.375,95.0,43.875,5.0
2011-02-09,79.0,47.875,16.0,8.864,9.682,0.818,,1.105,11.042,62.0,6.625,-32.0
2011-02-10,86.0,56.75,23.0,15.0,18.583,3.583,,1.375,14.125,83.0,17.0,-37.0
2011-02-11,89.0,50.435,12.0,5.955,6.273,0.318,,1.045,13.818,79.0,14.696,-26.0
2011-02-12,73.0,41.542,10.0,3.958,3.958,0.0,,1.043,11.458,85.0,9.375,-41.0
2011-02-13,67.0,45.625,24.0,13.625,15.792,2.167,,1.417,18.458,74.0,20.083,-37.0
2011-02-14,100.0,74.292,51.0,12.478,13.87,1.391,,1.174,26.208,70.0,38.875,11.0
2011-02-15,100.0,75.333,40.0,13.542,19.125,5.583,,1.375,25.0,107.0,47.333,-6.0
2011-02-16,89.0,64.042,32.0,15.542,18.083,2.542,,1.348,21.875,50.0,9.208,-18.0
2011-02-17,100.0,74.333,29.0,12.75,14.833,2.083,,1.25,18.125,64.0,13.708,-22.0
2011-02-18,100.0,55.042,17.0,3.25,3.375,0.125,,1.043,12.958,50.0,-3.125,-48.0
2011-02-19,75.0,45.958,18.0,4.833,5.0,0.167,,1.083,12.917,65.0,-5.083,-63.0
2011-02-20,67.0,41.292,19.0,12.875,14.292,1.417,,1.304,15.0,96.0,22.875,-41.0
2011-02-21,77.0,44.292,20.0,17.261,19.304,2.043,,1.417,19.417,123.0,48.458,-30.0
2011-02-22,89.0,55.417,29.0,14.125,15.333,1.208,,2.174,28.5,110.0,52.75,-8.0
2011-02-23,100.0,98.333,64.0,11.208,14.0,2.792,,1.167,20.542,86.0,57.917,33.0
2011-02-24,100.0,65.0,28.0,14.583,15.75,1.167,,1.826,23.292,131.0,69.083,13.0
2011-02-25,100.0,99.792,98.0,6.125,6.208,0.083,,1.0,15.375,41.0,26.458,6.0
2011-02-26,100.0,78.708,51.0,5.5,5.667,0.167,,1.0,13.708,65.0,29.667,4.0
2011-02-27,100.0,54.875,12.0,7.542,8.125,0.583,,1.042,14.583,73.0,13.292,-32.0
2011-02-28,96.0,59.833,26.0,14.0,16.304,2.304,,1.375,16.458,57.0,2.792,-57.0
2011-03-01,100.0,88.458,59.0,11.083,13.0,1.917,,1.042,10.792,119.0,56.0,1.0
2011-03-02,100.0,99.667,96.0,7.542,8.333,0.792,,1.0,14.625,60.0,38.042,19.0
2011-03-03,100.0,81.542,47.0,7.208,7.667,0.458,,1.125,18.25,91.0,42.292,9.0
2011-03-04,100.0,73.625,47.0,4.833,5.25,0.417,,1.174,20.042,73.0,33.5,8.0
2011-03-05,100.0,100.0,100.0,7.625,8.0,0.375,,1.0,12.042,88.0,49.875,6.0
2011-03-06,100.0,94.375,73.0,13.304,14.478,1.174,,1.125,19.167,166.0,107.75,64.0
2011-03-07,100.0,72.792,42.0,10.708,12.5,1.792,,1.083,20.875,147.0,108.25,78.0
2011-03-08,85.0,66.333,52.0,13.958,15.667,1.708,,1.375,28.625,112.0,85.208,65.0
2011-03-09,100.0,98.792,78.0,5.727,5.864,0.136,,1.0,17.5,78.0,51.0,31.0
2011-03-10,100.0,89.208,65.0,3.167,3.583,0.417,,1.042,8.583,81.0,44.583,21.0
2011-03-11,100.0,89.0,61.0,3.375,3.75,0.375,,1.0,11.333,81.0,42.0,9.0
2011-03-12,100.0,67.542,22.0,3.417,4.0,0.583,,1.083,11.708,91.0,33.042,-16.0
2011-03-13,99.0,50.75,14.0,6.0,6.87,0.87,,1.0,11.167,92.0,37.208,-17.0
2011-03-14,100.0,55.042,20.0,12.792,14.125,1.333,,1.292,14.667,98.0,40.792,-15.0
2011-03-15,100.0,58.208,16.0,6.417,7.167,0.75,,1.208,17.167,123.0,40.958,-15.0
2011-03-16,71.0,47.417,19.0,14.833,16.417,1.583,,1.542,24.5,102.0,42.208,-20.0
2011-03-17,100.0,93.625,68.0,13.125,13.958,0.833,,1.083,27.708,79.0,54.917,32.0
2011-03-18,100.0,99.958,99.0,8.958,10.125,1.167,,1.0,19.083,110.0,78.875,44.0
2011-03-19,100.0,50.208,13.0,8.625,10.333,1.708,,1.083,12.5,111.0,66.708,3.0
2011-03-20,80.0,43.208,16.0,4.783,4.87,0.087,,1.083,16.0,126.0,50.458,-22.0
2011-03-21,75.0,43.125,13.0,8.75,9.458,0.708,,1.125,14.833,102.0,40.125,-15.0
2011-03-22,74.0,45.917,20.0,18.542,20.958,2.417,,1.417,24.25,118.0,53.875,-16.0
2011-03-23,100.0,79.167,40.0,13.833,14.833,1.0,,1.458,29.167,109.0,69.25,41.0
2011-03-24,100.0,70.667,20.0,8.167,9.542,1.375,,1.167,9.875,142.0,73.125,25.0
2011-03-25,96.0,48.792,11.0,4.583,4.958,0.375,,1.217,11.667,124.0,61.75,3.0
2011-03-26,90.0,44.917,11.0,5.917,6.417,0.5,,1.476,12.591,113.0,45.292,-16.0
2011-03-27,75.0,40.833,14.0,15.522,17.435,1.913,,1.833,16.583,143.0,68.125,-7.0
2011-03-28,78.0,50.0,19.0,9.333,11.333,2.0,,2.125,22.958,164.0,77.417,16.0
2011-03-29,84.0,45.583,13.0,13.958,15.375,1.417,,2.042,22.708,171.0,84.542,-2.0
2011-03-30,87.0,59.583,20.0,17.5,20.333,2.833,,2.25,23.667,190.0,106.083,42.0
2011-03-31,100.0,85.375,53.0,6.292,7.375,1.083,,1.75,16.667,169.0,93.5,27.0
2011-04-01,96.0,55.333,14.0,11.167,11.208,0.042,,1.167,16.125,160.0,79.917,-3.0
2011-04-02,96.0,58.125,26.0,7.125,7.125,0.0,,1.333,21.833,187.0,97.958,28.0
2011-04-03,78.0,47.708,27.0,5.25,5.25,0.0,,1.0,17.875,114.0,67.292,30.0
2011-04-04,71.0,41.875,18.0,5.958,6.25,0.292,,1.0,11.917,121.0,57.5,-1.0
2011-04-05,74.0,40.375,15.0,9.0,9.625,0.625,,1.0,11.292,174.0,80.083,-18.0
2011-04-06,70.0,38.125,11.0,14.174,15.043,0.87,,1.083,14.792,201.0,111.792,25.0
2011-04-07,80.0,49.917,23.0,13.458,13.625,0.167,,1.667,24.625,198.0,117.375,48.0
2011-04-08,95.0,62.625,27.0,10.696,10.913,0.217,,1.409,21.917,195.0,137.167,60.0
2011-04-09,100.0,96.208,81.0,7.458,7.667,0.208,,1.125,15.542,127.0,116.125,100.0
2011-04-10,100.0,75.25,48.0,5.208,5.208,0.0,,1.522,19.25,163.0,121.458,82.0
2011-04-11,100.0,82.042,47.0,5.875,6.0,0.125,,1.458,22.917,184.0,108.083,60.0
2011-04-12,100.0,50.708,12.0,4.208,4.5,0.292,,1.375,13.708,151.0,88.417,26.0
2011-04-13,94.0,45.792,9.0,9.652,9.87,0.217,,1.75,22.625,221.0,118.25,10.0
2011-04-14,77.0,38.458,12.0,9.875,9.917,0.042,,2.417,32.708,240.0,148.208,53.0
2011-04-15,78.0,47.083,15.0,10.417,10.458,0.042,,2.625,32.667,250.0,166.917,83.0
2011-04-16,95.0,47.708,10.0,4.333,4.333,0.0,,1.625,22.458,255.0,159.167,85.0
2011-04-17,76.0,41.208,12.0,2.917,2.917,0.0,,1.652,15.083,195.0,116.125,27.0
2011-04-18,100.0,68.583,51.0,5.417,5.417,0.0,,1.75,20.5,165.0,123.667,81.0
2011-04-19,100.0,99.958,99.0,3.417,3.417,0.0,,1.0,9.792,101.0,69.167,28.0
2011-04-20,100.0,77.792,38.0,7.304,7.739,0.435,,1.292,8.667,153.0,83.625,24.0
2011-04-21,100.0,83.125,68.0,14.625,16.25,1.625,,1.5,18.542,141.0,95.833,66.0
2011-04-22,100.0,91.333,68.0,7.417,7.708,0.292,,1.208,24.5,161.0,125.958,91.0
2011-04-23,100.0,100.0,100.0,6.833,7.0,0.167,,1.292,17.042,160.0,141.208,117.0
2011-04-24,100.0,65.75,13.0,2.417,2.458,0.042,,1.391,11.667,214.0,131.833,72.0
2011-04-25,100.0,61.75,17.0,2.875,2.875,0.0,,1.292,14.333,183.0,113.125,57.0
2011-04-26,99.0,63.167,20.0,5.045,5.091,0.045,,1.409,15.13,176.0,112.333,40.0
2011-04-27,100.0,72.0,34.0,7.043,7.087,0.043,,1.625,36.958,256.0,171.667,81.0
2011-04-28,100.0,60.542,21.0,3.125,3.125,0.0,,1.542,14.083,244.0,170.833,89.0
2011-04-29,99.0,64.125,33.0,3.292,3.292,0.0,,1.417,13.583,178.0,123.375,74.0
2011-04-30,100.0,72.167,46.0,7.5,7.5,0.0,,1.833,20.792,196.0,141.292,73.0
2011-05-01,100.0,82.375,39.0,4.708,4.708,0.0,,1.174,22.125,221.0,162.833,124.0
2011-05-02,100.0,41.708,13.0,3.417,3.417,0.0,,1.042,85.333,237.0,169.542,94.0
2011-05-03,100.0,71.292,28.0,3.625,3.625,0.0,,1.125,51.208,192.0,132.75,73.0
2011-05-04,100.0,60.833,9.0,3.217,3.217,0.0,,1.125,26.292,239.0,159.292,102.0
2011-05-05,88.0,65.792,54.0,4.167,4.167,0.0,,1.292,18.5,148.0,121.625,96.0
2011-05-06,100.0,79.292,54.0,7.042,7.042,0.0,,1.292,22.5,178.0,138.667,83.0
2011-05-07,100.0,98.375,88.0,5.583,5.583,0.0,,1.125,22.333,171.0,147.792,128.0
2011-05-08,100.0,55.667,12.0,3.583,3.708,0.125,,1.652,21.458,286.0,185.125,118.0
2011-05-09,98.0,53.375,19.0,7.667,7.667,0.0,,1.875,21.333,245.0,174.125,95.0
2011-05-10,100.0,90.875,60.0,13.5,13.75,0.25,,1.75,28.625,240.0,185.875,138.0
2011-05-11,100.0,99.167,93.0,6.87,6.87,0.0,,1.375,13.875,157.0,138.375,132.0
2011-05-12,100.0,97.542,88.0,5.292,5.292,0.0,,1.167,10.375,182.0,154.792,131.0
2011-05-13,100.0,82.542,36.0,5.864,5.864,0.0,,1.5,18.333,249.0,191.667,144.0
2011-05-14,100.0,48.25,18.0,4.458,4.542,0.083,,1.5,36.5,243.0,176.917,100.0
2011-05-15,77.0,34.708,10.0,3.958,3.958,0.0,,2.043,22.292,264.0,184.333,96.0
2011-05-16,86.0,53.708,26.0,9.625,9.625,0.0,,2.292,33.0,232.0,175.0,113.0
2011-05-17,100.0,79.333,43.0,8.125,8.125,0.0,,2.125,34.833,209.0,165.292,126.0
2011-05-18,100.0,61.833,31.0,6.826,6.913,0.087,,2.417,28.917,240.0,177.375,120.0
2011-05-19,100.0,62.792,24.0,8.583,8.583,0.0,,2.375,31.75,266.0,192.542,117.0
2011-05-20,99.0,61.542,25.0,10.75,10.75,0.0,,2.5,40.542,286.0,215.208,135.0
2011-05-21,100.0,70.417,30.0,8.333,8.333,0.0,,2.458,42.042,297.0,223.042,150.0
2011-05-22,100.0,95.625,72.0,4.667,4.667,0.0,,1.783,26.542,248.0,183.958,139.0
2011-05-23,100.0,86.542,36.0,4.833,4.833,0.0,,1.417,13.5,200.0,151.208,120.0
2011-05-24,100.0,83.125,54.0,4.125,4.125,0.0,,1.458,10.5,194.0,146.083,111.0
2011-05-25,100.0,75.083,35.0,10.565,10.565,0.0,,2.125,22.417,241.0,179.208,117.0
2011-05-26,100.0,84.125,65.0,6.583,6.583,0.0,,2.0,23.125,206.0,169.042,131.0
2011-05-27,100.0,88.333,59.0,6.409,6.409,0.0,,1.273,19.478,195.0,172.083,153.0
2011-05-28,100.0,99.667,95.0,4.75,4.75,0.0,,1.0,13.583,200.0,176.625,152.0
2011-05-29,100.0,100.0,100.0,3.167,3.167,0.0,,1.0,8.625,192.0,176.75,156.0
2011-05-30,100.0,78.417,56.0,1.833,1.833,0.0,,1.042,7.625,218.0,172.042,146.0
2011-05-31,85.0,66.375,43.0,4.667,4.667,0.0,,1.0,15.833,195.0,155.292,117.0
2011-06-01,100.0,79.0,68.0,7.0,7.0,0.0,,1.042,34.167,150.0,127.833,108.0
2011-06-02,100.0,99.958,99.0,15.583,16.333,0.75,,1.25,29.625,153.0,138.792,119.0
2011-06-03,100.0,80.167,46.0,7.917,7.958,0.042,,1.125,18.458,249.0,191.542,129.0
2011-06-04,100.0,75.458,31.0,7.5,7.5,0.0,,1.333,32.708,273.0,210.917,147.0
2011-06-05,100.0,85.625,58.0,4.042,4.042,0.0,,1.174,40.375,256.0,207.125,167.0
2011-06-06,100.0,68.667,27.0,4.708,4.708,0.0,,1.0,35.125,277.0,217.75,159.0
2011-06-07,100.0,72.5,37.0,9.542,9.542,0.0,,2.625,35.042,259.0,208.625,160.0
2011-06-08,100.0,80.542,55.0,6.609,6.609,0.0,,1.125,19.0,239.0,189.208,149.0
2011-06-09,100.0,80.875,50.0,8.583,8.625,0.042,,1.25,26.75,250.0,207.875,165.0
2011-06-10,100.0,89.042,68.0,8.409,8.455,0.045,,1.909,45.875,249.0,214.125,183.0
2011-06-11,100.0,90.958,68.0,4.625,4.625,0.0,,1.708,34.958,249.0,218.083,191.0
2011-06-12,100.0,82.25,55.0,3.917,3.917,0.0,,1.348,28.375,257.0,222.625,194.0
2011-06-13,100.0,86.875,63.0,6.042,6.042,0.0,,1.208,26.792,250.0,217.083,181.0
2011-06-14,100.0,91.583,71.0,7.417,7.417,0.0,,1.167,20.042,236.0,201.333,175.0
2011-06-15,100.0,74.792,54.0,8.043,8.043,0.0,,1.375,16.792,226.0,191.875,157.0
2011-06-16,100.0,91.625,67.0,9.875,9.958,0.083,,1.417,20.458,238.0,192.292,148.0
2011-06-17,100.0,98.625,90.0,5.0,5.0,0.0,,1.0,13.708,208.0,186.75,173.0
2011-06-18,100.0,100.0,100.0,7.417,7.417,0.0,,1.042,18.708,196.0,178.833,165.0
2011-06-19,100.0,86.917,63.0,3.292,3.292,0.0,,1.043,16.583,252.0,204.75,159.0
2011-06-20,100.0,84.667,58.0,9.25,9.292,0.042,,1.25,32.417,285.0,236.75,187.0
2011-06-21,100.0,91.292,54.0,7.667,7.875,0.208,,1.042,33.875,308.0,237.375,203.0
2011-06-22,100.0,70.875,27.0,8.043,8.565,0.522,,1.333,28.417,335.0,261.917,188.0
2011-06-23,100.0,84.875,58.0,9.625,10.667,1.042,,1.292,41.583,314.0,264.0,226.0
2011-06-24,100.0,63.833,25.0,8.667,11.417,2.75,,1.25,22.917,369.0,290.542,230.0
2011-06-25,100.0,95.333,77.0,8.583,9.292,0.708,,1.25,15.125,257.0,221.167,187.0
2011-06-26,100.0,99.875,97.0,5.0,5.208,0.208,,1.043,12.917,213.0,198.208,184.0
2011-06-27,100.0,97.958,93.0,9.667,10.238,0.571,,1.238,23.542,233.0,216.0,198.0
2011-06-28,100.0,81.0,57.0,11.5,12.75,1.25,,1.625,27.833,314.0,268.292,214.0
2011-06-29,100.0,85.333,52.0,7.652,7.783,0.13,,1.5,25.708,332.0,273.958,238.0
2011-06-30,100.0,92.5,54.0,6.208,6.5,0.292,,1.292,27.292,323.0,251.458,225.0
2011-07-01,100.0,83.292,46.0,8.625,9.0,0.375,,1.708,28.917,322.0,262.333,222.0
2011-07-02,100.0,83.458,63.0,6.25,6.375,0.125,,1.708,23.542,297.0,262.5,234.0
2011-07-03,100.0,86.583,66.0,4.042,4.042,0.0,,1.478,26.583,302.0,265.25,233.0
2011-07-04,100.0,82.542,44.0,9.542,9.792,0.25,,1.792,41.167,349.0,278.792,238.0
2011-07-05,100.0,89.708,58.0,6.292,6.375,0.083,,1.583,14.792,304.0,252.667,224.0
2011-07-06,99.0,65.292,39.0,6.0,6.087,0.087,,1.792,19.625,316.0,261.292,201.0
2011-07-07,100.0,81.333,68.0,10.75,11.042,0.292,,2.0,29.292,290.0,258.083,221.0
2011-07-08,100.0,90.0,68.0,9.417,10.042,0.625,,1.583,32.917,307.0,267.833,236.0
2011-07-09,100.0,79.208,45.0,5.083,5.75,0.667,,1.583,27.917,348.0,285.125,244.0
2011-07-10,100.0,75.292,41.0,3.292,3.5,0.208,,1.435,18.042,353.0,282.708,229.0
2011-07-11,100.0,69.458,34.0,8.083,8.625,0.542,,1.958,23.5,351.0,290.167,232.0
2011-07-12,100.0,74.458,44.0,11.952,13.429,1.476,,2.095,24.125,333.0,284.75,243.0
2011-07-13,100.0,76.792,49.0,12.391,15.174,2.783,,2.0,23.375,335.0,281.542,236.0
2011-07-14,100.0,78.5,48.0,11.458,13.875,2.417,,2.0,24.25,340.0,283.333,236.0
2011-07-15,100.0,79.917,42.0,8.667,9.125,0.458,,1.792,27.333,354.0,284.333,240.0
2011-07-16,100.0,69.792,29.0,10.292,10.833,0.542,,2.917,28.667,354.0,288.917,234.0
2011-07-17,98.0,71.75,37.0,9.625,10.625,1.0,,2.826,31.0,353.0,293.083,239.0
2011-07-18,100.0,74.667,40.0,6.875,7.667,0.792,,1.958,22.542,354.0,292.292,243.0
2011-07-19,100.0,99.667,96.0,6.542,8.833,2.292,,1.364,13.208,261.0,238.875,227.0
2011-07-20,100.0,99.542,93.0,4.696,5.217,0.522,,1.05,13.708,255.0,226.083,190.0
2011-07-21,90.0,71.125,49.0,3.125,3.125,0.0,,1.0,13.375,230.0,202.292,174.0
2011-07-22,89.0,69.625,52.0,5.167,5.208,0.042,,1.125,14.167,242.0,201.0,169.0
2011-07-23,93.0,76.167,56.0,3.542,3.542,0.0,,1.042,12.458,290.0,226.125,168.0
2011-07-24,100.0,81.583,62.0,4.875,4.875,0.0,,1.333,17.958,285.0,247.875,195.0
2011-07-25,100.0,79.542,56.0,11.333,11.458,0.125,,1.917,25.625,312.0,264.708,228.0
2011-07-26,100.0,83.542,59.0,11.208,11.417,0.208,,1.625,24.75,308.0,264.667,226.0
2011-07-27,100.0,96.125,73.0,5.652,6.217,0.565,,1.286,25.591,294.0,244.792,220.0
2011-07-28,100.0,99.625,91.0,3.75,4.042,0.292,,1.174,15.458,272.0,229.083,216.0
2011-07-29,100.0,100.0,100.0,2.958,3.625,0.667,,1.25,11.208,242.0,225.0,215.0
2011-07-30,100.0,92.875,63.0,2.5,2.625,0.125,,1.375,12.75,284.0,233.5,205.0
2011-07-31,100.0,100.0,100.0,0.792,0.792,0.0,,1.083,15.458,222.0,210.958,203.0
2011-08-01,100.0,94.458,86.0,5.667,6.083,0.417,,1.417,23.292,239.0,221.792,201.0
2011-08-02,100.0,94.333,76.0,9.458,10.5,1.042,,1.75,28.333,264.0,227.792,203.0
2011-08-03,100.0,92.542,74.0,10.522,11.783,1.261,,1.875,22.625,283.0,246.167,215.0
2011-08-04,100.0,84.292,52.0,8.5,10.542,2.042,,1.696,16.708,314.0,266.792,230.0
2011-08-05,100.0,92.083,65.0,6.875,7.792,0.917,,1.5,18.417,308.0,261.042,228.0
2011-08-06,100.0,92.208,71.0,8.333,9.875,1.542,,1.708,22.583,310.0,263.625,239.0
2011-08-07,100.0,90.958,57.0,2.792,2.875,0.083,,1.292,17.792,338.0,261.875,231.0
2011-08-08,100.0,87.375,60.0,4.227,4.5,0.273,,1.227,20.542,324.0,264.917,222.0
2011-08-09,100.0,80.917,50.0,7.583,8.292,0.708,,1.083,30.458,337.0,285.917,227.0
2011-08-10,100.0,77.167,45.0,7.87,8.696,0.826,,1.083,37.583,359.0,299.542,249.0
2011-08-11,100.0,80.667,51.0,6.958,7.5,0.542,,1.043,30.542,346.0,290.458,247.0
2011-08-12,99.0,70.667,44.0,5.792,6.042,0.25,,1.042,29.5,340.0,290.292,239.0
2011-08-13,94.0,72.333,47.0,4.667,5.083,0.417,,1.042,36.042,330.0,290.5,251.0
2011-08-14,100.0,80.917,50.0,3.833,4.25,0.417,,1.0,46.625,343.0,295.542,259.0
2011-08-15,100.0,85.583,57.0,4.375,4.75,0.375,,1.0,32.667,328.0,281.25,241.0
2011-08-16,100.0,82.583,51.0,4.292,4.75,0.458,,1.0,29.75,341.0,282.542,236.0
2011-08-17,100.0,78.333,50.0,6.043,6.87,0.826,,1.083,34.417,339.0,288.333,232.0
2011-08-18,100.0,79.083,46.0,6.167,6.708,0.542,,1.261,39.417,356.0,295.917,251.0
2011-08-19,100.0,99.25,93.0,6.333,7.583,1.25,,1.0,14.167,254.0,229.708,209.0
2011-08-20,100.0,94.667,65.0,3.375,3.583,0.208,,1.0,14.875,242.0,219.167,202.0
2011-08-21,100.0,100.0,100.0,1.542,1.542,0.0,,1.0,12.583,201.0,191.583,183.0
2011-08-22,100.0,98.833,92.0,6.0,6.625,0.625,,1.0,11.042,235.0,206.083,184.0
2011-08-23,100.0,98.167,86.0,7.75,8.667,0.917,,1.0,20.875,262.0,227.625,203.0
2011-08-24,100.0,89.042,63.0,6.739,7.739,1.0,,1.0,26.625,309.0,254.417,224.0
2011-08-25,100.0,98.417,93.0,6.667,10.208,3.542,,1.0,14.375,261.0,243.667,228.0
2011-08-26,100.0,97.542,77.0,7.5,9.5,2.0,,1.13,15.458,281.0,237.333,224.0
2011-08-27,100.0,98.208,92.0,6.75,7.458,0.708,,1.417,15.792,248.0,229.5,215.0
2011-08-28,100.0,78.958,56.0,3.417,3.5,0.083,,1.333,15.208,294.0,247.25,203.0
2011-08-29,100.0,77.542,41.0,9.125,9.833,0.708,,1.667,16.667,303.0,248.042,204.0
2011-08-30,100.0,74.125,37.0,7.792,8.375,0.583,,1.625,18.625,304.0,246.625,194.0
2011-08-31,100.0,92.333,66.0,5.696,7.13,1.435,,1.208,18.125,296.0,244.75,212.0
2011-09-01,100.0,99.75,94.0,2.958,4.167,1.208,,1.0,14.125,274.0,244.042,229.0
2011-09-02,100.0,92.625,71.0,7.0,10.375,3.375,,1.333,17.875,304.0,265.583,241.0
2011-09-03,100.0,96.083,79.0,4.167,5.417,1.25,,1.167,23.75,289.0,260.25,241.0
2011-09-04,100.0,95.458,72.0,3.625,3.917,0.292,,1.083,21.5,284.0,252.917,233.0
2011-09-05,100.0,98.958,96.0,5.125,5.417,0.292,,1.417,18.792,250.0,234.667,213.0
2011-09-06,100.0,82.125,52.0,4.208,4.375,0.167,,1.292,12.917,284.0,226.542,193.0
2011-09-07,100.0,75.75,46.0,5.609,6.0,0.391,,1.458,16.417,285.0,226.833,179.0
2011-09-08,100.0,75.208,40.0,8.0,8.5,0.5,,1.522,27.917,295.0,237.583,192.0
2011-09-09,100.0,82.792,58.0,7.625,8.083,0.458,,1.5,34.417,301.0,250.0,195.0
2011-09-10,100.0,83.625,56.0,7.333,7.917,0.583,,1.583,39.583,327.0,273.625,224.0
2011-09-11,100.0,85.208,59.0,5.833,6.542,0.708,,2.125,26.25,306.0,267.333,245.0
2011-09-12,100.0,82.0,48.0,8.318,9.636,1.318,,1.5,24.375,316.0,266.083,228.0
2011-09-13,100.0,83.833,56.0,8.792,10.042,1.25,,1.625,26.167,315.0,265.167,225.0
2011-09-14,100.0,83.042,46.0,7.522,8.087,0.565,,1.792,28.625,328.0,267.042,223.0
2011-09-15,100.0,77.75,46.0,11.583,12.792,1.208,,2.391,28.75,321.0,269.25,233.0
2011-09-16,100.0,78.167,51.0,11.167,14.5,3.333,,1.958,20.792,317.0,268.458,235.0
2011-09-17,100.0,87.125,63.0,8.292,11.875,3.583,,2.0,19.375,305.0,265.208,237.0
2011-09-18,100.0,76.708,43.0,6.0,7.0,1.0,,2.042,18.625,325.0,272.042,233.0
2011-09-19,100.0,86.458,59.0,3.5,3.542,0.042,,1.667,18.25,306.0,239.833,182.0
2011-09-20,100.0,100.0,100.0,4.583,4.667,0.083,,1.458,10.583,185.0,175.458,164.0
2011-09-21,100.0,97.958,76.0,3.478,3.478,0.0,,1.208,8.542,225.0,186.917,165.0
2011-09-22,100.0,92.375,66.0,7.042,7.958,0.917,,1.609,14.0,269.0,198.792,161.0
2011-09-23,100.0,90.333,63.0,3.417,3.75,0.333,,1.417,12.792,217.0,170.458,141.0
2011-09-24,100.0,76.958,39.0,4.208,4.458,0.25,,1.5,14.042,238.0,175.583,119.0
2011-09-25,100.0,81.0,49.0,4.042,4.042,0.0,,1.625,14.792,226.0,180.083,148.0
2011-09-26,100.0,92.875,80.0,4.917,5.25,0.333,,1.583,16.917,189.0,165.667,136.0
2011-09-27,98.0,72.167,23.0,5.25,5.542,0.292,,1.417,15.542,258.0,184.333,140.0
2011-09-28,89.0,66.125,34.0,3.391,3.391,0.0,,1.75,24.409,249.0,180.875,130.0
2011-09-29,98.0,69.958,34.0,6.042,6.042,0.0,,1.609,24.167,257.0,193.375,131.0
2011-09-30,100.0,87.25,59.0,10.042,10.333,0.292,,1.792,35.417,242.0,205.0,168.0
2011-10-01,100.0,69.208,50.0,4.667,4.833,0.167,,1.708,16.167,227.0,194.958,137.0
2011-10-02,100.0,87.458,58.0,2.792,2.792,0.0,,1.583,16.208,186.0,148.292,126.0
2011-10-03,91.0,57.458,24.0,4.125,4.292,0.167,,1.625,12.417,206.0,149.167,94.0
2011-10-04,96.0,65.25,29.0,6.375,6.458,0.083,,1.583,20.125,215.0,147.833,81.0
2011-10-05,100.0,95.125,85.0,5.739,5.826,0.087,,1.458,17.25,151.0,145.833,139.0
2011-10-06,100.0,88.083,64.0,6.292,6.5,0.208,,1.739,12.625,243.0,189.667,153.0
2011-10-07,100.0,61.542,22.0,4.875,4.917,0.042,,1.583,17.583,244.0,174.25,106.0
2011-10-08,95.0,68.583,31.0,4.417,4.458,0.042,,1.667,27.792,224.0,157.292,89.0
2011-10-09,100.0,76.0,45.0,4.25,4.25,0.0,,1.667,38.0,222.0,174.792,140.0
2011-10-10,100.0,88.042,54.0,3.75,3.792,0.042,,1.5,25.875,241.0,184.458,152.0
2011-10-11,100.0,77.125,37.0,6.917,7.0,0.083,,1.875,39.542,243.0,185.417,137.0
2011-10-12,98.0,80.417,49.0,6.5,6.85,0.35,,1.727,37.167,229.0,173.375,141.0
2011-10-13,100.0,80.167,65.0,6.5,6.958,0.458,,1.696,38.208,204.0,167.958,137.0
2011-10-14,100.0,84.958,58.0,7.667,8.375,0.708,,1.917,47.125,228.0,181.292,132.0
2011-10-15,100.0,100.0,100.0,12.75,15.042,2.292,,1.625,27.625,212.0,195.833,176.0
2011-10-16,100.0,86.792,63.0,3.25,3.875,0.625,,1.708,16.792,261.0,212.625,177.0
2011-10-17,100.0,77.583,50.0,5.583,6.042,0.458,,1.792,26.875,238.0,191.875,153.0
2011-10-18,100.0,78.958,53.0,7.0,7.667,0.667,,1.708,20.125,201.0,167.958,117.0
2011-10-19,100.0,82.0,63.0,6.783,7.565,0.783,,1.583,17.5,155.0,126.0,108.0
2011-10-20,100.0,80.958,63.0,4.5,5.208,0.708,,1.478,17.25,195.0,152.792,116.0
2011-10-21,100.0,87.708,67.0,4.167,4.75,0.583,,1.542,16.292,199.0,164.083,128.0
2011-10-22,100.0,100.0,100.0,7.042,7.833,0.792,,1.542,12.667,201.0,182.667,159.0
2011-10-23,100.0,98.167,87.0,7.5,8.75,1.25,,1.667,15.75,225.0,197.292,173.0
2011-10-24,100.0,97.25,88.0,4.958,5.917,0.958,,1.708,15.042,194.0,180.167,168.0
2011-10-25,100.0,84.875,54.0,9.125,10.625,1.5,,1.833,18.708,210.0,179.583,148.0
2011-10-26,97.0,57.625,37.0,5.174,5.696,0.522,,1.583,10.375,184.0,135.5,73.0
2011-10-27,100.0,77.375,37.0,8.458,9.375,0.917,,1.368,19.333,177.0,109.333,56.0
2011-10-28,100.0,78.042,41.0,6.458,6.875,0.417,,1.0,25.125,185.0,124.917,73.0
2011-10-29,100.0,76.25,31.0,5.292,5.542,0.25,,1.042,23.167,214.0,142.0,85.0
2011-10-30,100.0,85.333,59.0,2.417,2.417,0.0,,1.0,24.333,175.0,146.917,129.0
2011-10-31,100.0,77.75,43.0,4.292,4.958,0.667,,1.0,19.833,226.0,157.958,109.0
2011-11-01,100.0,72.958,27.0,7.75,8.458,0.708,,1.042,18.667,210.0,131.083,75.0
2011-11-02,100.0,81.333,46.0,10.435,10.957,0.522,,1.083,26.5,204.0,133.708,76.0
2011-11-03,98.0,88.583,65.0,6.458,6.792,0.333,,1.0,26.25,184.0,141.875,123.0
2011-11-04,100.0,80.833,46.0,8.833,9.25,0.417,,1.0,25.667,222.0,159.542,107.0
2011-11-05,100.0,92.917,75.0,10.375,10.917,0.542,,1.208,42.708,198.0,156.042,109.0
2011-11-06,100.0,99.833,97.0,4.667,4.958,0.292,,1.0,33.958,184.0,159.833,144.0
2011-11-07,100.0,93.333,68.0,7.917,8.5,0.583,,1.0,15.125,197.0,160.833,136.0
2011-11-08,100.0,88.458,59.0,8.833,9.375,0.542,,1.0,13.917,171.0,131.292,96.0
2011-11-09,100.0,79.208,45.0,7.174,7.826,0.652,,1.0,15.708,158.0,116.875,87.0
2011-11-10,100.0,85.333,58.0,7.958,8.75,0.792,,1.0,17.917,150.0,106.958,82.0
2011-11-11,100.0,99.833,97.0,6.056,6.833,0.778,,1.0,19.125,121.0,105.75,83.0
2011-11-12,100.0,92.375,68.0,5.391,5.391,0.0,,1.0,11.792,187.0,145.0,99.0
2011-11-13,100.0,94.083,73.0,4.667,4.75,0.083,,1.125,19.917,189.0,143.625,108.0
2011-11-14,100.0,91.125,59.0,6.083,6.208,0.125,,1.458,20.125,194.0,134.917,99.0
2011-11-15,100.0,89.167,58.0,8.833,9.0,0.167,,1.167,21.083,156.0,99.875,50.0
2011-11-16,100.0,78.333,32.0,7.208,7.5,0.292,,1.042,13.125,135.0,70.5,31.0
2011-11-17,100.0,72.542,27.0,8.708,9.0,0.292,,1.25,16.667,158.0,83.25,27.0
2011-11-18,100.0,89.292,69.0,12.083,12.875,0.792,,1.348,20.875,135.0,87.042,48.0
2011-11-19,100.0,100.0,100.0,8.652,12.435,3.783,,1.0,19.292,139.0,108.167,73.0
2011-11-20,100.0,89.875,56.0,4.5,5.167,0.667,,1.042,10.292,200.0,137.958,69.0
2011-11-21,100.0,76.958,41.0,8.042,8.917,0.875,,1.125,10.333,139.0,71.875,18.0
2011-11-22,100.0,75.708,29.0,7.875,8.125,0.25,,1.125,10.292,131.0,60.5,9.0
2011-11-23,100.0,79.333,47.0,7.625,7.625,0.0,,1.542,18.625,142.0,87.958,42.0
2011-11-24,100.0,62.458,26.0,6.625,9.583,2.958,,1.25,18.625,161.0,90.708,42.0
2011-11-25,96.0,55.458,20.0,4.542,4.542,0.0,,1.217,9.5,145.0,72.167,16.0
2011-11-26,99.0,72.458,28.0,5.391,5.435,0.043,,1.0,14.417,121.0,51.958,1.0
2011-11-27,100.0,78.542,49.0,8.667,8.75,0.083,,1.167,24.458,129.0,70.625,28.0
2011-11-28,93.0,82.167,64.0,8.5,10.409,1.909,,1.091,19.619,136.0,91.375,51.0
2011-11-29,98.0,80.083,42.0,8.792,11.25,2.458,,1.458,20.208,164.0,99.917,55.0
2011-11-30,100.0,78.583,43.0,11.522,12.826,1.304,,1.957,22.5,174.0,114.958,64.0
2011-12-01,100.0,95.542,85.0,10.708,11.25,0.542,,1.542,10.0,72.0,59.958,51.0
2011-12-02,100.0,74.625,47.0,5.375,5.375,0.0,,1.435,11.583,68.0,50.667,31.0
2011-12-03,100.0,99.958,99.0,6.609,7.435,0.826,,1.0,8.417,142.0,106.542,69.0
2011-12-04,100.0,71.042,26.0,5.042,5.125,0.083,,1.083,8.917,155.0,95.917,40.0
2011-12-05,100.0,70.75,29.0,7.125,7.75,0.625,,1.333,9.625,141.0,62.542,11.0
2011-12-06,97.0,73.708,41.0,9.25,9.792,0.542,,1.5,15.0,84.0,46.083,2.0
2011-12-07,100.0,80.25,45.0,11.5,12.542,1.042,,1.458,18.875,111.0,61.167,17.0
2011-12-08,100.0,90.917,77.0,9.125,9.375,0.25,,1.875,17.208,72.0,54.042,32.0
2011-12-09,100.0,97.458,85.0,9.083,10.542,1.458,,1.174,12.75,52.0,24.083,-9.0
2011-12-10,100.0,74.25,22.0,10.478,12.043,1.565,,1.375,9.292,101.0,26.625,-22.0
2011-12-11,100.0,73.667,28.0,8.958,9.708,0.75,,1.167,11.875,127.0,41.5,-14.0
2011-12-12,100.0,78.625,36.0,11.85,13.9,2.05,,1.176,14.458,132.0,52.458,0.0
2011-12-13,100.0,72.583,35.0,10.292,12.792,2.5,,1.043,14.917,114.0,48.5,1.0
2011-12-14,100.0,77.625,56.0,8.792,9.292,0.5,,1.167,14.875,93.0,53.708,14.0
2011-12-15,100.0,79.417,46.0,15.0,18.304,3.304,,1.25,16.125,136.0,60.5,4.0
2011-12-16,100.0,77.875,48.0,8.167,10.292,2.125,,1.167,10.25,87.0,37.625,-13.0
2011-12-17,99.0,69.833,30.0,9.304,10.261,0.957,,1.167,10.125,72.0,8.5,-31.0
2011-12-18,97.0,73.458,37.0,8.458,9.667,1.208,,1.042,11.083,86.0,13.0,-39.0
2011-12-19,100.0,82.708,46.0,10.391,12.478,2.087,,1.0,12.833,73.0,12.667,-27.0
2011-12-20,100.0,72.0,32.0,13.875,17.042,3.167,,1.087,13.417,82.0,15.5,-28.0
2011-12-21,97.0,74.833,48.0,12.087,14.13,2.043,,1.208,12.958,64.0,17.292,-28.0
2011-12-22,100.0,89.833,69.0,13.458,17.458,4.0,,1.25,20.083,75.0,24.875,-6.0
2011-12-23,100.0,65.75,20.0,9.217,10.348,1.13,,1.125,11.458,78.0,12.875,-33.0
2011-12-24,87.0,61.667,28.0,9.667,10.583,0.917,,1.083,11.958,67.0,4.542,-44.0
2011-12-25,93.0,54.833,17.0,4.913,5.13,0.217,,1.042,11.375,82.0,13.167,-39.0
2011-12-26,96.0,67.75,29.0,8.696,9.652,0.957,,1.095,8.727,58.0,1.333,-38.0
2011-12-27,95.0,61.417,20.0,12.0,14.087,2.087,,1.13,11.25,66.0,0.833,-46.0
2011-12-28,85.0,59.333,25.0,12.875,14.833,1.958,,1.042,12.375,71.0,3.25,-43.0
2011-12-29,94.0,69.5,42.0,12.083,12.792,0.708,,1.333,20.208,80.0,13.708,-35.0
2011-12-30,96.0,46.75,14.0,5.625,5.625,0.0,,1.125,11.458,74.0,19.542,-25.0
2011-12-31,84.0,57.917,24.0,5.833,5.875,0.042,,1.042,13.708,78.0,7.25,-35.0
2012-01-01,,,,4.375,4.417,0.042,,2.042,10.875,,,
2012-01-02,,,,4.087,4.174,0.087,,2.458,16.875,,,
2012-01-03,,,,3.458,3.458,0.0,,2.217,11.292,,,
2012-01-04,,,,11.042,12.708,1.667,,2.208,12.0,,,
2012-01-05,,,,5.083,5.083,0.0,,2.125,12.5,,,
2012-01-06,,,,7.0,7.208,0.208,,2.125,16.667,,,
2012-01-07,,,,13.958,16.583,2.625,,2.25,16.708,,,
2012-01-08,,,,12.708,14.208,1.5,,2.333,21.542,,,
2012-01-09,,,,13.696,16.304,2.609,,2.417,19.25,,,
2012-01-10,,,,13.125,16.375,3.25,,2.435,10.375,,,
2012-01-11,,,,15.542,17.792,2.25,,2.583,13.208,,,
2012-01-12,,,,8.958,8.958,0.0,,2.458,16.625,,,
2012-01-13,,,,9.875,10.167,0.292,,2.375,28.625,,,
2012-01-14,,,,3.667,3.667,0.0,,2.333,13.833,,,
2012-01-15,,,,14.208,16.833,2.625,,2.833,18.125,,,
2012-01-16,,,,13.9,15.35,1.45,,2.35,16.65,,,
2012-01-17,,,,10.0,12.0,2.0,,2.522,15.208,,,
2012-01-18,,,,8.0,10.167,2.167,,2.375,11.625,,,
2012-01-19,,,,7.125,7.208,0.083,,2.375,13.875,,,
2012-01-20,,,,4.333,4.333,0.0,,2.25,13.083,,,
2012-01-21,,,,15.083,17.75,2.667,,2.417,19.292,,,
2012-01-22,,,,10.208,11.333,1.125,,2.708,19.083,,,
2012-01-23,,,,14.913,19.0,4.087,,2.708,17.125,,,
2012-01-24,,,,13.458,15.083,1.625,,2.696,19.75,,,
2012-01-25,,,,6.5,8.417,1.917,,2.708,16.375,,,
2012-01-26,,,,2.333,2.333,0.0,,2.667,14.083,,,
2012-01-27,,,,4.0,4.083,0.083,,2.375,13.708,,,
2012-01-28,,,,10.5,12.792,2.292,,2.667,15.208,,,
2012-01-29,,,,16.25,18.75,2.5,,2.458,15.429,,,
2012-01-30,,,,12.957,15.217,2.261,,2.833,,,,
2012-01-31,,,,14.125,15.708,1.583,,2.739,19.714,,,
2012-02-01,,,,18.292,20.542,2.25,,3.208,27.333,,,
2012-02-02,,,,19.583,22.583,3.0,,2.708,33.958,,,
2012-02-03,,,,4.667,4.667,0.0,,2.542,15.0,,,
2012-02-04,,,,14.125,15.458,1.333,,2.958,22.917,,,
2012-02-05,,,,15.5,17.625,2.125,,3.083,18.208,,,
2012-02-06,,,,6.957,7.13,0.174,,2.542,14.542,,,
2012-02-07,,,,14.708,19.167,4.458,,2.739,21.583,,,
2012-02-08,,,,4.75,4.75,0.0,,2.708,12.292,,,
2012-02-09,,,,8.208,8.875,0.667,,2.25,13.625,,,
2012-02-10,,,,4.875,4.875,0.0,,2.292,12.625,,,
2012-02-11,,,,4.955,4.955,0.0,,2.773,17.091,,,
2012-02-12,,,,14.5,17.364,2.864,,2.818,22.565,,,
2012-02-13,,,,6.75,7.125,0.375,,2.708,18.125,,,
2012-02-14,,,,16.292,19.208,2.917,,2.667,19.125,,,
2012-02-15,,,,7.087,7.087,0.0,,2.826,15.667,,,
2012-02-16,,,,6.708,7.083,0.375,,2.667,13.292,,,
2012-02-17,,,,5.083,5.083,0.0,,2.583,12.167,,,
2012-02-18,,,,11.083,12.25,1.167,,2.625,18.667,,,
2012-02-19,,,,15.5,22.292,6.792,,2.333,18.417,,,
2012-02-20,,,,8.208,10.125,1.917,,2.625,15.542,,,
2012-02-21,,,,6.917,8.0,1.083,,2.708,15.375,,,
2012-02-22,,,,10.261,10.957,0.696,,2.609,16.292,,,
2012-02-23,,,,5.333,5.375,0.042,,2.708,16.083,,,
2012-02-24,,,,2.708,2.75,0.042,,2.583,14.708,,,
2012-02-25,,,,12.0,14.792,2.792,,2.583,12.583,,,
2012-02-26,,,,12.682,13.909,1.227,,2.706,14.0,,,
2012-02-27,,,,12.792,13.958,1.167,,2.696,21.542,,,
2012-02-28,,,,15.25,17.0,1.75,,2.75,26.792,,,
2012-03-01,,,,14.696,16.739,2.043,,1.81,32.875,,,
2012-03-02,,,,2.458,2.458,0.0,,1.167,19.417,,,
2012-03-03,,,,3.875,3.875,0.0,,1.0,14.167,,,
2012-03-04,,,,12.875,14.75,1.875,,1.083,17.0,,,
2012-03-05,,,,11.333,12.542,1.208,,1.208,19.625,,,
2012-03-06,,,,11.667,13.083,1.417,,1.913,27.042,,,
2012-03-07,,,,15.833,16.5,0.667,,2.0,42.917,,,
2012-03-08,,,,12.217,13.087,0.87,,2.083,43.583,,,
2012-03-09,,,,5.042,5.042,0.0,,1.583,32.667,,,
2012-03-10,,,,4.208,4.208,0.0,,1.083,29.333,,,
2012-03-11,,,,11.5,12.409,0.909,,1.045,16.292,,,
2012-03-12,,,,13.5,14.292,0.792,,1.333,18.542,,,
2012-03-13,,,,13.0,14.25,1.25,,1.348,36.583,,,
2012-03-14,,,,10.792,11.667,0.875,,1.125,14.083,,,
2012-03-15,,,,15.609,16.87,1.261,,1.375,21.25,,,
2012-03-16,,,,8.0,8.083,0.083,,1.417,23.875,,,
2012-03-17,,,,6.542,6.542,0.0,,2.583,36.5,,,
2012-03-18,,,,7.958,8.25,0.292,,1.167,54.5,,,
2012-03-19,,,,6.875,7.417,0.542,,1.125,23.75,,,
2012-03-20,,,,6.5,6.5,0.0,,1.13,31.0,,,
2012-03-21,,,,9.083,10.292,1.208,,1.0,12.917,,,
2012-03-22,,,,8.304,8.304,0.0,,1.458,19.833,,,
2012-03-23,,,,5.875,5.875,0.0,,1.375,22.333,,,
2012-03-24,,,,5.0,5.0,0.0,,1.0,27.125,,,
2012-03-25,,,,12.042,13.333,1.292,,1.042,30.833,,,
2012-03-26,,,,12.042,12.958,0.917,,1.0,15.292,,,
2012-03-27,,,,7.091,7.091,0.0,,1.095,18.0,,,
2012-03-28,,,,7.542,8.292,0.75,,1.0,21.458,,,
2012-03-29,,,,9.826,10.783,0.957,,1.25,28.375,,,
2012-03-30,,,,6.917,7.125,0.208,,1.0,21.208,,,
2012-03-31,,,,5.333,5.333,0.0,,1.0,25.417,,,
2012-04-01,,,,3.333,4.333,1.0,,1.652,13.875,,,
2012-04-02,,,,9.375,10.667,1.292,,1.708,14.875,,,
2012-04-03,,,,8.739,9.217,0.478,,1.792,19.667,,,
2012-04-04,,,,2.792,2.792,0.0,,1.875,16.25,,,
2012-04-05,,,,7.125,7.458,0.333,,2.333,21.875,,,
2012-04-06,,,,3.792,3.833,0.042,,1.875,15.208,,,
2012-04-07,,,,3.625,3.667,0.042,,1.792,14.708,,,
2012-04-08,,,,4.833,4.833,0.0,,2.0,15.875,,,
2012-04-09,,,,6.708,6.917,0.208,,2.083,23.708,,,
2012-04-10,,,,8.174,9.217,1.043,,2.208,49.5,,,
2012-04-11,,,,8.5,9.227,0.727,,1.909,38.048,,,
2012-04-12,,,,7.083,7.208,0.125,,1.958,15.478,,,
2012-04-13,,,,6.375,6.375,0.0,,2.042,23.292,,,
2012-04-14,,,,3.708,3.708,0.0,,1.792,14.333,,,
2012-04-15,,,,4.083,4.083,0.0,,1.739,13.167,,,
2012-04-16,,,,10.75,10.75,0.0,,2.042,23.333,,,
2012-04-17,,,,6.957,7.043,0.087,,1.958,23.708,,,
2012-04-18,,,,5.625,5.625,0.0,,1.625,18.75,,,
2012-04-19,,,,6.25,6.25,0.0,,1.917,17.667,,,
2012-04-20,,,,7.042,7.042,0.0,,1.875,14.417,,,
2012-04-21,,,,5.583,5.583,0.0,,2.042,16.208,,,
2012-04-22,,,,3.917,3.917,0.0,,1.739,14.542,,,
2012-04-23,,,,7.75,7.875,0.125,,1.75,9.583,,,
2012-04-24,,,,7.348,7.348,0.0,,1.875,21.125,,,
2012-04-25,,,,7.833,7.833,0.0,,2.227,32.087,,,
2012-04-26,,,,10.458,10.542,0.083,,1.917,26.667,,,
2012-04-27,,,,5.583,5.583,0.0,,2.0,11.208,,,
2012-04-28,,,,6.167,6.167,0.0,,1.958,14.917,,,
2012-04-29,,,,6.667,6.667,0.0,,2.217,28.417,,,
2012-04-30,,,,5.958,5.958,0.0,,1.958,31.583,,,
2012-05-01,,,,4.826,4.826,0.0,,1.833,20.208,,,
2012-05-02,,,,7.083,7.125,0.042,,1.958,19.208,,,
2012-05-03,,,,1.542,1.542,0.0,,1.875,7.708,,,
2012-05-04,,,,3.333,3.333,0.0,,1.875,9.0,,,
2012-05-05,,,,3.708,3.708,0.0,,2.0,12.833,,,
2012-05-06,,,,3.125,3.125,0.0,,1.913,19.875,,,
2012-05-07,,,,5.125,5.125,0.0,,2.208,18.75,,,
2012-05-08,,,,6.565,6.609,0.043,,2.417,29.875,,,
2012-05-09,,,,6.0,6.0,0.0,,2.583,35.5,,,
2012-05-10,,,,4.292,4.292,0.0,,2.0,24.958,,,
2012-05-11,,,,3.2,3.8,0.6,,1.667,12.792,,,
2012-05-12,,,,2.25,3.208,0.958,,1.458,10.792,,,
2012-05-13,,,,2.708,3.542,0.833,,1.391,14.583,,,
2012-05-14,,,,7.333,8.333,1.0,,2.125,23.417,,,
2012-05-15,,,,10.217,10.478,0.261,,1.917,18.708,,,
2012-05-16,,,,5.25,5.292,0.042,,1.917,25.667,,,
2012-05-17,,,,5.458,5.458,0.0,,2.125,42.417,,,
2012-05-18,,,,3.625,3.625,0.0,,1.5,21.792,,,
2012-05-19,,,,4.167,4.167,0.0,,1.542,24.75,,,
2012-05-20,,,,4.25,4.25,0.0,,2.0,26.583,,,
2012-05-21,,,,5.0,5.0,0.0,,1.958,22.958,,,
2012-05-22,,,,2.565,2.565,0.0,,1.792,13.708,,,
2012-05-23,,,,4.0,4.0,0.0,,1.625,13.5,,,
2012-05-24,,,,7.0,7.0,0.0,,2.042,27.833,,,
2012-05-25,,,,6.783,6.783,0.0,,1.579,31.182,,,
2012-05-26,,,,3.667,3.667,0.0,,1.208,24.542,,,
2012-05-27,,,,2.875,2.875,0.0,,1.217,24.792,,,
2012-05-28,,,,5.5,5.5,0.0,,1.167,22.583,,,
2012-05-29,,,,4.261,4.304,0.043,,1.042,26.0,,,
2012-05-30,,,,4.75,4.833,0.083,,1.042,19.25,,,
2012-05-31,,,,7.625,7.792,0.167,,1.292,27.208,,,
2012-06-01,,,,4.5,4.542,0.042,,1.0,20.125,,,
2012-06-02,,,,4.0,4.0,0.0,,1.125,20.583,,,
2012-06-03,,,,2.792,2.792,0.0,,1.043,22.833,,,
2012-06-04,,,,5.958,6.125,0.167,,1.167,21.042,,,
2012-06-05,,,,10.261,10.391,0.13,,1.833,23.417,,,
2012-06-06,,,,5.75,5.75,0.0,,1.333,15.583,,,
2012-06-07,,,,10.833,10.917,0.083,,1.75,20.875,,,
2012-06-08,,,,7.542,7.542,0.0,,1.583,33.0,,,
2012-06-09,,,,3.667,3.667,0.0,,1.125,15.5,,,
2012-06-10,,,,1.625,1.625,0.0,,1.174,9.208,,,
2012-06-11,,,,5.318,5.318,0.0,,1.136,13.958,,,
2012-06-12,,,,6.826,6.913,0.087,,1.167,16.792,,,
2012-06-13,,,,4.0,4.0,0.0,,1.25,13.792,,,
2012-06-14,,,,7.792,8.25,0.458,,1.167,22.0,,,
2012-06-15,,,,9.792,10.125,0.333,,1.625,25.333,,,
2012-06-16,,,,9.292,9.583,0.292,,1.292,17.583,,,
2012-06-17,,,,2.875,2.958,0.083,,1.13,15.083,,,
2012-06-18,,,,5.25,5.25,0.0,,1.417,21.625,,,
2012-06-19,,,,7.478,7.522,0.043,,1.125,25.667,,,
2012-06-20,,,,5.375,5.583,0.208,,1.458,19.208,,,
2012-06-21,,,,10.75,11.583,0.833,,1.5,23.542,,,
2012-06-22,,,,5.083,5.083,0.0,,1.167,19.083,,,
2012-06-23,,,,6.083,6.083,0.0,,1.625,21.208,,,
2012-06-24,,,,3.417,3.417,0.0,,1.304,18.167,,,
2012-06-25,,,,6.708,7.042,0.333,,1.375,16.125,,,
2012-06-26,,,,6.0,6.13,0.13,,1.375,15.708,,,
2012-06-27,,,,9.682,10.136,0.455,,1.727,20.417,,,
2012-06-28,,,,7.208,7.292,0.083,,2.042,22.5,,,
2012-06-29,,,,7.542,7.75,0.208,,1.875,13.167,,,
2012-06-30,,,,4.333,4.333,0.0,,1.833,13.792,,,
2012-07-01,,,,3.958,3.958,0.0,,1.826,20.167,,,
2012-07-02,,,,6.0,6.042,0.042,,1.833,13.833,,,
2012-07-03,,,,10.174,10.739,0.565,,1.917,23.25,,,
2012-07-04,,,,6.167,6.208,0.042,,2.0,22.833,,,
2012-07-05,,,,9.125,9.375,0.25,,2.083,38.125,,,
2012-07-06,,,,9.25,9.333,0.083,,1.667,39.375,,,
2012-07-07,,,,2.042,2.042,0.0,,1.458,12.542,,,
2012-07-08,,,,2.208,2.208,0.0,,1.348,13.458,,,
2012-07-09,,,,4.917,5.167,0.25,,1.792,22.875,,,
2012-07-10,,,,8.913,9.522,0.609,,1.917,27.833,,,
2012-07-11,,,,11.125,12.5,1.375,,2.25,29.083,,,
2012-07-12,,,,6.864,8.409,1.545,,1.667,20.727,,,
2012-07-13,,,,10.25,11.458,1.208,,1.708,26.625,,,
2012-07-14,,,,8.583,9.292,0.708,,1.625,35.792,,,
2012-07-15,,,,7.125,8.333,1.208,,1.609,37.167,,,
2012-07-16,,,,5.708,7.875,2.167,,1.667,21.458,,,
2012-07-17,,,,7.0,8.25,1.25,,1.875,26.292,,,
2012-07-18,,,,11.304,12.13,0.826,,1.833,30.958,,,
2012-07-19,,,,12.792,13.542,0.75,,2.167,28.042,,,
2012-07-20,,,,7.75,8.0,0.25,,1.958,18.958,,,
2012-07-21,,,,5.292,5.333,0.042,,1.625,15.708,,,
2012-07-22,,,,5.583,5.583,0.0,,1.739,25.333,,,
2012-07-23,,,,7.083,7.125,0.042,,1.875,27.125,,,
2012-07-24,,,,7.125,7.208,0.083,,2.042,30.375,,,
2012-07-25,,,,6.087,6.217,0.13,,1.833,38.125,,,
2012-07-26,,,,7.583,7.667,0.083,,2.042,40.0,,,
2012-07-27,,,,9.682,10.318,0.636,,2.381,51.9,,,
2012-07-28,,,,4.333,5.042,0.708,,2.042,42.042,,,
2012-07-29,,,,3.083,3.5,0.417,,1.957,31.083,,,
2012-07-30,,,,10.167,11.708,1.542,,2.75,24.75,,,
2012-07-31,,,,10.125,12.75,2.625,,2.833,21.833,,,
2012-08-01,,,,9.333,10.792,1.458,,2.083,24.208,,,
2012-08-02,,,,9.417,12.542,3.125,,2.333,24.583,,,
2012-08-03,,,,9.391,9.391,0.0,,2.083,25.625,,,
2012-08-04,,,,4.417,4.417,0.0,,1.75,19.5,,,
2012-08-05,,,,5.583,5.708,0.125,,1.957,23.333,,,
2012-08-06,,,,6.292,6.708,0.417,,2.292,20.833,,,
2012-08-07,,,,7.4,7.8,0.4,,2.526,19.792,,,
2012-08-08,,,,8.042,8.792,0.75,,2.417,17.208,,,
2012-08-09,,,,8.75,9.917,1.167,,2.875,15.5,,,
2012-08-10,,,,14.609,16.348,1.739,,2.458,25.792,,,
2012-08-11,,,,4.25,4.875,0.625,,2.0,32.25,,,
2012-08-12,,,,3.625,4.167,0.542,,1.957,22.458,,,
2012-08-13,,,,6.583,8.625,2.042,,1.958,21.458,,,
2012-08-14,,,,5.333,6.583,1.25,,1.958,20.708,,,
2012-08-15,,,,6.292,7.167,0.875,,2.083,21.5,,,
2012-08-16,,,,6.917,10.417,3.5,,2.292,16.5,,,
2012-08-17,,,,4.696,5.826,1.13,,2.125,21.042,,,
2012-08-18,,,,3.792,4.542,0.75,,2.0,20.042,,,
2012-08-19,,,,4.0,5.0,1.0,,2.478,18.625,,,
2012-08-20,,,,9.417,11.375,1.958,,2.708,19.792,,,
2012-08-21,,,,11.75,13.0,1.25,,2.542,24.042,,,
2012-08-22,,,,11.917,13.917,2.0,,2.417,21.458,,,
2012-08-23,,,,11.125,13.917,2.792,,2.625,25.458,,,
2012-08-24,,,,9.826,11.87,2.043,,2.542,23.167,,,
2012-08-25,,,,6.083,7.0,0.917,,2.167,20.417,,,
2012-08-26,,,,4.333,5.333,1.0,,2.043,19.333,,,
2012-08-27,,,,9.75,11.083,1.333,,2.333,22.25,,,
2012-08-28,,,,10.375,11.708,1.333,,2.583,21.417,,,
2012-08-29,,,,8.5,9.636,1.136,,2.409,28.13,,,
2012-08-30,,,,10.542,11.583,1.042,,2.957,30.75,,,
2012-08-31,,,,8.25,9.583,1.333,,2.542,26.542,,,
2012-09-01,,,,3.875,5.208,1.333,,2.083,15.667,,,
2012-09-02,,,,1.458,1.875,0.417,,2.0,15.625,,,
2012-09-03,,,,4.708,5.25,0.542,,2.208,16.25,,,
2012-09-04,,,,5.542,6.458,0.917,,2.125,17.042,,,
2012-09-05,,,,6.955,7.227,0.273,,2.208,17.583,,,
2012-09-06,,,,5.875,6.125,0.25,,2.261,22.208,,,
2012-09-07,,,,6.708,7.0,0.292,,2.208,14.375,,,
2012-09-08,,,,4.75,4.75,0.0,,2.292,25.917,,,
2012-09-09,,,,4.5,4.667,0.167,,2.375,21.542,,,
2012-09-10,,,,9.167,9.667,0.5,,2.458,25.042,,,
2012-09-11,,,,10.583,11.625,1.042,,2.708,24.917,,,
2012-09-12,,,,6.238,6.476,0.238,,2.136,20.708,,,
2012-09-13,,,,7.042,7.333,0.292,,1.913,24.625,,,
2012-09-14,,,,8.458,8.833,0.375,,2.0,28.75,,,
2012-09-15,,,,5.708,6.167,0.458,,2.208,22.417,,,
2012-09-16,,,,2.875,3.167,0.292,,1.625,20.208,,,
2012-09-17,,,,4.292,4.667,0.375,,1.75,19.792,,,
2012-09-18,,,,9.167,11.208,2.042,,2.083,18.75,,,
2012-09-19,,,,10.217,11.087,0.87,,1.875,15.958,,,
2012-09-20,,,,7.25,8.25,1.0,,1.87,16.042,,,
2012-09-21,,,,4.458,4.458,0.0,,1.667,17.125,,,
2012-09-22,,,,2.583,2.583,0.0,,1.75,14.375,,,
2012-09-23,,,,1.625,1.625,0.0,,1.458,12.583,,,
2012-09-24,,,,7.542,7.542,0.0,,1.75,13.667,,,
2012-09-25,,,,4.542,4.542,0.0,,1.5,14.917,,,
2012-09-26,,,,4.391,4.435,0.043,,1.368,16.636,,,
2012-09-27,,,,2.542,2.542,0.0,,1.0,17.792,,,
2012-09-28,,,,1.667,1.667,0.0,,1.0,11.0,,,
2012-09-29,,,,3.542,3.542,0.0,,1.0,14.5,,,
2012-09-30,,,,3.958,4.0,0.042,,1.25,21.792,,,
2012-10-01,,,,4.833,4.958,0.125,,1.208,13.833,,,
2012-10-02,,,,3.833,3.833,0.0,,1.042,13.417,,,
2012-10-03,,,,2.217,2.217,0.0,,1.042,12.208,,,
2012-10-04,,,,6.833,7.625,0.792,,1.217,11.458,,,
2012-10-05,,,,7.458,8.042,0.583,,1.417,16.208,,,
2012-10-06,,,,2.75,2.75,0.0,,1.083,15.542,,,
2012-10-07,,,,2.708,2.75,0.042,,1.167,16.125,,,
2012-10-08,,,,2.375,2.375,0.0,,1.208,14.25,,,
2012-10-09,,,,3.375,3.417,0.042,,1.333,16.792,,,
2012-10-10,,,,4.13,4.13,0.0,,1.458,13.833,,,
2012-10-11,,,,4.524,4.524,0.0,,1.3,17.238,,,
2012-10-12,,,,4.083,4.083,0.0,,1.25,16.0,,,
2012-10-13,,,,3.083,3.083,0.0,,1.208,18.083,,,
2012-10-14,,,,3.042,3.042,0.0,,1.417,22.125,,,
2012-10-15,,,,3.917,3.917,0.0,,1.25,23.167,,,
2012-10-16,,,,5.5,5.5,0.0,,1.417,22.667,,,
2012-10-17,,,,7.522,7.783,0.261,,1.292,21.083,,,
2012-10-18,,,,7.667,9.708,2.042,,1.174,18.5,,,
2012-10-19,,,,4.083,4.458,0.375,,1.292,16.042,,,
2012-10-20,,,,5.25,5.375,0.125,,1.583,18.042,,,
2012-10-21,,,,3.542,3.75,0.208,,1.5,23.792,,,
2012-10-22,,,,4.75,4.958,0.208,,1.542,31.917,,,
2012-10-23,,,,5.917,6.458,0.542,,1.333,21.542,,,
2012-10-24,,,,5.696,5.826,0.13,,1.458,15.25,,,
2012-10-25,,,,6.417,6.5,0.083,,1.783,21.0,,,
2012-10-26,,,,6.042,6.083,0.042,,1.833,26.167,,,
2012-10-27,,,,2.958,2.958,0.0,,1.542,21.958,,,
2012-10-28,,,,2.917,2.917,0.0,,1.333,14.75,,,
2012-10-29,,,,3.042,3.042,0.0,,1.792,13.917,,,
2012-10-30,,,,5.375,5.542,0.167,,1.625,17.792,,,
2012-10-31,,,,8.087,8.696,0.609,,1.708,19.875,,,
2012-11-01,,,,6.042,6.125,0.083,,1.739,21.375,,,
2012-11-02,,,,3.542,3.667,0.125,,1.625,11.792,,,
2012-11-03,,,,3.292,3.375,0.083,,1.875,12.583,,,
2012-11-04,,,,2.417,2.417,0.0,,1.792,12.375,,,
2012-11-05,,,,5.5,5.5,0.0,,1.958,20.208,,,
2012-11-06,,,,6.875,7.167,0.292,,1.833,14.333,,,
2012-11-07,,,,4.696,4.739,0.043,,2.0,15.25,,,
2012-11-08,,,,6.125,6.625,0.5,,1.826,15.917,,,
2012-11-09,,,,4.526,4.632,0.105,,1.632,20.696,,,
2012-11-10,,,,2.833,2.875,0.042,,1.833,19.542,,,
2012-11-11,,,,0.667,0.667,0.0,,1.708,18.708,,,
2012-11-12,,,,4.391,4.391,0.0,,1.913,16.75,,,
2012-11-13,,,,5.917,6.208,0.292,,1.917,23.5,,,
2012-11-14,,,,6.667,7.125,0.458,,2.043,18.625,,,
2012-11-15,,,,7.917,7.958,0.042,,1.958,14.625,,,
2012-11-16,,,,9.292,10.792,1.5,,1.826,13.0,,,
2012-11-17,,,,8.875,9.125,0.25,,2.0,25.292,,,
2012-11-18,,,,4.625,4.625,0.0,,1.87,13.375,,,
2012-11-19,,,,8.043,9.217,1.174,,1.958,18.375,,,
2012-11-20,,,,7.542,9.583,2.042,,1.913,14.917,,,
2012-11-21,,,,9.875,12.083,2.208,,1.958,14.375,,,
2012-11-22,,,,10.125,10.75,0.625,,2.174,18.083,,,
2012-11-23,,,,8.792,9.125,0.333,,1.958,27.542,,,
2012-11-24,,,,6.667,6.708,0.042,,2.043,19.583,,,
2012-11-25,,,,3.75,3.75,0.0,,1.875,16.417,,,
2012-11-26,,,,12.043,14.696,2.652,,1.957,22.333,,,
2012-11-27,,,,8.917,10.458,1.542,,1.958,11.292,,,
2012-11-28,,,,11.364,15.364,4.0,,2.15,16.182,,,
2012-11-29,,,,10.417,14.333,3.917,,1.957,17.833,,,
2012-11-30,,,,7.583,9.375,1.792,,2.167,19.833,,,
2012-12-01,,,,6.652,6.957,0.304,,2.0,12.25,,,
2012-12-02,,,,4.375,4.5,0.125,,2.0,12.0,,,
2012-12-03,,,,6.667,7.5,0.833,,2.0,12.042,,,
2012-12-04,,,,9.458,18.25,8.792,,2.042,13.375,,,
2012-12-05,,,,9.125,10.333,1.208,,2.0,10.625,,,
2012-12-06,,,,8.958,12.583,3.625,,2.0,13.542,,,
2012-12-07,,,,7.917,9.917,2.0,,2.125,10.75,,,
2012-12-08,,,,5.565,7.478,1.913,,2.25,13.125,,,
2012-12-09,,,,3.375,3.792,0.417,,2.375,11.792,,,
2012-12-10,,,,7.75,10.042,2.292,,2.083,11.792,,,
2012-12-11,,,,9.591,11.5,1.909,,2.273,12.042,,,
2012-12-12,,,,8.333,10.708,2.375,,2.458,12.792,,,
2012-12-13,,,,12.167,15.417,3.25,,2.261,13.458,,,
2012-12-14,,,,16.696,20.348,3.652,,2.292,21.833,,,
2012-12-15,,,,15.417,16.917,1.5,,2.375,25.583,,,
2012-12-16,,,,6.565,6.913,0.348,,2.0,14.625,,,
2012-12-17,,,,7.333,8.042,0.708,,2.042,18.708,,,
2012-12-18,,,,9.348,14.435,5.087,,2.042,17.625,,,
2012-12-19,,,,14.833,17.833,3.0,,2.083,14.792,,,
2012-12-20,,,,12.304,14.043,1.739,,2.043,13.542,,,
2012-12-21,,,,11.333,12.625,1.292,,2.125,11.542,,,
2012-12-22,,,,10.217,12.696,2.478,,2.042,15.875,,,
2012-12-23,,,,5.375,5.708,0.333,,2.083,13.75,,,
2012-12-24,,,,4.0,4.0,0.0,,2.125,11.625,,,
2012-12-25,,,,14.167,18.417,4.25,,2.417,16.042,,,
2012-12-26,,,,9.81,10.762,0.952,,2.429,13.739,,,
2012-12-27,,,,14.708,16.875,2.167,,2.391,15.583,,,
2012-12-28,,,,13.208,15.083,1.875,,2.125,20.25,,,
2012-12-29,,,,4.75,4.75,0.0,,2.167,14.958,,,
2012-12-30,,,,6.417,6.667,0.25,,2.083,16.458,,,
2012-12-31,,,,3.458,3.458,0.0,,2.0,10.583,,,
2013-01-01,,,,5.087,5.304,0.217,,1.13,11.125,,,
2013-01-02,,,,4.75,4.917,0.167,,0.958,9.583,,,
2013-01-03,,,,4.542,4.542,0.0,,0.958,10.542,,,
2013-01-04,,,,5.042,5.25,0.208,,1.042,10.292,,,
2013-01-05,,,,4.625,4.625,0.0,,0.958,8.708,,,
2013-01-06,,,,10.042,11.958,1.917,,0.958,10.375,,,
2013-01-07,,,,11.5,13.333,1.833,,0.958,12.0,,,
2013-01-08,,,,19.652,26.696,7.043,,1.13,21.957,,,
2013-01-09,,,,11.375,14.083,2.708,,0.958,11.417,,,
2013-01-10,,,,9.958,11.875,1.917,,1.0,9.125,,,
2013-01-11,,,,6.167,6.208,0.042,,0.958,8.043,,,
2013-01-12,,,,5.792,5.958,0.167,,1.0,10.789,,,
2013-01-13,,,,2.208,2.208,0.0,,0.958,9.208,,,
2013-01-14,,,,13.25,15.5,2.25,,1.0,10.917,,,
2013-01-15,,,,12.652,14.826,2.174,,1.0,13.0,,,
2013-01-16,,,,12.542,14.625,2.083,,0.958,12.167,,,
2013-01-17,,,,10.958,12.833,1.875,,1.125,11.333,,,
2013-01-18,,,,9.167,9.708,0.542,,1.125,12.333,,,
2013-01-19,,,,4.25,4.25,0.0,,1.0,10.333,,,
2013-01-20,,,,13.5,16.833,3.333,,1.042,11.333,,,
2013-01-21,,,,10.542,14.167,3.625,,1.417,14.375,,,
2013-01-22,,,,10.261,11.304,1.043,,1.391,16.875,,,
2013-01-23,,,,13.208,16.0,2.792,,1.042,11.0,,,
2013-01-24,,,,15.792,18.667,2.875,,1.333,17.208,,,
2013-01-25,,,,17.958,20.0,2.042,,1.333,22.5,,,
2013-01-26,,,,5.792,6.0,0.208,,1.167,13.75,,,
2013-01-27,,,,11.25,12.542,1.292,,1.0,12.75,,,
2013-01-28,,,,20.273,25.045,4.773,,0.857,21.0,,,
2013-01-29,,,,17.652,20.391,2.739,,0.391,15.0,,,
2013-01-30,,,,19.667,28.917,9.25,,0.292,28.125,,,
2013-01-31,,,,5.542,5.958,0.417,,0.042,11.25,,,
2013-02-01,,,,9.167,9.292,0.125,,0.25,17.583,,,
2013-02-02,,,,11.292,11.792,0.5,,0.333,35.125,,,
2013-02-03,,,,21.625,27.708,6.083,,0.292,38.708,,,
2013-02-04,,,,12.375,15.333,2.958,,0.0,12.458,,,
2013-02-05,,,,13.478,17.043,3.565,,0.13,10.833,,,
2013-02-06,,,,13.583,15.833,2.25,,0.25,13.083,,,
2013-02-07,,,,13.458,16.042,2.583,,0.292,13.042,,,
2013-02-08,,,,3.25,3.25,0.0,,0.0,11.125,,,
2013-02-09,,,,3.333,3.333,0.0,,0.0,8.25,,,
2013-02-10,,,,11.875,13.583,1.708,,0.167,11.167,,,
2013-02-11,,,,5.0,5.136,0.136,,0.045,9.182,,,
2013-02-12,,,,5.739,5.826,0.087,,0.0,9.542,,,
2013-02-13,,,,13.125,15.25,2.125,,0.083,11.125,,,
2013-02-14,,,,8.042,8.417,0.375,,0.083,9.792,,,
2013-02-15,,,,4.042,4.042,0.0,,0.0,8.417,,,
2013-02-16,,,,6.458,6.625,0.167,,0.083,13.917,,,
2013-02-17,,,,10.083,10.625,0.542,,0.708,24.958,,,
2013-02-18,,,,13.292,15.0,1.708,,0.292,15.25,,,
2013-02-19,,,,12.174,14.0,1.826,,0.261,14.625,,,
2013-02-20,,,,14.708,17.125,2.417,,0.333,20.292,,,
2013-02-21,,,,10.833,12.125,1.292,,0.292,17.333,,,
2013-02-22,,,,6.417,6.708,0.292,,0.0,13.292,,,
2013-02-23,,,,4.333,4.417,0.083,,0.042,12.625,,,
2013-02-24,,,,13.792,15.833,2.042,,0.375,19.042,,,
2013-02-25,,,,10.318,11.591,1.273,,0.682,20.375,,,
2013-02-26,,,,14.913,16.174,1.261,,1.435,36.75,,,
2013-02-27,,,,12.208,14.667,2.458,,1.0,44.25,,,
2013-02-28,,,,13.583,15.958,2.375,,0.958,24.417,,,
2013-03-01,,,,6.417,6.417,0.0,,0.917,31.125,,,
2013-03-02,,,,3.417,3.417,0.0,,0.625,14.542,,,
2013-03-03,,,,4.792,5.208,0.417,,0.667,11.875,,,
2013-03-04,,,,12.542,14.25,1.708,,0.917,19.958,,,
2013-03-05,,,,13.696,17.609,3.913,,0.957,14.75,,,
2013-03-06,,,,4.25,4.625,0.375,,1.0,11.375,,,
2013-03-07,,,,1.583,1.625,0.042,,1.0,12.375,,,
2013-03-08,,,,4.125,4.375,0.25,,1.0,12.292,,,
2013-03-09,,,,7.708,8.292,0.583,,1.0,16.083,,,
2013-03-10,,,,3.583,3.75,0.167,,1.0,11.708,,,
2013-03-11,,,,9.227,10.636,1.409,,0.818,13.125,,,
2013-03-12,,,,21.739,25.174,3.435,,2.348,35.708,,,
2013-03-13,,,,10.917,11.5,0.583,,1.333,43.625,,,
2013-03-14,,,,12.292,13.625,1.333,,1.0,9.417,,,
2013-03-15,,,,5.917,6.083,0.167,,1.0,14.25,,,
2013-03-16,,,,4.667,4.667,0.0,,1.25,20.042,,,
2013-03-17,,,,19.292,21.375,2.083,,1.917,34.708,,,
2013-03-18,,,,11.042,13.333,2.292,,1.208,32.375,,,
2013-03-19,,,,9.0,9.913,0.913,,1.0,22.75,,,
2013-03-20,,,,4.25,4.25,0.0,,1.0,11.333,,,
2013-03-21,,,,5.167,5.333,0.167,,1.0,8.875,,,
2013-03-22,,,,4.958,5.167,0.208,,0.917,11.75,,,
2013-03-23,,,,2.292,2.292,0.0,,0.958,14.333,,,
2013-03-24,,,,19.458,21.542,2.083,,1.125,21.0,,,
2013-03-25,,,,9.208,9.667,0.458,,1.5,25.25,,,
2013-03-26,,,,9.783,10.13,0.348,,1.609,31.583,,,
2013-03-27,,,,5.208,5.208,0.0,,1.0,21.375,,,
2013-03-28,,,,13.667,14.625,0.958,,1.125,26.583,,,
2013-03-29,,,,7.25,7.25,0.0,,1.333,29.542,,,
2013-03-30,,,,4.917,4.917,0.0,,1.0,22.417,,,
2013-03-31,,,,5.583,5.792,0.208,,1.0,14.25,,,
2013-04-01,,,,8.375,8.833,0.458,,1.292,26.375,,,
2013-04-02,,,,5.125,5.125,0.0,,1.0,17.5,,,
2013-04-03,,,,1.667,1.667,0.0,,1.0,11.792,,,
2013-04-04,,,,5.333,5.333,0.0,,1.208,16.833,,,
2013-04-05,,,,8.348,8.348,0.0,,1.667,32.917,,,
2013-04-06,,,,6.458,6.542,0.083,,1.375,27.083,,,
2013-04-07,,,,2.458,2.458,0.0,,1.0,11.875,,,
2013-04-08,,,,6.25,6.542,0.292,,1.0,12.5,,,
2013-04-09,,,,9.864,10.682,0.818,,1.381,23.909,,,
2013-04-10,,,,5.667,5.958,0.292,,0.826,17.875,,,
2013-04-11,,,,8.5,9.125,0.625,,0.333,13.833,,,
2013-04-12,,,,10.391,11.304,0.913,,0.625,16.458,,,
2013-04-13,,,,5.292,5.292,0.0,,0.625,14.833,,,
2013-04-14,,,,4.583,4.583,0.0,,0.75,23.083,,,
2013-04-15,,,,10.667,11.708,1.042,,0.833,18.5,,,
2013-04-16,,,,9.292,10.458,1.167,,0.917,25.0,,,
2013-04-17,,,,9.083,9.333,0.25,,0.913,36.875,,,
2013-04-18,,,,8.875,8.875,0.0,,0.958,36.542,,,
2013-04-19,,,,3.957,4.043,0.087,,0.917,18.917,,,
2013-04-20,,,,4.833,4.833,0.0,,0.458,22.542,,,
2013-04-21,,,,2.542,2.542,0.0,,0.0,11.0,,,
2013-04-22,,,,5.708,6.125,0.417,,0.292,17.625,,,
2013-04-23,,,,17.0,18.167,1.167,,0.792,24.083,,,
2013-04-24,,,,11.25,11.542,0.292,,0.739,26.208,,,
2013-04-25,,,,5.0,5.0,0.0,,0.708,18.542,,,
2013-04-26,,,,6.739,6.739,0.0,,0.958,22.042,,,
2013-04-27,,,,2.708,2.708,0.0,,0.333,14.583,,,
2013-04-28,,,,2.292,2.292,0.0,,0.542,15.375,,,
2013-04-29,,,,4.583,4.583,0.0,,0.792,23.917,,,
2013-04-30,,,,10.208,10.667,0.458,,1.083,30.417,,,
2013-05-01,,,,5.458,5.542,0.083,,0.958,27.458,,,
2013-05-02,,,,5.375,5.667,0.292,,0.87,15.25,,,
2013-05-03,,,,3.174,3.174,0.0,,0.833,13.333,,,
2013-05-04,,,,2.958,2.958,0.0,,0.75,16.5,,,
2013-05-05,,,,3.083,3.083,0.0,,0.833,21.833,,,
2013-05-06,,,,3.458,3.458,0.0,,0.917,22.917,,,
2013-05-07,,,,3.167,3.167,0.0,,0.5,13.333,,,
2013-05-08,,,,2.708,2.75,0.042,,0.667,12.875,,,
2013-05-09,,,,8.25,8.25,0.0,,0.826,18.375,,,
2013-05-10,,,,6.913,6.913,0.0,,1.583,32.75,,,
2013-05-11,,,,6.0,6.292,0.292,,1.083,35.25,,,
2013-05-12,,,,2.5,2.625,0.125,,0.792,13.042,,,
2013-05-13,,,,9.0,9.136,0.136,,0.955,30.917,,,
2013-05-14,,,,7.458,7.458,0.0,,1.375,36.375,,,
2013-05-15,,,,8.583,8.583,0.0,,1.583,35.917,,,
2013-05-16,,,,6.75,6.75,0.0,,1.087,27.208,,,
2013-05-17,,,,7.043,7.565,0.522,,1.0,23.083,,,
2013-05-18,,,,6.792,7.167,0.375,,1.583,22.958,,,
2013-05-19,,,,4.917,5.417,0.5,,1.125,22.375,,,
2013-05-20,,,,6.542,7.125,0.583,,0.917,16.667,,,
2013-05-21,,,,4.417,4.958,0.542,,0.708,24.875,,,
2013-05-22,,,,7.375,8.042,0.667,,1.083,39.542,,,
2013-05-23,,,,6.375,6.875,0.5,,1.217,33.375,,,
2013-05-24,,,,5.652,5.652,0.0,,1.0,20.542,,,
2013-05-25,,,,5.917,5.958,0.042,,1.042,26.458,,,
2013-05-26,,,,5.042,5.042,0.0,,1.0,25.583,,,
2013-05-27,,,,7.792,7.875,0.083,,1.208,28.458,,,
2013-05-28,,,,11.292,11.417,0.125,,2.417,21.304,,,
2013-05-29,,,,7.125,7.167,0.042,,1.125,19.542,,,
2013-05-30,,,,9.708,10.167,0.458,,1.0,12.417,,,
2013-05-31,,,,5.435,5.435,0.0,,1.0,21.875,,,
2013-06-01,,,,4.0,4.0,0.0,,1.042,22.75,,,
2013-06-02,,,,3.083,3.083,0.0,,1.0,16.75,,,
2013-06-03,,,,8.167,8.375,0.208,,1.083,22.125,,,
2013-06-04,,,,6.75,6.75,0.0,,1.417,26.583,,,
2013-06-05,,,,6.417,6.458,0.042,,1.375,35.083,,,
2013-06-06,,,,7.708,7.917,0.208,,1.087,28.0,,,
2013-06-07,,,,6.348,6.522,0.174,,1.0,17.583,,,
2013-06-08,,,,2.875,2.875,0.0,,1.0,17.958,,,
2013-06-09,,,,2.773,2.773,0.0,,1.0,23.136,,,
2013-06-10,,,,5.364,5.364,0.0,,1.304,32.091,,,
2013-06-11,,,,7.348,7.609,0.261,,1.143,23.208,,,
2013-06-12,,,,3.5,4.136,0.636,,1.0,14.818,,,
2013-06-13,,,,5.0,6.125,1.125,,1.0,12.708,,,
2013-06-14,,,,4.609,4.609,0.0,,1.0,15.042,,,
2013-06-15,,,,4.042,4.083,0.042,,1.0,15.167,,,
2013-06-16,,,,2.5,2.5,0.0,,0.917,14.875,,,
2013-06-17,,,,5.417,5.417,0.0,,1.0,19.125,,,
2013-06-18,,,,7.667,7.667,0.0,,1.042,33.833,,,
2013-06-19,,,,4.75,4.958,0.208,,1.0,23.042,,,
2013-06-20,,,,8.167,8.25,0.083,,1.0,17.25,,,
2013-06-21,,,,9.087,9.13,0.043,,0.958,20.875,,,
2013-06-22,,,,5.5,5.5,0.0,,1.0,18.083,,,
2013-06-23,,,,2.583,2.583,0.0,,1.0,17.0,,,
2013-06-24,,,,4.375,4.375,0.0,,1.0,16.958,,,
2013-06-25,,,,5.0,5.0,0.0,,0.958,19.833,,,
2013-06-26,,,,7.292,7.417,0.125,,1.042,26.042,,,
2013-06-27,,,,3.958,3.958,0.0,,1.0,11.833,,,
2013-06-28,,,,7.391,7.435,0.043,,1.0,22.25,,,
2013-06-29,,,,5.917,5.917,0.0,,1.0,20.792,,,
2013-06-30,,,,4.625,4.625,0.0,,1.0,21.375,,,
2013-07-01,,,,7.708,7.792,0.083,,1.25,18.417,,,
2013-07-02,,,,8.375,8.583,0.208,,1.0,16.417,,,
2013-07-03,,,,11.833,12.167,0.333,,1.208,18.667,,,
2013-07-04,,,,9.083,9.208,0.125,,1.043,23.417,,,
2013-07-05,,,,12.87,14.261,1.391,,1.0,30.667,,,
2013-07-06,,,,7.958,9.375,1.417,,1.0,25.25,,,
2013-07-07,,,,4.042,4.792,0.75,,1.042,20.167,,,
2013-07-08,,,,5.708,6.542,0.833,,1.25,24.208,,,
2013-07-09,,,,8.182,8.818,0.636,,1.364,25.75,,,
2013-07-10,,,,5.667,5.875,0.208,,1.125,37.333,,,
2013-07-11,,,,6.583,6.958,0.375,,1.087,37.875,,,
2013-07-12,,,,7.909,8.182,0.273,,1.375,47.5,,,
2013-07-13,,,,4.348,4.348,0.0,,1.0,37.478,,,
2013-07-14,,,,3.25,3.25,0.0,,1.0,22.208,,,
2013-07-15,,,,3.958,3.958,0.0,,1.0,18.667,,,
2013-07-16,,,,10.75,11.125,0.375,,1.125,19.208,,,
2013-07-17,,,,10.208,10.333,0.125,,1.375,26.5,,,
2013-07-18,,,,8.708,9.0,0.292,,1.0,24.167,,,
2013-07-19,,,,8.261,8.783,0.522,,1.042,15.333,,,
2013-07-20,,,,4.542,4.708,0.167,,1.0,14.875,,,
2013-07-21,,,,6.708,6.958,0.25,,1.0,18.583,,,
2013-07-22,,,,9.474,9.947,0.474,,1.333,27.042,,,
2013-07-23,,,,8.5,9.083,0.583,,1.042,29.583,,,
2013-07-24,,,,12.125,13.917,1.792,,1.0,16.773,,,
2013-07-25,,,,7.208,7.708,0.5,,1.0,21.625,,,
2013-07-26,,,,7.217,7.478,0.261,,1.0,31.292,,,
2013-07-27,,,,4.208,4.208,0.0,,1.0,28.125,,,
2013-07-28,,,,2.5,2.542,0.042,,1.0,18.917,,,
2013-07-29,,,,6.042,6.5,0.458,,1.0,20.417,,,
2013-07-30,,,,8.083,8.292,0.208,,1.125,23.958,,,
2013-07-31,,,,12.5,13.208,0.708,,1.042,41.75,,,
2013-08-01,,,,8.625,9.292,0.667,,1.0,22.917,,,
2013-08-02,,,,9.87,12.174,2.304,,1.0,22.208,,,
2013-08-03,,,,5.667,6.0,0.333,,1.167,23.917,,,
2013-08-04,,,,3.75,3.875,0.125,,1.042,25.958,,,
2013-08-05,,,,7.75,8.833,1.083,,1.0,29.167,,,
2013-08-06,,,,6.083,7.042,0.958,,1.0,22.708,,,
2013-08-07,,,,4.25,4.542,0.292,,1.0,26.083,,,
2013-08-08,,,,6.136,6.409,0.273,,1.048,37.75,,,
2013-08-09,,,,7.435,7.739,0.304,,1.083,60.792,,,
2013-08-10,,,,3.875,4.0,0.125,,1.0,61.583,,,
2013-08-11,,,,3.292,3.292,0.0,,1.167,53.042,,,
2013-08-12,,,,6.792,7.125,0.333,,1.125,48.917,,,
2013-08-13,,,,4.375,4.5,0.125,,1.0,36.875,,,
2013-08-14,,,,6.292,6.583,0.292,,1.25,38.625,,,
2013-08-15,,,,6.25,6.708,0.458,,1.0,36.417,,,
2013-08-16,,,,7.0,7.652,0.652,,1.083,40.125,,,
2013-08-17,,,,5.542,5.833,0.292,,1.125,32.5,,,
2013-08-18,,,,5.333,5.667,0.333,,1.125,23.5,,,
2013-08-19,,,,10.208,10.958,0.75,,1.208,23.958,,,
2013-08-20,,,,9.292,10.542,1.25,,1.333,24.417,,,
2013-08-21,,,,6.292,7.208,0.917,,1.0,17.708,,,
2013-08-22,,,,7.0,7.542,0.542,,1.0,26.208,,,
2013-08-23,,,,6.87,8.696,1.826,,1.0,27.875,,,
2013-08-24,,,,2.917,3.333,0.417,,1.0,12.917,,,
2013-08-25,,,,3.167,3.417,0.25,,1.0,21.458,,,
2013-08-26,,,,7.75,8.333,0.583,,1.125,22.417,,,
2013-08-27,,,,5.455,5.727,0.273,,1.0,17.5,,,
2013-08-28,,,,8.304,8.565,0.261,,1.625,17.458,,,
2013-08-29,,,,8.667,8.833,0.167,,1.652,32.125,,,
2013-08-30,,,,8.0,8.125,0.125,,1.208,32.167,,,
2013-08-31,,,,5.083,5.125,0.042,,1.042,25.167,,,
2013-09-01,,,,2.739,2.739,0.0,,1.0,18.783,,,
2013-09-02,,,,8.167,8.583,0.417,,1.083,25.292,,,
2013-09-03,,,,9.0,10.75,1.75,,1.083,23.0,,,
2013-09-04,,,,8.13,9.261,1.13,,1.042,16.75,,,
2013-09-05,,,,9.375,12.0,2.625,,1.0,15.708,,,
2013-09-06,,,,6.25,6.792,0.542,,1.042,16.375,,,
2013-09-07,,,,3.208,3.333,0.125,,1.0,19.083,,,
2013-09-08,,,,1.958,1.958,0.0,,1.0,12.375,,,
2013-09-09,,,,7.875,8.583,0.708,,1.0,15.333,,,
2013-09-10,,,,9.318,10.045,0.727,,1.091,17.958,,,
2013-09-11,,,,5.087,5.13,0.043,,1.0,17.917,,,
2013-09-12,,,,6.375,6.708,0.333,,1.043,20.708,,,
2013-09-13,,,,8.917,9.458,0.542,,1.583,26.25,,,
2013-09-14,,,,6.417,6.833,0.417,,1.083,29.333,,,
2013-09-15,,,,3.333,3.75,0.417,,1.0,15.458,,,
2013-09-16,,,,3.417,3.75,0.333,,1.0,16.125,,,
2013-09-17,,,,7.792,8.375,0.583,,1.125,19.125,,,
2013-09-18,,,,6.913,7.13,0.217,,1.458,19.125,,,
2013-09-19,,,,8.333,8.75,0.417,,1.478,18.708,,,
2013-09-20,,,,8.042,8.458,0.417,,1.375,29.667,,,
2013-09-21,,,,3.792,3.792,0.0,,1.25,26.958,,,
2013-09-22,,,,3.208,3.208,0.0,,1.25,28.208,,,
2013-09-23,,,,2.042,2.042,0.0,,1.042,15.25,,,
2013-09-24,,,,3.292,3.583,0.292,,1.0,18.0,,,
2013-09-25,,,,3.522,3.696,0.174,,1.0,15.917,,,
2013-09-26,,,,2.792,2.875,0.083,,1.0,13.174,,,
2013-09-27,,,,9.292,10.167,0.875,,1.042,13.042,,,
2013-09-28,,,,4.667,4.792,0.125,,1.042,14.375,,,
2013-09-29,,,,3.042,3.042,0.0,,1.083,16.083,,,
2013-09-30,,,,5.333,5.667,0.333,,1.0,18.417,,,
2013-10-01,,,,4.875,5.042,0.167,,1.0,15.917,,,
2013-10-02,,,,5.565,6.783,1.217,,1.0,11.208,,,
2013-10-03,,,,4.167,4.667,0.5,,1.043,14.708,,,
2013-10-04,,,,5.417,5.417,0.0,,1.0,16.333,,,
2013-10-05,,,,3.083,3.083,0.0,,1.0,13.375,,,
2013-10-06,,,,3.375,3.417,0.042,,1.0,16.167,,,
2013-10-07,,,,5.917,6.25,0.333,,1.0,17.25,,,
2013-10-08,,,,8.875,9.708,0.833,,1.0,26.917,,,
2013-10-09,,,,8.174,9.391,1.217,,1.0,16.333,,,
2013-10-10,,,,8.375,9.625,1.25,,1.087,14.125,,,
2013-10-11,,,,5.864,6.545,0.682,,1.0,21.364,,,
2013-10-12,,,,3.042,3.25,0.208,,1.042,16.792,,,
2013-10-13,,,,2.667,2.667,0.0,,1.0,12.417,,,
2013-10-14,,,,3.792,3.792,0.0,,1.042,22.667,,,
2013-10-15,,,,5.958,6.917,0.958,,1.0,18.792,,,
2013-10-16,,,,2.391,2.826,0.435,,1.0,11.042,,,
2013-10-17,,,,5.25,6.042,0.792,,1.0,11.583,,,
2013-10-18,,,,5.708,6.292,0.583,,1.0,15.375,,,
2013-10-19,,,,3.083,3.583,0.5,,1.0,18.542,,,
2013-10-20,,,,0.708,0.833,0.125,,1.0,10.333,,,
2013-10-21,,,,4.167,4.792,0.625,,1.0,13.167,,,
2013-10-22,,,,4.167,4.958,0.792,,1.0,12.167,,,
2013-10-23,,,,5.391,5.522,0.13,,1.0,10.708,,,
2013-10-24,,,,3.208,3.25,0.042,,1.0,10.708,,,
2013-10-25,,,,4.208,4.417,0.208,,1.0,10.25,,,
2013-10-26,,,,4.125,4.125,0.0,,1.0,8.5,,,
2013-10-27,,,,2.375,2.375,0.0,,1.0,12.292,,,
2013-10-28,,,,3.682,3.682,0.0,,1.0,15.542,,,
2013-10-29,,,,12.292,13.75,1.458,,1.208,24.167,,,
2013-10-30,,,,5.391,5.739,0.348,,1.0,16.458,,,
2013-10-31,,,,5.542,5.667,0.125,,1.087,25.167,,,
2013-11-01,,,,6.083,6.292,0.208,,1.042,25.75,,,
2013-11-02,,,,7.083,7.083,0.0,,1.083,24.583,,,
2013-11-03,,,,3.625,3.625,0.0,,1.0,25.625,,,
2013-11-04,,,,3.125,3.125,0.0,,1.0,17.708,,,
2013-11-05,,,,4.833,4.958,0.125,,1.0,19.792,,,
2013-11-06,,,,10.174,10.565,0.391,,1.25,24.792,,,
2013-11-07,,,,16.625,22.833,6.208,,1.0,22.333,,,
2013-11-08,,,,8.833,9.458,0.625,,1.0,13.708,,,
2013-11-09,,,,5.583,5.625,0.042,,1.0,12.875,,,
2013-11-10,,,,8.167,9.583,1.417,,1.0,17.125,,,
2013-11-11,,,,6.25,6.75,0.5,,1.0,10.292,,,
2013-11-12,,,,6.5,11.0,4.5,,1.0,8.875,,,
2013-11-13,,,,4.409,4.636,0.227,,1.0,9.458,,,
2013-11-14,,,,7.208,7.667,0.458,,1.0,10.917,,,
2013-11-15,,,,9.333,12.125,2.792,,1.0,18.542,,,
2013-11-16,,,,5.125,5.458,0.333,,1.167,15.542,,,
2013-11-17,,,,3.875,3.917,0.042,,1.25,19.458,,,
2013-11-18,,,,7.583,8.833,1.25,,1.25,18.417,,,
2013-11-19,,,,3.708,4.667,0.958,,1.042,9.833,,,
2013-11-20,,,,9.955,12.636,2.682,,1.042,13.792,,,
2013-11-21,,,,9.458,11.917,2.458,,1.087,12.458,,,
2013-11-22,,,,11.042,12.542,1.5,,1.0,13.125,,,
2013-11-23,,,,4.75,4.917,0.167,,1.0,10.292,,,
2013-11-24,,,,4.958,5.0,0.042,,1.0,15.375,,,
2013-11-25,,,,17.208,20.875,3.667,,1.042,22.25,,,
2013-11-26,,,,5.682,6.182,0.5,,1.0,10.696,,,
2013-11-27,,,,13.783,16.478,2.696,,1.125,11.708,,,
2013-11-28,,,,11.417,15.542,4.125,,1.13,14.583,,,
2013-11-29,,,,11.708,15.542,3.833,,1.292,12.833,,,
2013-11-30,,,,7.417,7.5,0.083,,1.0,12.042,,,
2013-12-01,,,,6.208,6.25,0.042,,1.0,12.458,,,
2013-12-02,,,,14.125,18.125,4.0,,1.208,19.042,,,
2013-12-03,,,,7.542,7.75,0.208,,1.125,16.583,,,
2013-12-04,,,,5.565,5.826,0.261,,1.0,12.0,,,
2013-12-05,,,,7.708,8.583,0.875,,1.0,14.958,,,
2013-12-06,,,,16.833,23.5,6.667,,1.333,22.833,,,
2013-12-07,,,,8.292,8.792,0.5,,1.042,11.042,,,
2013-12-08,,,,4.667,4.75,0.083,,1.0,8.667,,,
2013-12-09,,,,11.292,12.833,1.542,,1.0,12.833,,,
2013-12-10,,,,11.417,13.25,1.833,,1.0,13.958,,,
2013-12-11,,,,14.565,18.957,4.391,,0.0,11.458,,,
2013-12-12,,,,10.458,12.833,2.375,,0.0,10.917,,,
2013-12-13,,,,9.292,13.417,4.125,,0.0,10.25,,,
2013-12-14,,,,4.0,4.167,0.167,,0.0,8.833,,,
2013-12-15,,,,4.5,4.583,0.083,,0.0,8.417,,,
2013-12-16,,,,11.125,13.25,2.125,,0.0,9.542,,,
2013-12-17,,,,11.375,13.667,2.292,,0.0,12.5,,,
2013-12-18,,,,6.87,7.13,0.261,,0.0,13.174,,,
2013-12-19,,,,3.417,3.417,0.0,,0.0,8.0,,,
2013-12-20,,,,13.417,17.292,3.875,,0.0,10.792,,,
2013-12-21,,,,6.625,6.625,0.0,,0.0,9.083,,,
2013-12-22,,,,3.792,3.833,0.042,,0.0,9.333,,,
2013-12-23,,,,5.042,5.083,0.042,,0.0,10.708,,,
2013-12-24,,,,8.909,9.864,0.955,,0.455,11.042,,,
2013-12-25,,,,11.739,13.0,1.261,,0.739,10.083,,,
2013-12-26,,,,18.708,21.625,2.917,,1.167,19.217,,,
2013-12-27,,,,13.542,16.542,3.0,,1.0,14.083,,,
2013-12-28,,,,2.042,2.042,0.0,,0.917,8.708,,,
2013-12-29,,,,5.125,5.167,0.042,,0.833,7.75,,,
2013-12-30,,,,9.0,9.458,0.458,,0.875,13.125,,,
2013-12-31,,,,8.0,8.417,0.417,,1.0,15.5,,,
2014-01-01,,,,1.875,2.167,0.292,3.292,0.792,9.417,,,
2014-01-02,,,,4.083,4.5,0.417,4.125,0.292,11.25,,,
2014-01-03,,,,2.5,2.833,0.333,1.542,0.208,8.208,,,
2014-01-04,,,,4.667,5.25,0.583,4.917,0.208,9.958,,,
2014-01-05,,,,11.25,13.833,2.583,8.958,0.458,15.375,,,
2014-01-06,,,,15.667,24.5,8.833,19.542,0.708,23.958,,,
2014-01-07,,,,8.652,9.435,0.783,3.208,0.87,10.25,,,
2014-01-08,,,,11.167,12.833,1.667,6.292,0.708,12.083,,,
2014-01-09,,,,11.565,13.739,2.174,5.25,0.818,10.458,,,
2014-01-10,,,,6.542,7.083,0.542,5.167,1.0,12.208,,,
2014-01-11,,,,3.792,4.0,0.208,6.667,1.042,12.25,,,
2014-01-12,,,,5.958,6.458,0.5,3.833,1.0,11.5,,,
2014-01-13,,,,8.875,10.125,1.25,4.0,1.0,11.917,,,
2014-01-14,,,,13.913,15.435,1.522,7.625,1.0,12.208,,,
2014-01-15,,,,9.792,10.583,0.792,10.292,1.0,14.292,,,
2014-01-16,,,,8.208,8.417,0.208,6.083,1.0,13.5,,,
2014-01-17,,,,5.125,5.625,0.5,6.833,1.083,11.875,,,
2014-01-18,,,,7.125,8.167,1.042,2.167,1.0,9.542,,,
2014-01-19,,,,10.333,12.417,2.083,5.917,1.125,12.333,,,
2014-01-20,,,,12.958,14.958,2.0,14.083,1.375,19.083,,,
2014-01-21,,,,11.609,14.348,2.739,16.0,1.0,17.042,,,
2014-01-22,,,,8.5,9.542,1.042,6.0,1.0,11.739,,,
2014-01-23,,,,9.417,11.625,2.208,4.0,1.0,10.458,,,
2014-01-24,,,,5.25,5.333,0.083,5.5,1.0,11.833,,,
2014-01-25,,,,5.875,5.875,0.0,16.208,1.0,23.292,,,
2014-01-26,,,,12.667,14.417,1.75,15.667,1.083,21.875,,,
2014-01-27,,,,11.25,13.292,2.042,11.583,1.042,19.0,,,
2014-01-28,,,,10.826,13.304,2.478,6.375,1.0,14.25,,,
2014-01-29,,,,10.458,12.25,1.792,6.5,1.0,12.792,,,
2014-01-30,,,,7.833,8.958,1.125,9.5,1.0,16.042,,,
2014-01-31,,,,3.708,4.042,0.333,0.625,1.0,8.458,,,
2014-02-01,,,,4.875,5.292,0.417,3.417,1.0,12.375,,,
2014-02-02,,,,12.667,15.875,3.208,6.333,1.0,13.542,,,
2014-02-03,,,,11.25,13.208,1.958,6.417,1.0,13.708,,,
2014-02-04,,,,13.391,15.043,1.652,6.833,1.0,14.917,,,
2014-02-05,,,,7.75,7.875,0.125,9.667,1.0,15.708,,,
2014-02-06,,,,7.524,8.381,0.857,7.208,1.0,16.667,,,
2014-02-07,,,,6.125,6.208,0.083,6.333,,14.125,,,
2014-02-08,,,,7.792,7.875,0.083,18.333,,20.625,,,
2014-02-09,,,,2.792,2.833,0.042,2.958,0.0,12.042,,,
2014-02-10,,,,8.292,8.958,0.667,5.458,0.0,12.75,,,
2014-02-11,,,,8.0,8.25,0.25,11.095,0.286,15.048,,,
2014-02-12,,,,14.792,16.25,1.458,16.25,0.25,22.708,,,
2014-02-13,,,,3.333,3.375,0.042,8.167,0.083,14.708,,,
2014-02-14,,,,4.417,4.583,0.167,5.0,0.167,12.333,,,
2014-02-15,,,,2.667,2.667,0.0,4.292,0.458,11.0,,,
2014-02-16,,,,12.417,13.792,1.375,6.0,0.25,18.125,,,
2014-02-17,,,,11.292,12.625,1.333,9.292,0.217,15.875,,,
2014-02-18,,,,4.087,4.087,0.0,3.708,0.167,9.875,,,
2014-02-19,,,,8.667,9.917,1.25,4.0,0.083,12.958,,,
2014-02-20,,,,6.5,7.091,0.591,3.087,0.85,12.409,,,
2014-02-21,,,,6.708,6.875,0.167,9.5,1.875,13.417,,,
2014-02-22,,,,9.208,9.5,0.292,16.417,1.958,19.792,,,
2014-02-23,,,,11.292,13.958,2.667,8.875,1.5,18.708,,,
2014-02-24,,,,15.167,18.417,3.25,21.125,1.739,32.125,,,
2014-02-25,,,,17.174,22.13,4.957,21.958,1.958,41.0,,,
2014-02-26,,,,6.042,6.208,0.167,11.833,1.792,25.542,,,
2014-02-27,,,,3.667,3.75,0.083,3.333,1.833,12.083,,,
2014-02-28,,,,5.333,5.583,0.25,7.583,2.0,13.958,,,
2014-03-01,,,,3.625,3.625,0.0,4.375,1.917,13.333,,,
2014-03-02,,,,7.083,7.708,0.625,5.958,1.958,14.208,,,
2014-03-03,,,,7.958,8.5,0.542,10.375,2.0,16.458,,,
2014-03-04,,,,12.783,16.087,3.304,6.542,2.0,14.5,,,
2014-03-05,,,,7.667,8.458,0.792,5.625,1.917,14.167,,,
2014-03-06,,,,11.455,13.364,1.909,4.708,1.773,12.5,,,
2014-03-07,,,,4.542,4.542,0.0,8.542,1.25,14.5,,,
2014-03-08,,,,2.208,2.208,0.0,4.875,1.25,11.375,,,
2014-03-09,,,,3.292,3.292,0.0,0.167,1.042,10.958,,,
2014-03-10,,,,3.75,4.25,0.5,1.667,1.043,9.75,,,
2014-03-11,,,,3.087,3.087,0.0,3.167,1.208,11.167,,,
2014-03-12,,,,6.292,7.375,1.083,6.167,1.75,13.167,,,
2014-03-13,,,,7.083,7.542,0.458,12.708,1.75,17.917,,,
2014-03-14,,,,7.208,7.208,0.0,16.958,2.0,21.833,,,
2014-03-15,,,,10.0,10.875,0.875,14.75,1.708,20.458,,,
2014-03-16,,,,16.375,18.375,2.0,21.667,1.75,30.458,,,
2014-03-17,,,,11.667,12.292,0.625,22.083,1.391,30.625,,,
2014-03-18,,,,7.261,7.304,0.043,22.375,2.292,31.875,,,
2014-03-19,,,,8.833,9.292,0.458,19.783,1.5,26.421,,,
2014-03-20,,,,11.667,14.25,2.583,14.083,1.042,23.833,,,
2014-03-21,,,,5.542,5.917,0.375,12.292,1.5,18.792,,,
2014-03-22,,,,7.917,8.333,0.417,23.917,2.083,29.9,,,
2014-03-23,,,,5.375,5.667,0.292,9.417,1.75,20.75,,,
2014-03-24,,,,3.208,3.458,0.25,2.75,1.435,11.0,,,
2014-03-25,,,,4.826,5.0,0.174,3.5,1.458,12.875,,,
2014-03-26,,,,7.125,7.5,0.375,6.958,1.875,14.25,,,
2014-03-27,,,,13.042,14.125,1.083,10.458,1.958,18.958,,,
2014-03-28,,,,6.958,7.0,0.042,8.292,2.0,15.417,,,
2014-03-29,,,,5.167,5.167,0.0,14.292,2.583,23.87,,,
2014-03-30,,,,5.958,5.958,0.0,19.375,2.083,29.75,,,
2014-03-31,,,,10.75,11.083,0.333,25.5,2.261,36.583,,,
2014-04-01,,,,6.833,6.958,0.125,,1.042,16.667,,,
2014-04-02,,,,6.13,6.174,0.043,,1.043,18.583,,,
2014-04-03,,,,5.917,6.167,0.25,,1.0,16.042,,,
2014-04-04,,,,4.625,4.708,0.083,,1.0,10.708,,,
2014-04-05,,,,1.708,1.708,0.0,,1.0,10.208,,,
2014-04-06,,,,2.333,2.333,0.0,,0.875,12.958,,,
2014-04-07,,,,7.708,7.75,0.042,,1.0,15.75,,,
2014-04-08,,,,8.292,8.458,0.167,,1.292,24.542,,,
2014-04-09,,,,6.435,6.435,0.0,,1.261,25.208,,,
2014-04-10,,,,5.208,5.417,0.208,,1.208,25.25,,,
2014-04-11,,,,3.609,3.609,0.0,,1.0,19.042,,,
2014-04-12,,,,2.75,2.75,0.0,,1.0,19.75,,,
2014-04-13,,,,2.542,2.542,0.0,,1.0,18.25,,,
2014-04-14,,,,5.625,5.625,0.0,,1.042,20.583,,,
2014-04-15,,,,10.167,10.375,0.208,,1.208,24.625,,,
2014-04-16,,,,10.391,10.391,0.0,,1.261,40.167,,,
2014-04-17,,,,8.167,8.167,0.0,,1.5,38.708,,,
2014-04-18,,,,9.5,9.5,0.0,,1.0,29.875,,,
2014-04-19,,,,4.25,4.25,0.0,,0.958,19.917,,,
2014-04-20,,,,3.333,3.333,0.0,,1.0,15.25,,,
2014-04-21,,,,9.792,10.417,0.625,,0.917,21.292,,,
2014-04-22,,,,5.917,6.167,0.25,,0.917,15.042,,,
2014-04-23,,,,4.739,5.696,0.957,,0.957,19.417,,,
2014-04-24,,,,4.708,5.542,0.833,,1.083,19.375,,,
2014-04-25,,,,6.75,7.75,1.0,,1.0,26.5,,,
2014-04-26,,,,5.917,6.917,1.0,,1.25,24.292,,,
2014-04-27,,,,6.667,7.667,1.0,,1.375,25.125,,,
2014-04-28,,,,8.375,9.375,1.0,,1.333,25.708,,,
2014-04-29,,,,5.208,6.208,1.0,,1.125,28.417,,,
2014-04-30,,,,6.783,6.826,0.043,,1.0,15.917,,,
2014-05-01,,,,6.167,6.417,0.25,,0.958,19.875,,,
2014-05-02,,,,5.292,5.667,0.375,,0.875,18.125,,,
2014-05-03,,,,3.042,3.125,0.083,,1.0,26.625,,,
2014-05-04,,,,2.292,2.292,0.0,,0.958,18.333,,,
2014-05-05,,,,3.417,3.417,0.0,,1.0,26.542,,,
2014-05-06,,,,3.083,3.125,0.042,,1.0,15.5,,,
2014-05-07,,,,6.609,6.609,0.0,,0.957,20.917,,,
2014-05-08,,,,7.833,7.833,0.0,,1.083,23.0,,,
2014-05-09,,,,5.333,5.333,0.0,,1.0,16.25,,,
2014-05-10,,,,4.125,4.167,0.042,,1.0,13.333,,,
2014-05-11,,,,3.417,3.417,0.0,,1.0,15.542,,,
2014-05-12,,,,7.375,7.458,0.083,,1.167,18.292,,,
2014-05-13,,,,6.087,6.565,0.478,,1.0,18.25,,,
2014-05-14,,,,9.174,9.391,0.217,,1.609,28.042,,,
2014-05-15,,,,7.25,7.417,0.167,,1.167,25.542,,,
2014-05-16,,,,3.333,3.375,0.042,,0.958,17.0,,,
2014-05-17,,,,3.917,3.917,0.0,,1.0,11.208,,,
2014-05-18,,,,3.25,3.25,0.0,,1.0,11.375,,,
2014-05-19,,,,4.25,4.292,0.042,,1.042,17.875,,,
2014-05-20,,,,6.375,6.583,0.208,,1.292,33.75,,,
2014-05-21,,,,3.478,3.522,0.043,,1.0,19.708,,,
2014-05-22,,,,4.583,4.875,0.292,,1.0,11.625,,,
2014-05-23,,,,6.958,7.25,0.292,,1.0,17.708,,,
2014-05-24,,,,5.833,5.875,0.042,,1.0,22.292,,,
2014-05-25,,,,5.25,5.458,0.208,,1.042,36.583,,,
2014-05-26,,,,7.0,7.375,0.375,,1.042,37.542,,,
2014-05-27,,,,4.75,5.125,0.375,,1.0,14.727,,,
2014-05-28,,,,6.957,7.565,0.609,,1.609,31.125,,,
2014-05-29,,,,6.292,6.833,0.542,,1.583,40.708,,,
2014-05-30,,,,6.25,6.625,0.375,,1.208,33.292,,,
2014-05-31,,,,5.292,5.833,0.542,,1.042,42.583,,,
2014-06-01,,,,3.667,3.875,0.208,,1.083,36.333,,,
2014-06-02,,,,6.292,6.667,0.375,,1.458,42.833,,,
2014-06-03,,,,6.417,7.208,0.792,,1.0,59.167,,,
2014-06-04,,,,5.957,6.217,0.261,,1.174,56.375,,,
2014-06-05,,,,5.958,6.167,0.208,,1.0,23.292,,,
2014-06-06,,,,2.875,2.875,0.0,,1.0,11.833,,,
2014-06-07,,,,0.958,0.958,0.0,,1.0,15.5,,,
2014-06-08,,,,1.792,1.833,0.042,,1.0,13.125,,,
2014-06-09,,,,3.875,4.333,0.458,,1.125,19.292,,,
2014-06-10,,,,4.174,4.739,0.565,,1.0,19.0,,,
2014-06-11,,,,6.957,7.957,1.0,,1.0,20.417,,,
2014-06-12,,,,2.583,2.667,0.083,,1.0,10.25,,,
2014-06-13,,,,5.958,6.542,0.583,,1.042,17.5,,,
2014-06-14,,,,3.958,4.125,0.167,,1.083,16.458,,,
2014-06-15,,,,3.083,3.167,0.083,,1.083,18.375,,,
2014-06-16,,,,5.417,5.583,0.167,,1.333,24.208,,,
2014-06-17,,,,5.042,5.25,0.208,,1.208,31.333,,,
2014-06-18,,,,5.957,6.304,0.348,,1.391,41.083,,,
2014-06-19,,,,3.75,3.875,0.125,,1.083,31.167,,,
2014-06-20,,,,4.25,4.458,0.208,,1.0,27.583,,,
2014-06-21,,,,4.292,4.583,0.292,,1.25,29.833,,,
2014-06-22,,,,2.208,2.25,0.042,,1.0,22.292,,,
2014-06-23,,,,3.667,4.0,0.333,,1.0,24.375,,,
2014-06-24,,,,5.583,5.75,0.167,,1.0,22.542,,,
2014-06-25,,,,3.957,4.261,0.304,,1.0,17.667,,,
2014-06-26,,,,4.917,5.25,0.333,,1.375,20.125,,,
2014-06-27,,,,6.458,6.958,0.5,,1.167,18.417,,,
2014-06-28,,,,2.5,2.792,0.292,,1.0,12.0,,,
2014-06-29,,,,1.292,1.458,0.167,,1.0,13.167,,,
2014-06-30,,,,6.042,6.417,0.375,,1.083,18.208,,,
2014-07-01,,,,4.708,5.083,0.375,,1.167,16.583,,,
2014-07-02,,,,4.565,5.391,0.826,,1.261,23.125,,,
2014-07-03,,,,7.5,8.542,1.042,,1.667,35.25,,,
2014-07-04,,,,3.0,3.667,0.667,,1.042,15.083,,,
2014-07-05,,,,1.458,1.958,0.5,,1.0,15.708,,,
2014-07-06,,,,3.0,3.833,0.833,,1.0,22.375,,,
2014-07-07,,,,7.783,8.565,0.783,,1.0,20.792,,,
2014-07-08,,,,4.333,4.667,0.333,,1.0,18.0,,,
2014-07-09,,,,6.696,7.0,0.304,,1.0,19.625,,,
2014-07-10,,,,6.042,6.458,0.417,,0.958,20.333,,,
2014-07-11,,,,4.958,5.458,0.5,,0.958,15.75,,,
2014-07-12,,,,5.792,6.208,0.417,,1.167,22.375,,,
2014-07-13,,,,6.25,6.292,0.042,,2.042,36.375,,,
2014-07-14,,,,7.375,7.75,0.375,,1.25,39.417,,,
2014-07-15,,,,7.167,7.458,0.292,,1.125,24.167,,,
2014-07-16,,,,8.652,9.217,0.565,,1.174,34.25,,,
2014-07-17,,,,11.833,12.958,1.125,,1.0,34.125,,,
2014-07-18,,,,9.75,10.792,1.042,,1.0,17.208,,,
2014-07-19,,,,3.917,4.0,0.083,,1.0,13.625,,,
2014-07-20,,,,1.208,1.25,0.042,,1.0,13.333,,,
2014-07-21,,,,2.833,3.042,0.208,,1.0,15.458,,,
2014-07-22,,,,6.417,6.708,0.292,,1.0,35.087,,,
2014-07-23,,,,6.826,7.348,0.522,,1.043,44.542,,,
2014-07-24,,,,5.208,5.708,0.5,,1.0,48.875,,,
2014-07-25,,,,9.083,10.125,1.042,,1.083,36.25,,,
2014-07-26,,,,7.042,7.667,0.625,,1.125,44.583,,,
2014-07-27,,,,5.208,5.75,0.542,,1.0,42.875,,,
2014-07-28,,,,5.708,6.25,0.542,,1.0,19.167,,,
2014-07-29,,,,7.583,8.042,0.458,,1.208,29.625,,,
2014-07-30,,,,8.783,9.391,0.609,,1.13,42.583,,,
2014-07-31,,,,8.458,9.417,0.958,,1.0,43.375,,,
2014-08-01,,,,6.458,7.208,0.75,22.75,1.0,36.875,,,
2014-08-02,,,,3.625,4.042,0.417,15.0,1.0,25.792,,,
2014-08-03,,,,3.333,3.708,0.375,19.375,1.208,30.542,,,
2014-08-04,,,,9.417,10.292,0.875,18.458,1.0,33.792,,,
2014-08-05,,,,10.708,12.5,1.792,12.583,1.0,22.833,,,
2014-08-06,,,,12.261,13.652,1.391,15.417,1.174,29.333,,,
2014-08-07,,,,11.364,12.636,1.273,12.208,1.318,26.458,,,
2014-08-08,,,,5.167,5.542,0.375,10.792,1.0,21.583,,,
2014-08-09,,,,3.917,4.042,0.125,5.083,1.0,15.625,,,
2014-08-10,,,,1.792,1.875,0.083,4.542,1.0,21.375,,,
2014-08-11,,,,5.792,6.292,0.5,9.625,1.042,28.167,,,
2014-08-12,,,,4.0,4.25,0.25,4.917,1.0,14.583,,,
2014-08-13,,,,3.783,4.217,0.435,7.667,1.0,17.458,,,
2014-08-14,,,,4.25,4.792,0.542,18.167,1.042,30.875,,,
2014-08-15,,,,6.5,7.458,0.958,24.25,1.0,40.792,,,
2014-08-16,,,,7.125,8.292,1.167,10.792,1.0,21.458,,,
2014-08-17,,,,4.542,5.042,0.5,8.583,1.0,20.958,,,
2014-08-18,,,,9.417,11.0,1.583,14.542,1.0,30.167,,,
2014-08-19,,,,9.125,11.25,2.125,16.333,1.125,30.458,,,
2014-08-20,,,,5.0,5.348,0.348,13.708,1.0,25.0,,,
2014-08-21,,,,6.042,6.5,0.458,15.917,1.125,29.208,,,
2014-08-22,,,,8.458,8.833,0.375,21.136,1.083,33.792,,,
2014-08-23,,,,6.792,7.167,0.375,8.833,1.0,20.75,,,
2014-08-24,,,,3.417,3.875,0.458,10.167,1.0,21.375,,,
2014-08-25,,,,5.125,5.833,0.708,10.542,1.0,22.708,,,
2014-08-26,,,,3.833,3.917,0.083,8.708,1.0,20.333,,,
2014-08-27,,,,3.783,4.435,0.652,2.708,1.0,13.0,,,
2014-08-28,,,,5.458,6.208,0.75,6.083,1.0,18.292,,,
2014-08-29,,,,5.333,5.917,0.583,5.125,1.0,16.083,,,
2014-08-30,,,,2.708,3.0,0.292,4.5,1.0,15.458,,,
2014-08-31,,,,2.542,2.708,0.167,5.583,1.0,16.583,,,
2014-09-01,,,,3.458,4.042,0.583,3.875,1.0,14.958,,,
2014-09-02,,,,5.625,6.208,0.583,4.75,1.0,15.125,,,
2014-09-03,,,,8.652,9.565,0.913,6.208,1.0,17.875,,,
2014-09-04,,,,5.292,5.583,0.292,10.917,1.0,23.375,,,
2014-09-05,,,,5.913,6.522,0.609,14.864,1.0,28.667,,,
2014-09-06,,,,2.792,2.917,0.125,13.125,0.958,23.5,,,
2014-09-07,,,,1.417,1.5,0.083,5.375,1.0,15.125,,,
2014-09-08,,,,6.958,7.917,0.958,11.292,1.0,21.333,,,
2014-09-09,,,,4.333,4.417,0.083,10.875,1.0,22.042,,,
2014-09-10,,,,8.739,9.478,0.739,15.833,1.043,26.333,,,
2014-09-11,,,,4.25,4.375,0.125,6.917,1.0,17.417,,,
2014-09-12,,,,7.208,7.708,0.5,9.5,0.958,19.208,,,
2014-09-13,,,,2.917,2.958,0.042,7.792,0.958,19.625,,,
2014-09-14,,,,2.0,2.0,0.0,4.833,1.0,14.167,,,
2014-09-15,,,,3.542,3.542,0.0,10.167,1.0,20.125,,,
2014-09-16,,,,6.333,6.542,0.208,17.292,1.0,30.208,,,
2014-09-17,,,,5.696,6.087,0.391,10.083,1.0,20.458,,,
2014-09-18,,,,3.167,3.417,0.25,7.083,1.0,17.042,,,
2014-09-19,,,,3.917,4.042,0.125,8.167,1.0,18.0,,,
2014-09-20,,,,4.0,4.25,0.25,8.167,1.0,15.25,,,
2014-09-21,,,,2.25,2.25,0.0,12.208,1.0,19.833,,,
2014-09-22,,,,4.583,4.708,0.125,14.783,1.0,23.955,,,
2014-09-23,,,,3.0,3.083,0.083,14.125,0.958,19.708,,,
2014-09-24,,,,6.435,6.652,0.217,18.75,1.0,29.583,,,
2014-09-25,,,,7.167,7.5,0.333,7.333,0.958,18.708,,,
2014-09-26,,,,5.792,6.167,0.375,6.083,1.0,16.292,,,
2014-09-27,,,,2.792,2.792,0.0,8.292,1.0,19.167,,,
2014-09-28,,,,2.125,2.125,0.0,9.75,0.875,17.75,,,
2014-09-29,,,,8.333,8.958,0.625,17.167,0.917,26.417,,,
2014-09-30,,,,9.333,10.167,0.833,18.167,1.0,27.833,,,
2014-10-01,,,,3.696,3.696,0.0,13.208,0.957,21.458,,,
2014-10-02,,,,7.292,7.875,0.583,16.708,0.958,26.25,,,
2014-10-03,,,,5.917,6.208,0.292,20.083,1.0,30.583,,,
2014-10-04,,,,4.667,4.708,0.042,11.875,0.958,21.208,,,
2014-10-05,,,,2.292,2.292,0.0,5.875,0.958,15.042,,,
2014-10-06,,,,3.417,3.583,0.167,1.667,0.917,10.125,,,
2014-10-07,,,,5.417,5.5,0.083,4.333,1.0,14.542,,,
2014-10-08,,,,5.55,5.65,0.1,8.591,0.857,18.292,,,
2014-10-09,,,,5.667,5.708,0.042,12.208,0.792,19.792,,,
2014-10-10,,,,7.125,7.292,0.167,17.0,0.542,27.0,,,
2014-10-11,,,,4.75,4.833,0.083,19.458,0.583,25.667,,,
2014-10-12,,,,3.75,3.75,0.0,17.042,0.833,24.792,,,
2014-10-13,,,,3.625,3.667,0.042,15.417,0.125,17.833,,,
2014-10-14,,,,3.667,3.917,0.25,2.792,0.208,13.583,,,
2014-10-15,,,,7.043,7.696,0.652,5.875,0.391,15.083,,,
2014-10-16,,,,5.833,5.875,0.042,6.833,0.292,15.708,,,
2014-10-17,,,,5.333,5.542,0.208,7.875,0.375,15.417,,,
2014-10-18,,,,4.833,4.917,0.083,10.542,0.333,16.042,,,
2014-10-19,,,,4.333,4.333,0.0,14.583,0.375,20.208,,,
2014-10-20,,,,5.667,5.833,0.167,13.333,0.292,21.0,,,
2014-10-21,,,,12.125,13.083,0.958,17.208,0.292,24.083,,,
2014-10-22,,,,4.261,4.348,0.087,4.583,0.304,13.542,,,
2014-10-23,,,,4.667,5.083,0.417,8.174,0.125,16.667,,,
2014-10-24,,,,4.958,5.625,0.667,11.292,0.25,16.583,,,
2014-10-25,,,,5.25,5.667,0.417,14.042,0.292,20.833,,,
2014-10-26,,,,3.75,4.042,0.292,15.917,0.375,21.25,,,
2014-10-27,,,,4.333,4.75,0.417,7.292,0.25,16.292,,,
2014-10-28,,,,4.333,4.583,0.25,5.542,0.208,12.75,,,
2014-10-29,,,,5.957,6.261,0.304,11.292,0.261,17.75,,,
2014-10-30,,,,6.625,6.958,0.333,20.292,0.833,26.417,,,
2014-10-31,,,,8.833,9.5,0.667,27.292,0.708,31.042,,,
2014-11-01,,,,4.375,4.833,0.458,11.75,0.125,16.542,,,
2014-11-02,,,,3.708,4.292,0.583,6.417,0.167,14.917,,,
2014-11-03,,,,3.625,3.625,0.0,3.25,0.083,11.667,,,
2014-11-04,,,,4.667,5.042,0.375,4.792,0.417,12.125,,,
2014-11-05,,,,5.609,6.13,0.522,9.0,0.565,14.625,,,
2014-11-06,,,,5.042,5.75,0.708,6.167,0.667,13.25,,,
2014-11-07,,,,4.875,5.333,0.458,9.792,0.542,18.0,,,
2014-11-08,,,,7.042,7.417,0.375,14.667,0.583,22.208,,,
2014-11-09,,,,3.5,3.875,0.375,12.833,0.208,18.417,,,
2014-11-10,,,,6.042,7.458,1.417,8.0,0.333,13.917,,,
2014-11-11,,,,4.364,4.545,0.182,11.826,0.727,16.417,,,
2014-11-12,,,,10.13,11.783,1.652,14.917,1.0,20.542,,,
2014-11-13,,,,3.375,3.958,0.583,4.833,1.0,13.292,,,
2014-11-14,,,,5.083,5.167,0.083,4.667,1.042,10.833,,,
2014-11-15,,,,3.75,4.0,0.25,3.167,1.0,11.333,,,
2014-11-16,,,,2.375,2.375,0.0,5.292,1.0,13.583,,,
2014-11-17,,,,6.708,7.167,0.458,10.083,1.125,16.375,,,
2014-11-18,,,,6.292,6.708,0.417,7.667,1.208,14.5,,,
2014-11-19,,,,8.609,9.913,1.304,5.708,1.0,13.292,,,
2014-11-20,,,,9.292,10.375,1.083,11.043,1.0,15.478,,,
2014-11-21,,,,7.833,9.042,1.208,8.375,1.0,14.583,,,
2014-11-22,,,,5.125,5.333,0.208,8.375,1.083,14.375,,,
2014-11-23,,,,3.792,3.792,0.0,7.125,1.083,13.292,,,
2014-11-24,,,,4.208,4.208,0.0,13.958,1.0,19.5,,,
2014-11-25,,,,4.833,5.292,0.458,9.708,1.0,15.833,,,
2014-11-26,,,,2.0,2.217,0.217,1.208,1.0,8.833,,,
2014-11-27,,,,4.75,5.75,1.0,3.667,1.0,13.083,,,
2014-11-28,,,,11.292,15.458,4.167,7.75,1.042,13.333,,,
2014-11-29,,,,9.75,13.667,3.917,11.0,1.0,14.0,,,
2014-11-30,,,,3.583,4.542,0.958,5.583,1.0,11.125,,,
2014-12-01,,,,7.375,10.0,2.625,4.417,1.0,11.083,,,
2014-12-02,,,,1.708,1.917,0.208,1.792,1.042,8.542,,,
2014-12-03,,,,4.13,4.652,0.522,3.333,1.174,10.667,,,
2014-12-04,,,,13.875,15.833,1.958,11.292,1.083,15.708,,,
2014-12-05,,,,5.0,6.182,1.182,2.913,0.818,11.583,,,
2014-12-06,,,,4.833,5.292,0.458,3.083,0.208,8.583,,,
2014-12-07,,,,4.208,4.333,0.125,4.5,0.167,9.333,,,
2014-12-08,,,,11.917,14.542,2.625,6.083,0.292,12.542,,,
2014-12-09,,,,9.292,10.458,1.167,6.375,0.583,12.958,,,
2014-12-10,,,,11.261,13.13,1.87,7.917,0.391,13.5,,,
2014-12-11,,,,17.417,29.583,12.167,21.125,0.625,24.208,,,
2014-12-12,,,,14.875,20.833,5.958,9.042,0.833,14.833,,,
2014-12-13,,,,5.375,6.208,0.833,4.917,0.667,9.292,,,
2014-12-14,,,,4.875,5.25,0.375,3.875,0.333,9.375,,,
2014-12-15,,,,9.583,11.708,2.125,4.625,0.417,9.875,,,
2014-12-16,,,,7.792,8.625,0.833,8.875,0.333,13.875,,,
2014-12-17,,,,2.696,3.217,0.522,1.167,0.478,7.792,,,
2014-12-18,,,,5.958,7.0,1.042,1.696,0.792,9.625,,,
2014-12-19,,,,10.708,13.25,2.542,6.5,0.375,10.917,,,
2014-12-20,,,,15.5,20.542,5.042,15.375,0.417,18.833,,,
2014-12-21,,,,9.667,11.958,2.292,6.75,0.333,12.542,,,
2014-12-22,,,,6.083,7.0,0.917,2.792,0.625,9.5,,,
2014-12-23,,,,9.458,10.875,1.417,5.792,0.583,11.5,,,
2014-12-24,,,,18.783,26.348,7.565,13.292,0.609,18.292,,,
2014-12-25,,,,8.042,9.542,1.5,4.542,0.875,11.792,,,
2014-12-26,,,,5.542,7.0,1.458,3.208,0.625,9.667,,,
2014-12-27,,,,7.833,8.417,0.583,7.042,0.375,12.292,,,
2014-12-28,,,,6.042,6.333,0.292,9.958,0.292,14.583,,,
2014-12-29,,,,5.167,5.75,0.583,8.917,0.125,13.083,,,
2014-12-30,,,,4.833,5.708,0.875,8.583,0.417,13.667,,,
2014-12-31,,,,5.261,6.0,0.739,12.0,0.522,17.917,,,
2015-01-01,,,,3.083,3.083,0.0,3.5,1.0,11.583,,,
2015-01-02,,,,4.348,4.522,0.174,4.583,1.042,11.333,,,
2015-01-03,,,,5.958,6.667,0.708,10.208,1.042,14.75,,,
2015-01-04,,,,8.833,9.667,0.833,11.583,1.25,18.458,,,
2015-01-05,,,,11.375,12.667,1.292,14.25,1.174,20.667,,,
2015-01-06,,,,10.783,13.783,3.0,6.609,1.174,11.652,,,
2015-01-07,,,,12.167,14.875,2.708,4.792,1.083,14.25,,,
2015-01-08,,,,11.417,12.792,1.375,6.833,1.208,12.833,,,
2015-01-09,,,,6.826,7.261,0.435,6.208,1.0,12.833,,,
2015-01-10,,,,3.292,3.417,0.125,6.0,1.042,11.0,,,
2015-01-11,,,,4.167,4.333,0.167,3.125,1.042,12.042,,,
2015-01-12,,,,12.455,14.773,2.318,11.458,1.19,16.045,,,
2015-01-13,,,,13.75,16.958,3.208,12.792,1.5,14.958,,,
2015-01-14,,,,12.292,15.333,3.042,7.917,1.708,13.042,,,
2015-01-15,,,,8.958,10.125,1.167,7.833,1.542,14.25,,,
2015-01-16,,,,7.261,7.348,0.087,5.833,1.375,12.917,,,
2015-01-17,,,,5.875,5.875,0.0,7.542,1.375,13.435,,,
2015-01-18,,,,5.292,5.292,0.0,1.5,1.0,12.292,,,
2015-01-19,,,,4.875,4.917,0.042,1.917,1.565,8.667,,,
2015-01-20,,,,9.583,10.792,1.208,2.5,1.625,10.727,,,
2015-01-21,,,,11.333,12.125,0.792,3.625,1.083,13.125,,,
2015-01-22,,,,8.458,8.833,0.375,2.583,1.125,10.958,,,
2015-01-23,,,,7.783,8.174,0.391,7.125,1.208,13.545,,,
2015-01-24,,,,4.042,4.208,0.167,6.375,1.125,12.8,,,
2015-01-25,,,,4.083,4.208,0.125,2.571,1.208,12.0,,,
2015-01-26,,,,8.083,8.5,0.417,3.958,1.304,11.5,,,
2015-01-27,,,,15.792,18.542,2.75,11.167,1.292,16.458,,,
2015-01-28,,,,11.917,13.125,1.208,10.375,1.5,18.125,,,
2015-01-29,,,,11.5,12.667,1.167,10.667,1.292,18.0,,,
2015-01-30,,,,4.957,4.957,0.0,3.292,1.042,11.458,,,
2015-01-31,,,,5.833,6.375,0.542,8.875,1.083,16.125,,,
2015-02-01,,,,12.833,14.583,1.75,8.917,1.417,16.833,,,
2015-02-02,,,,9.375,11.292,1.917,5.292,1.174,13.583,,,
2015-02-03,,,,12.292,13.75,1.458,4.458,1.208,13.5,,,
2015-02-04,,,,13.375,15.292,1.917,7.375,1.542,14.708,,,
2015-02-05,,,,15.435,17.87,2.435,11.826,1.409,16.875,,,
2015-02-06,,,,5.826,5.87,0.043,10.167,1.292,16.75,,,
2015-02-07,,,,3.417,3.417,0.0,5.0,1.0,12.917,,,
2015-02-08,,,,12.417,14.667,2.25,6.042,1.333,15.208,,,
2015-02-09,,,,10.0,14.375,4.375,11.792,1.609,17.333,,,
2015-02-10,,,,9.5,10.667,1.167,5.167,1.125,14.625,,,
2015-02-11,,,,4.318,4.364,0.045,8.727,1.136,14.409,,,
2015-02-12,,,,15.375,17.75,2.375,12.083,1.5,19.625,,,
2015-02-13,,,,10.261,10.391,0.13,16.625,1.375,23.25,,,
2015-02-14,,,,6.583,7.167,0.583,4.875,1.083,14.417,,,
2015-02-15,,,,9.667,11.292,1.625,2.792,1.042,11.333,,,
2015-02-16,,,,14.542,16.375,1.833,8.375,1.348,14.125,,,
2015-02-17,,,,8.083,10.75,2.667,5.542,1.208,12.25,,,
2015-02-18,,,,13.042,14.417,1.375,8.083,1.333,16.458,,,
2015-02-19,,,,11.125,13.875,2.75,10.958,1.375,15.667,,,
2015-02-20,,,,5.261,5.261,0.0,8.667,1.125,17.333,,,
2015-02-21,,,,3.333,3.625,0.292,4.042,1.0,13.542,,,
2015-02-22,,,,11.125,12.5,1.375,2.364,1.0,11.636,,,
2015-02-23,,,,12.333,13.542,1.208,18.0,0.625,22.857,,,
2015-02-24,,,,11.792,13.417,1.625,8.125,0.583,15.5,,,
2015-02-25,,,,7.0,7.792,0.792,4.458,0.458,13.708,,,
2015-02-26,,,,8.792,9.875,1.083,5.375,0.652,15.083,,,
2015-02-27,,,,8.348,8.739,0.391,12.458,0.913,18.667,,,
2015-02-28,,,,4.167,4.292,0.125,10.875,0.778,16.25,,,
2015-03-01,,,,8.667,9.667,1.0,2.75,0.042,14.0,,,
2015-03-02,,,,7.625,8.458,0.833,5.083,0.458,11.917,,,
2015-03-03,,,,9.167,10.292,1.125,10.208,0.292,16.417,,,
2015-03-04,,,,12.583,13.667,1.083,21.042,0.583,27.0,,,
2015-03-05,,,,8.522,9.217,0.696,20.375,0.75,27.708,,,
2015-03-06,,,,6.75,6.917,0.167,18.042,0.583,27.208,,,
2015-03-07,,,,8.957,9.739,0.783,11.667,0.13,19.167,,,
2015-03-08,,,,9.833,11.583,1.75,8.667,0.208,20.833,,,
2015-03-09,,,,8.417,9.125,0.708,5.083,0.0,13.75,,,
2015-03-10,,,,8.458,9.125,0.667,7.917,0.333,17.667,,,
2015-03-11,,,,11.25,12.917,1.667,10.5,0.542,19.5,,,
2015-03-12,,,,4.087,4.087,0.0,7.583,0.417,14.917,,,
2015-03-13,,,,4.25,4.25,0.0,8.875,0.583,15.75,,,
2015-03-14,,,,5.542,5.833,0.292,6.667,0.083,15.083,,,
2015-03-15,,,,6.5,7.083,0.583,7.833,0.333,15.708,,,
2015-03-16,,,,13.667,15.333,1.667,8.375,0.542,16.458,,,
2015-03-17,,,,13.917,15.25,1.333,11.708,0.708,22.708,,,
2015-03-18,,,,12.917,13.542,0.625,17.957,0.727,27.292,,,
2015-03-19,,,,6.565,6.826,0.261,10.75,0.125,20.333,,,
2015-03-20,,,,3.708,3.833,0.125,16.042,0.375,27.542,,,
2015-03-21,,,,4.125,4.125,0.0,8.625,0.542,15.333,,,
2015-03-22,,,,10.625,11.458,0.833,9.042,0.708,17.875,,,
2015-03-23,,,,9.958,11.083,1.125,12.458,0.542,19.083,,,
2015-03-24,,,,6.417,6.958,0.542,5.208,0.125,12.375,,,
2015-03-25,,,,5.083,5.625,0.542,2.5,0.304,10.542,,,
2015-03-26,,,,8.261,8.783,0.522,8.5,0.792,16.958,,,
2015-03-27,,,,4.5,4.625,0.125,5.958,0.917,14.458,,,
2015-03-28,,,,9.708,10.458,0.75,9.167,0.708,16.0,,,
2015-03-29,,,,9.833,10.417,0.583,12.208,0.792,20.5,,,
2015-03-30,,,,9.542,9.625,0.083,15.833,0.957,21.833,,,
2015-03-31,,,,6.333,6.417,0.083,12.458,0.9,21.458,,,
2015-04-01,,,,6.565,6.609,0.043,24.708,2.75,34.667,,,
2015-04-02,,,,8.083,8.375,0.292,9.292,1.792,17.833,,,
2015-04-03,,,,11.542,13.0,1.458,11.292,1.917,18.0,,,
2015-04-04,,,,4.917,4.917,0.0,5.958,1.792,14.667,,,
2015-04-05,,,,5.458,5.458,0.0,9.917,1.875,19.783,,,
2015-04-06,,,,7.042,8.167,1.125,8.5,1.792,15.042,,,
2015-04-07,,,,6.0,6.043,0.043,1.667,1.5,10.364,,,
2015-04-08,,,,6.217,6.348,0.13,8.875,1.583,15.208,,,
2015-04-09,,,,5.125,5.25,0.125,8.875,1.958,18.375,,,
2015-04-10,,,,7.667,8.0,0.333,9.542,1.875,17.125,,,
2015-04-11,,,,4.417,4.5,0.083,2.958,1.75,13.917,,,
2015-04-12,,,,3.333,3.375,0.042,7.208,1.75,14.583,,,
2015-04-13,,,,4.458,4.542,0.083,6.75,1.708,16.417,,,
2015-04-14,,,,10.708,11.958,1.25,3.292,1.913,11.625,,,
2015-04-15,,,,8.783,9.13,0.348,4.292,1.958,13.208,,,
2015-04-16,,,,8.25,8.625,0.375,10.583,2.0,18.458,,,
2015-04-17,,,,6.25,6.417,0.167,17.652,2.25,29.875,,,
2015-04-18,,,,5.875,6.042,0.167,14.417,2.042,28.739,,,
2015-04-19,,,,4.792,4.792,0.0,17.125,2.125,30.842,,,
2015-04-20,,,,8.875,9.583,0.708,15.042,2.0,24.917,,,
2015-04-21,,,,8.292,9.125,0.833,4.167,2.087,14.652,,,
2015-04-22,,,,8.217,9.0,0.783,13.625,2.417,23.708,,,
2015-04-23,,,,7.708,8.083,0.375,19.0,2.333,29.364,,,
2015-04-24,,,,8.25,8.25,0.0,18.792,2.625,27.125,,,
2015-04-25,,,,5.917,5.917,0.0,20.417,2.333,29.364,,,
2015-04-26,,,,4.875,4.875,0.0,17.667,2.333,29.077,,,
2015-04-27,,,,9.708,9.792,0.083,23.833,2.708,35.15,,,
2015-04-28,,,,9.042,9.042,0.0,24.75,2.565,32.292,,,
2015-04-29,,,,5.304,5.348,0.043,22.75,2.583,30.917,,,
2015-04-30,,,,4.708,4.708,0.0,10.375,2.042,18.958,,,
2015-05-01,,,,5.042,5.083,0.042,11.125,2.292,19.458,,,
2015-05-02,,,,4.708,4.708,0.0,15.5,2.458,24.958,,,
2015-05-03,,,,3.083,3.083,0.0,12.25,2.417,19.667,,,
2015-05-04,,,,3.542,3.542,0.0,9.792,2.25,18.625,,,
2015-05-05,,,,2.042,2.042,0.0,8.458,2.043,18.208,,,
2015-05-06,,,,4.609,4.652,0.043,13.708,2.792,24.5,,,
2015-05-07,,,,6.458,6.583,0.125,16.292,2.292,26.417,,,
2015-05-08,,,,7.083,7.292,0.208,17.625,2.5,30.042,,,
2015-05-09,,,,5.125,5.25,0.125,18.958,2.333,27.542,,,
2015-05-10,,,,2.125,2.167,0.042,8.583,2.0,18.25,,,
2015-05-11,,,,5.0,5.0,0.0,9.083,2.333,15.417,,,
2015-05-12,,,,6.273,6.409,0.136,12.857,1.762,22.792,,,
2015-05-13,,,,5.0,5.391,0.391,8.125,1.417,17.167,,,
2015-05-14,,,,6.583,6.958,0.375,19.917,1.708,27.625,,,
2015-05-15,,,,8.708,9.333,0.625,24.083,2.0,34.5,,,
2015-05-16,,,,6.042,6.708,0.667,25.917,1.417,36.833,,,
2015-05-17,,,,2.708,2.833,0.125,16.25,1.25,22.458,,,
2015-05-18,,,,4.917,5.333,0.417,14.958,1.458,23.042,,,
2015-05-19,,,,4.167,4.5,0.333,11.333,1.043,19.958,,,
2015-05-20,,,,4.739,5.087,0.348,12.292,1.125,19.833,,,
2015-05-21,,,,3.667,3.708,0.042,10.917,1.125,18.875,,,
2015-05-22,,,,8.167,8.292,0.125,11.875,1.625,20.375,,,
2015-05-23,,,,6.292,6.292,0.0,17.25,1.917,24.708,,,
2015-05-24,,,,5.667,5.667,0.0,20.583,1.792,28.167,,,
2015-05-25,,,,6.375,6.458,0.083,16.783,1.583,22.783,,,
2015-05-26,,,,5.792,5.792,0.0,14.292,1.609,20.458,,,
2015-05-27,,,,7.13,7.261,0.13,19.292,1.958,27.708,,,
2015-05-28,,,,5.333,5.333,0.0,24.125,2.208,30.667,,,
2015-05-29,,,,4.833,4.833,0.0,14.208,1.333,24.458,,,
2015-05-30,,,,3.375,3.375,0.0,10.958,1.417,22.958,,,
2015-05-31,,,,2.625,2.625,0.0,12.458,1.083,21.208,,,
2015-06-01,,,,6.333,6.417,0.083,12.111,1.583,22.5,,,
2015-06-02,,,,8.792,8.875,0.083,18.333,1.783,26.708,,,
2015-06-03,,,,8.739,9.696,0.957,21.208,1.375,31.75,,,
2015-06-04,,,,4.875,5.5,0.625,4.125,1.333,13.458,,,
2015-06-05,,,,6.455,6.682,0.227,8.0,1.143,17.273,,,
2015-06-06,,,,3.478,3.565,0.087,4.478,1.0,13.957,,,
2015-06-07,,,,3.292,3.333,0.042,8.958,1.083,19.0,,,
2015-06-08,,,,5.25,5.708,0.458,7.5,1.0,18.25,,,
2015-06-09,,,,4.458,4.917,0.458,4.333,1.0,16.042,,,
2015-06-10,,,,6.478,7.13,0.652,8.667,,16.542,,,
2015-06-11,,,,6.25,6.583,0.333,10.333,1.25,21.25,,,
2015-06-12,,,,6.0,6.208,0.208,13.917,0.923,29.875,,,
2015-06-13,,,,6.417,6.833,0.417,20.375,1.0,35.292,,,
2015-06-14,,,,4.708,4.958,0.25,22.833,0.958,38.333,,,
2015-06-15,,,,5.167,5.458,0.292,23.0,0.875,35.292,,,
2015-06-16,,,,4.958,5.25,0.292,21.583,1.043,31.042,,,
2015-06-17,,,,4.435,4.478,0.043,15.542,1.0,27.75,,,
2015-06-18,,,,3.958,4.083,0.125,6.391,1.0,20.5,,,
2015-06-19,,,,2.417,2.417,0.0,4.583,0.792,16.958,,,
2015-06-20,,,,2.167,2.167,0.0,5.917,0.875,15.583,,,
2015-06-21,,,,4.917,4.917,0.0,8.417,0.833,21.833,,,
2015-06-22,,,,4.458,4.542,0.083,9.667,0.917,18.958,,,
2015-06-23,,,,4.917,5.292,0.375,12.833,0.957,25.667,,,
2015-06-24,,,,6.043,6.087,0.043,13.667,0.958,24.917,,,
2015-06-25,,,,5.208,5.208,0.0,17.125,1.0,30.083,,,
2015-06-26,,,,6.167,6.208,0.042,7.458,0.958,19.292,,,
2015-06-27,,,,3.0,3.0,0.0,2.375,0.913,10.875,,,
2015-06-28,,,,3.25,3.25,0.0,5.083,0.952,15.208,,,
2015-06-29,,,,4.958,5.0,0.042,9.625,1.0,17.25,,,
2015-06-30,,,,9.0,9.208,0.208,12.167,1.0,22.458,,,
2015-07-01,,,,6.391,6.435,0.043,5.583,1.0,16.292,,,
2015-07-02,,,,5.292,5.625,0.333,8.083,1.0,20.708,,,
2015-07-03,,,,6.167,6.458,0.292,10.917,1.0,22.5,,,
2015-07-04,,,,3.792,3.833,0.042,10.375,1.0,23.375,,,
2015-07-05,,,,3.042,3.042,0.0,11.625,1.0,21.458,,,
2015-07-06,,,,7.458,7.5,0.042,10.708,1.0,21.708,,,
2015-07-07,,,,7.043,7.522,0.478,10.0,1.0,22.5,,,
2015-07-08,,,,6.043,6.174,0.13,13.917,1.0,26.333,,,
2015-07-09,,,,5.833,5.833,0.0,9.583,0.958,20.917,,,
2015-07-10,,,,6.25,6.292,0.042,12.833,1.0,25.875,,,
2015-07-11,,,,4.792,4.792,0.0,18.708,1.0,29.042,,,
2015-07-12,,,,3.5,3.5,0.0,24.542,1.292,34.167,,,
2015-07-13,,,,8.625,8.958,0.333,23.958,1.042,38.083,,,
2015-07-14,,,,9.958,10.917,0.958,13.792,1.087,24.583,,,
2015-07-15,,,,9.348,11.0,1.652,10.25,1.208,22.25,,,
2015-07-16,,,,6.458,6.958,0.5,2.417,1.0,14.583,,,
2015-07-17,,,,4.833,6.042,1.208,6.0,1.0,23.042,,,
2015-07-18,,,,2.75,3.375,0.625,7.083,1.0,20.583,,,
2015-07-19,,,,2.125,2.208,0.083,9.542,1.0,21.958,,,
2015-07-20,,,,2.167,2.167,0.0,13.625,1.0,27.542,,,
2015-07-21,,,,9.167,9.583,0.417,19.958,1.174,37.0,,,
2015-07-22,,,,10.043,11.043,1.0,12.13,1.364,25.167,,,
2015-07-23,,,,7.667,8.542,0.875,10.0,1.25,21.75,,,
2015-07-24,,,,5.917,6.458,0.542,7.958,1.292,18.208,,,
2015-07-25,,,,4.042,4.208,0.167,15.667,1.25,34.375,,,
2015-07-26,,,,3.458,3.458,0.0,23.375,1.667,36.25,,,
2015-07-27,,,,9.042,9.375,0.333,24.235,1.75,35.292,,,
2015-07-28,,,,6.917,7.583,0.667,22.75,1.609,40.25,,,
2015-07-29,,,,6.391,7.217,0.826,17.583,1.542,31.292,,,
2015-07-30,,,,4.217,4.609,0.391,16.609,1.522,32.957,,,
2015-07-31,,,,5.333,5.875,0.542,22.125,1.75,37.25,,,
2015-08-01,,,,4.167,4.625,0.458,34.083,1.708,56.792,,,
2015-08-02,,,,3.292,3.625,0.333,31.083,1.542,53.75,,,
2015-08-03,,,,6.625,7.458,0.833,30.25,1.583,47.875,,,
2015-08-04,,,,5.542,6.083,0.542,29.333,1.522,48.25,,,
2015-08-05,,,,7.13,7.609,0.478,24.458,1.542,40.625,,,
2015-08-06,,,,5.667,5.833,0.167,19.583,1.667,35.333,,,
2015-08-07,,,,6.87,7.0,0.13,29.13,1.826,42.0,,,
2015-08-08,,,,3.333,3.375,0.042,25.958,1.417,44.417,,,
2015-08-09,,,,2.25,2.333,0.083,8.458,1.208,23.458,,,
2015-08-10,,,,5.958,7.042,1.083,8.958,1.125,21.958,,,
2015-08-11,,,,4.958,5.625,0.667,5.042,1.087,20.833,,,
2015-08-12,,,,4.13,4.609,0.478,11.375,1.0,23.833,,,
2015-08-13,,,,1.75,1.75,0.0,6.958,1.0,19.75,,,
2015-08-14,,,,1.792,1.875,0.083,2.833,1.0,15.333,,,
2015-08-15,,,,1.667,1.667,0.0,6.333,1.0,19.625,,,
2015-08-16,,,,1.333,1.417,0.083,7.708,1.0,22.042,,,
2015-08-17,,,,5.25,6.292,1.042,4.875,1.0,17.5,,,
2015-08-18,,,,5.792,6.208,0.417,7.5,1.087,19.5,,,
2015-08-19,,,,8.565,9.261,0.696,7.917,1.167,20.375,,,
2015-08-20,,,,5.5,5.75,0.25,9.208,1.083,23.458,,,
2015-08-21,,,,3.333,3.5,0.167,10.783,1.0,23.304,,,
2015-08-22,,,,3.917,4.25,0.333,17.083,1.0,32.083,,,
2015-08-23,,,,1.042,1.042,0.0,2.625,1.0,13.708,,,
2015-08-24,,,,2.292,2.292,0.0,4.833,1.0,12.625,,,
2015-08-25,,,,3.125,3.167,0.042,4.167,1.0,15.875,,,
2015-08-26,,,,1.522,1.739,0.217,1.542,1.0,12.375,,,
2015-08-27,,,,2.25,2.625,0.375,1.917,1.0,11.083,,,
2015-08-28,,,,2.208,2.542,0.333,3.042,1.0,14.083,,,
2015-08-29,,,,1.583,1.75,0.167,2.833,1.0,14.625,,,
2015-08-30,,,,1.5,1.583,0.083,0.5,1.0,11.5,,,
2015-08-31,,,,5.167,5.917,0.75,4.667,1.0,15.583,,,
2015-09-01,,,,8.708,9.833,1.125,10.083,1.043,26.167,,,
2015-09-02,,,,6.304,7.913,1.609,8.958,1.042,18.958,,,
2015-09-03,,,,8.5,9.208,0.708,9.917,1.125,21.708,,,
2015-09-04,,,,7.083,7.5,0.417,12.5,1.042,25.167,,,
2015-09-05,,,,3.708,3.708,0.0,10.208,1.125,19.458,,,
2015-09-06,,,,3.083,3.083,0.0,9.625,1.0,22.708,,,
2015-09-07,,,,2.545,2.545,0.0,3.042,1.045,13.292,,,
2015-09-08,,,,1.917,1.917,0.0,0.292,1.043,10.667,,,
2015-09-09,,,,5.565,7.087,1.522,1.708,1.042,14.208,,,
2015-09-10,,,,4.417,4.917,0.5,1.417,1.083,12.5,,,
2015-09-11,,,,4.167,4.917,0.75,4.875,1.125,16.167,,,
2015-09-12,,,,4.042,4.292,0.25,9.833,1.375,18.75,,,
2015-09-13,,,,4.167,4.208,0.042,12.167,1.583,25.542,,,
2015-09-14,,,,4.625,4.833,0.208,6.333,1.292,17.0,,,
2015-09-15,,,,7.792,8.458,0.667,8.917,1.783,18.042,,,
2015-09-16,,,,7.565,7.913,0.348,10.625,1.667,20.458,,,
2015-09-17,,,,3.208,3.333,0.125,5.458,1.042,13.417,,,
2015-09-18,,,,4.958,5.375,0.417,4.522,1.125,13.458,,,
2015-09-19,,,,2.917,3.083,0.167,7.292,1.292,12.167,,,
2015-09-20,,,,1.917,1.958,0.042,3.667,1.042,13.0,,,
2015-09-21,,,,2.417,2.458,0.042,8.083,1.375,16.25,,,
2015-09-22,,,,2.875,2.917,0.042,11.667,1.261,19.417,,,
2015-09-23,,,,3.043,3.043,0.0,15.208,1.333,21.5,,,
2015-09-24,,,,5.417,5.458,0.042,15.625,1.375,23.208,,,
2015-09-25,,,,4.292,4.292,0.0,6.458,1.083,16.25,,,
2015-09-26,,,,3.917,4.042,0.125,3.417,1.042,13.458,,,
2015-09-27,,,,2.375,2.375,0.0,8.375,1.083,17.292,,,
2015-09-28,,,,4.75,4.875,0.125,12.75,1.417,22.25,,,
2015-09-29,,,,4.292,4.292,0.0,8.167,1.348,15.708,,,
2015-09-30,,,,4.435,4.826,0.391,7.333,1.042,15.292,,,
2015-10-01,,,,8.208,8.792,0.583,9.875,1.292,21.333,,,
2015-10-02,,,,5.042,5.875,0.833,5.417,1.167,15.917,,,
2015-10-03,,,,3.375,3.625,0.25,11.833,1.417,21.333,,,
2015-10-04,,,,2.375,2.417,0.042,10.042,1.417,18.667,,,
2015-10-05,,,,4.958,5.458,0.5,7.75,1.167,16.583,,,
2015-10-06,,,,3.75,4.125,0.375,7.292,1.217,15.125,,,
2015-10-07,,,,2.909,2.909,0.0,4.435,1.174,13.182,,,
2015-10-08,,,,3.375,3.583,0.208,5.833,1.083,13.417,,,
2015-10-09,,,,5.542,5.875,0.333,12.042,1.25,22.208,,,
2015-10-10,,,,5.833,6.0,0.167,36.625,1.375,47.833,,,
2015-10-11,,,,5.417,5.875,0.458,26.417,1.042,32.25,,,
2015-10-12,,,,2.208,2.375,0.167,10.042,1.333,18.583,,,
2015-10-13,,,,5.042,5.417,0.375,8.417,1.522,17.167,,,
2015-10-14,,,,4.783,5.043,0.261,7.042,1.167,15.292,,,
2015-10-15,,,,5.667,6.083,0.417,13.375,1.292,21.292,,,
2015-10-16,,,,5.125,5.458,0.333,13.125,1.167,21.375,,,
2015-10-17,,,,3.833,4.083,0.25,9.833,1.083,16.958,,,
2015-10-18,,,,3.5,3.708,0.208,12.708,1.125,21.417,,,
2015-10-19,,,,4.75,5.25,0.5,15.5,1.292,25.542,,,
2015-10-20,,,,6.667,7.125,0.458,27.652,1.522,37.875,,,
2015-10-21,,,,6.652,7.174,0.522,21.042,1.167,28.792,,,
2015-10-22,,,,6.478,7.0,0.522,18.261,1.391,27.043,,,
2015-10-23,,,,6.917,7.625,0.708,12.792,1.333,22.5,,,
2015-10-24,,,,6.208,6.667,0.458,26.292,1.333,33.625,,,
2015-10-25,,,,2.458,2.5,0.042,6.333,1.125,15.958,,,
2015-10-26,,,,5.25,5.75,0.5,8.125,1.333,16.958,,,
2015-10-27,,,,10.167,10.958,0.792,18.375,1.435,25.583,,,
2015-10-28,,,,5.087,5.348,0.261,8.625,1.333,15.583,,,
2015-10-29,,,,7.375,7.917,0.542,10.5,1.333,21.667,,,
2015-10-30,,,,6.542,7.125,0.583,13.958,1.458,22.292,,,
2015-10-31,,,,4.708,4.958,0.25,7.875,1.125,15.25,,,
2015-11-01,,,,2.708,2.792,0.083,12.125,1.042,17.375,,,
2015-11-02,,,,5.833,6.25,0.417,10.125,1.042,16.5,,,
2015-11-03,,,,3.0,3.167,0.167,4.542,1.043,13.958,,,
2015-11-04,,,,5.609,5.87,0.261,3.792,1.167,14.208,,,
2015-11-05,,,,7.958,8.542,0.583,9.625,1.208,17.0,,,
2015-11-06,,,,6.583,6.708,0.125,11.625,1.292,20.333,,,
2015-11-07,,,,5.542,5.625,0.083,16.5,1.25,23.958,,,
2015-11-08,,,,5.292,5.375,0.083,17.292,1.375,24.708,,,
2015-11-09,,,,7.917,9.167,1.25,9.125,1.208,17.583,,,
2015-11-10,,,,6.273,6.864,0.591,3.125,1.143,12.478,,,
2015-11-11,,,,6.609,7.348,0.739,5.083,1.417,16.792,,,
2015-11-12,,,,4.75,5.333,0.583,3.583,1.5,12.542,,,
2015-11-13,,,,5.583,6.375,0.792,8.417,1.292,15.625,,,
2015-11-14,,,,3.5,3.958,0.458,3.875,1.208,12.792,,,
2015-11-15,,,,3.917,4.667,0.75,3.292,1.125,12.708,,,
2015-11-16,,,,7.542,8.833,1.292,7.125,1.333,15.5,,,
2015-11-17,,,,6.167,7.167,1.0,13.375,1.261,21.167,,,
2015-11-18,,,,4.0,4.478,0.478,6.042,1.417,14.375,,,
2015-11-19,,,,5.5,5.667,0.167,2.417,1.583,12.542,,,
2015-11-20,,,,6.458,6.792,0.333,8.043,1.375,13.87,,,
2015-11-21,,,,4.625,5.167,0.542,6.792,1.167,15.167,,,
2015-11-22,,,,3.5,3.5,0.0,10.542,1.167,16.292,,,
2015-11-23,,,,3.125,3.125,0.0,9.375,1.042,16.167,,,
2015-11-24,,,,4.667,5.292,0.625,2.417,1.087,13.917,,,
2015-11-25,,,,6.0,6.435,0.435,2.917,1.125,9.625,,,
2015-11-26,,,,8.708,9.625,0.917,1.625,1.042,10.917,,,
2015-11-27,,,,3.333,3.417,0.083,0.083,2.042,12.458,,,
2015-11-28,,,,8.375,8.917,0.542,3.958,1.125,11.5,,,
2015-11-29,,,,3.125,3.125,0.0,2.417,1.042,9.792,,,
2015-11-30,,,,6.583,7.333,0.75,7.167,1.083,14.958,,,
2015-12-01,,,,9.667,11.792,2.125,7.958,1.13,13.458,,,
2015-12-02,,,,13.565,15.87,2.304,11.667,1.125,17.833,,,
2015-12-03,,,,16.25,24.792,8.542,15.333,1.167,23.0,,,
2015-12-04,,,,3.167,3.208,0.042,1.792,1.708,12.333,,,
2015-12-05,,,,5.458,5.875,0.417,2.542,1.125,10.875,,,
2015-12-06,,,,4.25,4.375,0.125,3.833,1.083,11.958,,,
2015-12-07,,,,7.286,7.476,0.19,7.217,1.0,16.25,,,
2015-12-08,,,,7.905,8.619,0.714,5.75,1.0,13.636,,,
2015-12-09,,,,13.043,15.565,2.522,9.375,1.0,15.792,,,
2015-12-10,,,,18.25,22.542,4.292,22.5,1.25,26.333,,,
2015-12-11,,,,8.5,9.542,1.042,4.75,1.0,13.708,,,
2015-12-12,,,,5.75,5.958,0.208,6.25,1.0,12.5,,,
2015-12-13,,,,3.25,3.25,0.0,10.917,1.0,16.5,,,
2015-12-14,,,,6.0,6.125,0.125,8.708,1.0,14.708,,,
2015-12-15,,,,11.833,13.583,1.75,12.417,1.0,18.167,,,
2015-12-16,,,,6.739,8.174,1.435,5.25,1.042,13.75,,,
2015-12-17,,,,8.125,9.833,1.708,3.25,1.042,11.292,,,
2015-12-18,,,,3.556,4.0,0.444,5.087,1.083,13.042,,,
2015-12-19,,,,8.15,9.55,1.4,5.375,1.0,11.208,,,
2015-12-20,,,,3.458,3.583,0.125,6.625,1.083,13.625,,,
2015-12-21,,,,10.417,12.0,1.583,12.25,1.125,16.75,,,
2015-12-22,,,,12.042,14.458,2.417,9.667,1.13,15.583,,,
2015-12-23,,,,5.417,5.458,0.042,18.917,1.0,25.417,,,
2015-12-24,,,,11.708,14.375,2.667,8.542,1.042,15.833,,,
2015-12-25,,,,5.583,6.125,0.542,6.625,1.083,13.875,,,
2015-12-26,,,,7.478,7.783,0.304,5.417,1.0,12.292,,,
2015-12-27,,,,2.375,2.417,0.042,3.375,1.0,11.25,,,
2015-12-28,,,,9.625,10.708,1.083,5.042,1.042,12.042,,,
2015-12-29,,,,4.333,4.458,0.125,3.083,1.0,9.792,,,
2015-12-30,,,,4.5,4.583,0.083,4.083,1.0,12.458,,,
2015-12-31,,,,2.667,2.667,0.0,5.667,1.0,10.417,,,
2016-01-01,,,,3.792,3.792,0.0,4.0,0.0,11.833,,,
2016-01-02,,,,4.167,4.208,0.042,5.542,0.0,12.208,,,
2016-01-03,,,,4.375,4.5,0.125,8.583,0.125,14.792,,,
2016-01-04,,,,9.75,11.083,1.333,8.875,0.083,18.167,,,
2016-01-05,,,,6.957,7.478,0.522,4.333,0.0,12.042,,,
2016-01-06,,,,9.25,9.875,0.625,4.375,0.0,15.958,,,
2016-01-07,,,,8.208,8.458,0.25,4.167,0.0,15.042,,,
2016-01-08,,,,4.75,4.917,0.167,5.958,0.0,12.542,,,
2016-01-09,,,,4.958,5.292,0.333,-0.042,0.0,11.542,,,
2016-01-10,,,,11.167,13.417,2.25,4.958,0.083,15.583,,,
2016-01-11,,,,8.609,10.261,1.652,2.0,0.609,13.182,,,
2016-01-12,,,,6.913,7.478,0.565,3.125,1.0,13.042,,,
2016-01-13,,,,11.958,13.167,1.208,3.667,1.0,13.792,,,
2016-01-14,,,,5.042,5.125,0.083,1.833,1.0,11.917,,,
2016-01-15,,,,1.875,1.875,0.0,1.167,1.0,10.375,,,
2016-01-16,,,,7.792,10.0,2.208,1.75,1.0,11.583,,,
2016-01-17,,,,7.125,7.833,0.708,0.458,1.0,11.208,,,
2016-01-18,,,,12.25,13.625,1.375,2.917,1.0,15.042,,,
2016-01-19,,,,12.957,14.609,1.652,9.292,1.167,16.042,,,
2016-01-20,,,,6.75,6.917,0.167,10.875,1.043,19.042,,,
2016-01-21,,,,4.333,4.5,0.167,5.167,1.125,14.667,,,
2016-01-22,,,,4.292,4.458,0.167,10.792,1.833,18.167,,,
2016-01-23,,,,6.583,6.917,0.333,4.0,1.042,12.625,,,
2016-01-24,,,,8.875,9.208,0.333,3.591,1.042,11.75,,,
2016-01-25,,,,8.792,9.458,0.667,3.583,1.0,12.458,,,
2016-01-26,,,,11.783,12.739,0.957,5.417,1.0,14.167,,,
2016-01-27,,,,15.708,21.083,5.375,11.625,1.478,17.083,,,
2016-01-28,,,,8.875,9.5,0.625,4.958,1.0,11.542,,,
2016-01-29,,,,6.125,6.167,0.042,15.458,1.375,22.208,,,
2016-01-30,,,,7.708,8.708,1.0,10.167,1.167,18.625,,,
2016-01-31,,,,11.0,11.958,0.958,2.792,1.042,17.958,,,
2016-02-01,,,,10.667,11.708,1.042,3.167,1.375,13.958,,,
2016-02-02,,,,3.348,3.696,0.348,2.042,1.0,12.667,,,
2016-02-03,,,,12.292,13.958,1.667,4.042,1.087,12.167,,,
2016-02-04,,,,6.583,6.875,0.292,4.75,1.0,15.208,,,
2016-02-05,,,,8.083,8.292,0.208,20.458,1.125,26.864,,,
2016-02-06,,,,7.391,8.348,0.957,7.739,1.0,15.846,,,
2016-02-07,,,,8.417,8.958,0.542,3.625,1.0,13.583,,,
2016-02-08,,,,10.875,12.042,1.167,3.25,1.0,12.542,,,
2016-02-09,,,,8.826,9.696,0.87,11.25,1.0,12.667,,,
2016-02-10,,,,5.792,6.833,1.042,3.042,1.0,11.292,,,
2016-02-11,,,,2.048,2.048,0.0,6.227,1.0,11.727,,,
2016-02-12,,,,4.583,4.833,0.25,1.792,1.0,12.458,,,
2016-02-13,,,,8.708,9.833,1.125,3.667,1.0,11.208,,,
2016-02-14,,,,7.583,8.5,0.917,2.625,1.0,12.5,,,
2016-02-15,,,,10.917,12.208,1.292,3.455,0.958,10.375,,,
2016-02-16,,,,17.0,18.87,1.87,9.792,1.083,16.5,,,
2016-02-17,,,,10.833,12.542,1.708,8.696,1.417,14.682,,,
2016-02-18,,,,8.292,8.667,0.375,4.75,0.789,15.083,,,
2016-02-19,,,,7.417,8.375,0.958,3.167,0.417,11.833,,,
2016-02-20,,,,10.375,11.458,1.083,6.417,0.792,15.667,,,
2016-02-21,,,,4.818,5.0,0.182,3.182,0.273,14.522,,,
2016-02-22,,,,13.458,14.375,0.917,6.708,0.792,15.0,,,
2016-02-23,,,,14.913,18.435,3.522,9.792,0.708,19.625,,,
2016-02-24,,,,8.208,8.958,0.75,3.583,0.708,13.0,,,
2016-02-25,,,,4.417,4.5,0.083,4.417,1.043,13.083,,,
2016-02-26,,,,4.333,4.5,0.167,5.208,0.708,14.833,,,
2016-02-27,,,,11.125,12.375,1.25,4.792,0.625,15.792,,,
2016-02-28,,,,9.042,9.792,0.75,7.875,0.958,16.083,,,
2016-03-01,,,,12.083,13.125,1.042,14.792,0.75,23.167,,,
2016-03-02,,,,11.391,12.174,0.783,16.958,0.833,22.833,,,
2016-03-03,,,,6.208,7.125,0.917,4.125,0.833,15.708,,,
2016-03-04,,,,9.0,9.458,0.458,7.167,0.913,16.583,,,
2016-03-05,,,,8.792,9.375,0.583,14.917,1.125,20.708,,,
2016-03-06,,,,12.0,12.909,0.909,17.2,1.091,23.667,,,
2016-03-07,,,,10.458,11.542,1.083,5.333,1.0,14.667,,,
2016-03-08,,,,8.583,9.708,1.125,7.667,1.0,15.583,,,
2016-03-09,,,,8.435,9.261,0.826,5.792,1.125,11.917,,,
2016-03-10,,,,6.0,6.375,0.375,5.792,1.042,15.25,,,
2016-03-11,,,,5.417,5.625,0.208,5.25,1.0,14.958,,,
2016-03-12,,,,3.208,3.208,0.0,5.5,0.917,16.375,,,
2016-03-13,,,,11.958,13.083,1.125,10.375,1.0,19.292,,,
2016-03-14,,,,5.125,5.167,0.042,7.5,1.0,18.333,,,
2016-03-15,,,,7.75,8.208,0.458,6.458,0.917,15.667,,,
2016-03-16,,,,8.957,10.13,1.174,5.25,0.958,15.417,,,
2016-03-17,,,,5.875,6.292,0.417,3.87,1.0,15.292,,,
2016-03-18,,,,4.167,4.167,0.0,11.917,0.913,18.375,,,
2016-03-19,,,,4.625,4.625,0.0,26.833,1.417,30.375,,,
2016-03-20,,,,4.292,4.292,0.0,23.708,1.0,27.375,,,
2016-03-21,,,,7.542,7.875,0.333,12.042,1.0,20.792,,,
2016-03-22,,,,5.042,5.292,0.25,7.5,1.0,17.208,,,
2016-03-23,,,,9.174,10.348,1.174,8.583,1.0,18.208,,,
2016-03-24,,,,5.083,5.542,0.458,7.5,1.0,16.125,,,
2016-03-25,,,,7.792,8.625,0.833,7.458,1.0,15.25,,,
2016-03-26,,,,2.083,2.083,0.0,5.708,1.0,14.708,,,
2016-03-27,,,,5.708,6.375,0.667,1.208,0.958,11.042,,,
2016-03-28,,,,8.042,8.875,0.833,7.833,1.2,17.708,,,
2016-03-29,,,,9.792,10.708,0.917,12.542,1.583,17.083,,,
2016-03-30,,,,11.783,12.261,0.478,17.333,1.958,24.792,,,
2016-03-31,,,,8.625,9.0,0.375,13.958,1.75,20.792,,,
2016-04-01,,,,6.792,6.833,0.042,16.167,1.059,23.375,,,
2016-04-02,,,,6.739,7.0,0.261,14.417,0.833,22.5,,,
2016-04-03,,,,5.875,5.917,0.042,14.625,0.875,24.375,,,
2016-04-04,,,,6.625,6.667,0.042,6.125,0.25,15.375,,,
2016-04-05,,,,10.125,10.875,0.75,6.042,0.625,17.583,,,
2016-04-06,,,,7.261,7.348,0.087,11.174,0.304,19.261,,,
2016-04-07,,,,8.333,8.542,0.208,9.167,0.0,16.792,,,
2016-04-08,,,,7.125,7.583,0.458,5.5,0.0,15.458,,,
2016-04-09,,,,6.304,6.391,0.087,11.542,0.042,20.75,,,
2016-04-10,,,,5.25,5.25,0.0,14.417,0.333,24.625,,,
2016-04-11,,,,5.458,5.583,0.125,9.167,0.208,18.708,,,
2016-04-12,,,,7.75,8.0,0.25,13.083,0.0,20.417,,,
2016-04-13,,,,10.875,11.042,0.167,16.167,0.208,23.292,,,
2016-04-14,,,,8.042,8.083,0.042,6.583,0.0,16.333,,,
2016-04-15,,,,3.708,3.708,0.0,6.708,0.0,17.542,,,
2016-04-16,,,,5.87,5.87,0.0,10.792,0.125,17.167,,,
2016-04-17,,,,3.5,3.5,0.0,7.625,0.0,16.083,,,
2016-04-18,,,,5.708,5.708,0.0,13.125,0.0,23.5,,,
2016-04-19,,,,6.042,6.083,0.042,14.261,0.167,22.087,,,
2016-04-20,,,,6.625,6.708,0.083,10.75,0.042,20.458,,,
2016-04-21,,,,9.875,9.958,0.083,13.125,0.042,23.125,,,
2016-04-22,,,,5.542,5.625,0.083,6.75,0.0,15.583,,,
2016-04-23,,,,6.696,6.826,0.13,13.417,0.0,23.75,,,
2016-04-24,,,,3.792,3.792,0.0,23.25,0.0,44.083,,,
2016-04-25,,,,6.375,6.5,0.125,13.458,0.083,28.5,,,
2016-04-26,,,,9.042,9.167,0.125,14.417,0.417,25.5,,,
2016-04-27,,,,8.042,8.25,0.208,16.25,0.375,34.208,,,
2016-04-28,,,,4.375,4.375,0.0,4.958,0.0,15.542,,,
2016-04-29,,,,3.625,3.625,0.0,4.167,0.0,15.25,,,
2016-04-30,,,,3.957,3.957,0.0,7.625,0.0,16.167,,,
2016-05-01,,,,4.083,4.083,0.0,16.75,0.167,25.25,,,
2016-05-02,,,,7.583,7.792,0.208,21.625,0.0,32.542,,,
2016-05-03,,,,5.542,5.542,0.0,18.792,0.375,33.0,,,
2016-05-04,,,,3.292,3.292,0.0,7.75,0.0,19.708,,,
2016-05-05,,,,2.792,2.792,0.0,8.708,0.292,18.167,,,
2016-05-06,,,,6.542,6.708,0.167,7.25,0.087,18.333,,,
2016-05-07,,,,5.261,5.304,0.043,11.667,0.0,22.583,,,
2016-05-08,,,,3.5,3.5,0.0,18.167,0.125,40.125,,,
2016-05-09,,,,7.125,7.208,0.083,16.917,0.25,35.75,,,
2016-05-10,,,,3.0,3.091,0.091,2.417,0.0,10.792,,,
2016-05-11,,,,5.125,5.75,0.625,2.583,0.0,16.125,,,
2016-05-12,,,,5.333,5.792,0.458,4.458,0.333,12.25,,,
2016-05-13,,,,6.625,7.125,0.5,13.708,0.565,25.042,,,
2016-05-14,,,,4.87,4.913,0.043,13.375,0.75,22.583,,,
2016-05-15,,,,2.542,2.542,0.0,8.25,0.417,18.208,,,
2016-05-16,,,,7.875,7.875,0.0,17.5,0.583,32.917,,,
2016-05-17,,,,6.333,6.375,0.042,5.917,0.125,17.708,,,
2016-05-18,,,,5.292,5.458,0.167,8.583,0.375,16.458,,,
2016-05-19,,,,4.375,4.375,0.0,10.25,0.375,20.5,,,
2016-05-20,,,,6.333,6.333,0.0,6.542,0.652,18.043,,,
2016-05-21,,,,3.043,3.043,0.0,4.792,0.167,14.125,,,
2016-05-22,,,,2.292,2.292,0.0,9.042,0.25,19.292,,,
2016-05-23,,,,4.708,4.708,0.0,19.5,0.238,25.583,,,
2016-05-24,,,,9.25,9.25,0.0,31.125,0.875,38.417,,,
2016-05-25,,,,10.458,10.667,0.208,31.833,1.208,42.75,,,
2016-05-26,,,,10.542,10.833,0.292,26.167,1.0,43.917,,,
2016-05-27,,,,7.5,7.583,0.083,13.417,0.217,22.917,,,
2016-05-28,,,,4.783,4.826,0.043,21.25,0.042,29.167,,,
2016-05-29,,,,4.083,4.083,0.0,25.0,0.625,26.958,,,
2016-05-30,,,,3.917,3.917,0.0,8.583,0.167,18.5,,,
2016-05-31,,,,6.583,6.667,0.083,8.833,0.208,16.792,,,
2016-06-01,,,,4.417,4.458,0.042,7.125,0.0,17.417,,,
2016-06-02,,,,3.083,3.167,0.083,4.583,0.083,13.0,,,
2016-06-03,,,,6.0,6.042,0.042,7.375,0.348,17.292,,,
2016-06-04,,,,6.565,6.739,0.174,12.667,0.458,21.958,,,
2016-06-05,,,,4.542,4.708,0.167,13.75,0.208,20.458,,,
2016-06-06,,,,4.955,5.227,0.273,15.435,0.636,25.958,,,
2016-06-07,,,,6.75,7.542,0.792,10.208,0.875,20.75,,,
2016-06-08,,,,5.792,6.625,0.833,14.25,0.917,23.458,,,
2016-06-09,,,,7.167,8.083,0.917,7.542,0.958,19.167,,,
2016-06-10,,,,4.667,5.375,0.708,8.042,0.826,16.667,,,
2016-06-11,,,,5.913,5.957,0.043,10.833,1.333,20.958,,,
2016-06-12,,,,4.667,4.667,0.0,14.25,1.0,23.0,,,
2016-06-13,,,,2.458,2.458,0.0,3.292,0.542,13.208,,,
2016-06-14,,,,3.292,3.292,0.0,4.5,0.75,15.217,,,
2016-06-15,,,,7.042,7.125,0.083,6.25,0.792,16.417,,,
2016-06-16,,,,8.625,8.917,0.292,5.625,0.792,19.25,,,
2016-06-17,,,,4.913,5.261,0.348,7.174,0.81,15.364,,,
2016-06-18,,,,3.174,3.261,0.087,13.542,1.0,21.167,,,
2016-06-19,,,,3.542,3.542,0.0,18.083,1.208,29.667,,,
2016-06-20,,,,3.25,3.375,0.125,11.125,1.0,20.292,,,
2016-06-21,,,,4.25,4.583,0.333,16.958,1.0,27.522,,,
2016-06-22,,,,6.583,6.75,0.167,21.958,1.0,35.417,,,
2016-06-23,,,,4.333,4.375,0.042,7.875,1.0,20.167,,,
2016-06-24,,,,6.667,7.042,0.375,7.75,1.0,19.478,,,
2016-06-25,,,,4.087,4.13,0.043,6.167,1.0,17.696,,,
2016-06-26,,,,2.833,2.917,0.083,7.458,1.0,16.174,,,
2016-06-27,,,,4.917,4.958,0.042,8.5,1.208,21.0,,,
2016-06-28,,,,3.875,3.875,0.0,6.875,1.0,17.417,,,
2016-06-29,,,,4.958,5.0,0.042,5.875,1.0,17.261,,,
2016-06-30,,,,4.542,4.542,0.0,11.542,1.0,23.0,,,
2016-07-01,,,,6.625,6.875,0.25,18.0,1.0,32.792,,,
2016-07-02,,,,5.174,5.478,0.304,31.958,1.208,55.091,,,
2016-07-03,,,,4.042,4.417,0.375,26.917,1.0,47.238,,,
2016-07-04,,,,5.375,5.792,0.417,13.0,1.0,23.652,,,
2016-07-05,,,,6.917,7.708,0.792,4.167,1.0,16.583,,,
2016-07-06,,,,7.348,8.043,0.696,12.609,1.0,26.85,,,
2016-07-07,,,,9.458,10.875,1.417,15.25,1.0,27.083,,,
2016-07-08,,,,5.708,6.5,0.792,9.917,1.043,21.636,,,
2016-07-09,,,,2.957,3.174,0.217,5.667,1.0,15.458,,,
2016-07-10,,,,3.542,4.042,0.5,5.542,1.0,14.739,,,
2016-07-11,,,,7.792,8.208,0.417,12.917,1.333,21.522,,,
2016-07-12,,,,9.375,9.958,0.583,17.542,1.042,31.333,,,
2016-07-13,,,,8.167,8.583,0.417,17.0,1.0,36.583,,,
2016-07-14,,,,6.208,6.5,0.292,15.042,1.0,29.591,,,
2016-07-15,,,,4.708,4.792,0.083,5.708,1.0,19.619,,,
2016-07-16,,,,4.435,4.696,0.261,10.125,1.0,23.042,,,
2016-07-17,,,,4.0,4.167,0.167,14.583,1.0,31.125,,,
2016-07-18,,,,2.917,3.083,0.167,12.25,1.0,25.5,,,
2016-07-19,,,,5.667,6.0,0.333,8.667,1.0,20.864,,,
2016-07-20,,,,6.583,7.083,0.5,7.565,1.0,20.0,,,
2016-07-21,,,,4.333,4.708,0.375,5.958,1.083,19.174,,,
2016-07-22,,,,4.167,4.542,0.375,3.625,1.0,15.0,,,
2016-07-23,,,,2.696,3.174,0.478,7.667,1.0,18.958,,,
2016-07-24,,,,2.625,2.917,0.292,5.333,1.0,15.208,,,
2016-07-25,,,,5.792,7.167,1.375,8.708,1.042,19.435,,,
2016-07-26,,,,7.375,9.0,1.625,10.417,1.125,22.773,,,
2016-07-27,,,,7.125,8.25,1.125,14.143,1.0,24.667,,,
2016-07-28,,,,9.167,11.167,2.0,12.5,1.0,23.391,,,
2016-07-29,,,,11.542,13.708,2.167,9.042,1.174,18.208,,,
2016-07-30,,,,5.652,6.261,0.609,7.625,1.0,17.417,,,
2016-07-31,,,,2.542,2.625,0.083,5.5,1.0,17.083,,,
2016-08-01,,,,4.083,5.042,0.958,3.0,1.0,17.522,,,
2016-08-02,,,,5.083,6.042,0.958,4.875,1.0,16.409,,,
2016-08-03,,,,5.125,5.583,0.458,4.667,1.0,16.458,,,
2016-08-04,,,,5.435,5.783,0.348,9.217,0.696,20.5,,,
2016-08-05,,,,6.417,6.875,0.458,15.75,0.478,29.542,,,
2016-08-06,,,,7.304,8.087,0.783,17.292,0.708,31.667,,,
2016-08-07,,,,3.917,4.5,0.583,7.125,0.417,19.583,,,
2016-08-08,,,,2.417,2.792,0.375,3.917,0.125,15.458,,,
2016-08-09,,,,5.333,5.958,0.625,8.75,0.125,20.375,,,
2016-08-10,,,,8.417,9.042,0.625,8.833,0.667,22.333,,,
2016-08-11,,,,4.833,4.917,0.083,8.125,0.917,20.083,,,
2016-08-12,,,,7.375,8.125,0.75,6.375,0.696,21.25,,,
2016-08-13,,,,4.957,5.391,0.435,7.208,1.042,21.875,,,
2016-08-14,,,,3.375,3.833,0.458,6.5,0.5,21.292,,,
2016-08-15,,,,6.125,6.708,0.583,7.75,0.625,24.333,,,
2016-08-16,,,,4.042,4.875,0.833,5.833,0.125,22.75,,,
2016-08-17,,,,5.583,6.667,1.083,5.0,0.292,21.625,,,
2016-08-18,,,,4.167,4.75,0.583,4.5,0.0,17.125,,,
2016-08-19,,,,3.958,5.208,1.25,4.25,0.174,20.167,,,
2016-08-20,,,,1.913,2.391,0.478,1.75,0.083,14.583,,,
2016-08-21,,,,3.292,4.0,0.708,5.0,0.333,19.917,,,
2016-08-22,,,,2.042,2.583,0.542,3.348,0.042,15.042,,,
2016-08-23,,,,4.375,4.792,0.417,4.708,0.167,16.958,,,
2016-08-24,,,,5.5,6.083,0.583,6.458,0.125,18.333,,,
2016-08-25,,,,7.083,8.167,1.083,6.417,0.5,18.958,,,
2016-08-26,,,,8.875,10.5,1.625,7.75,0.783,20.875,,,
2016-08-27,,,,3.435,3.435,0.0,3.375,0.292,14.708,,,
2016-08-28,,,,1.708,1.708,0.0,3.417,0.0,14.458,,,
2016-08-29,,,,2.958,3.75,0.792,0.792,0.042,13.833,,,
2016-08-30,,,,3.417,3.583,0.167,3.958,0.083,18.083,,,
2016-08-31,,,,7.458,7.875,0.417,10.458,0.542,20.667,,,
2016-09-01,,,,8.083,8.417,0.333,14.125,0.625,26.208,,,
2016-09-02,,,,8.792,9.333,0.542,16.25,0.957,28.417,,,
2016-09-03,,,,4.0,4.304,0.304,10.0,0.583,23.667,,,
2016-09-04,,,,3.708,4.083,0.375,7.167,0.0,19.75,,,
2016-09-05,,,,8.375,9.833,1.458,8.938,0.583,23.083,,,
2016-09-06,,,,11.826,13.826,2.0,10.609,0.591,25.217,,,
2016-09-07,,,,4.208,4.708,0.5,6.5,0.0,19.25,,,
2016-09-08,,,,5.917,7.0,1.083,4.696,0.0,16.917,,,
2016-09-09,,,,5.167,5.708,0.542,4.067,0.0,16.375,,,
2016-09-10,,,,3.13,3.435,0.304,6.75,0.0,16.292,,,
2016-09-11,,,,4.417,4.792,0.375,7.917,0.0,18.042,,,
2016-09-12,,,,3.792,4.208,0.417,6.125,0.0,18.083,,,
2016-09-13,,,,3.167,3.583,0.417,2.208,0.0,12.75,,,
2016-09-14,,,,5.625,6.25,0.625,4.875,0.0,15.458,,,
2016-09-15,,,,7.125,8.083,0.958,10.375,0.0,18.875,,,
2016-09-16,,,,5.5,6.083,0.583,7.208,0.0,16.917,,,
2016-09-17,,,,3.783,4.043,0.261,14.167,0.0,25.583,,,
2016-09-18,,,,2.25,2.25,0.0,5.0,0.0,16.25,,,
2016-09-19,,,,1.917,1.917,0.0,2.875,0.0,14.708,,,
2016-09-20,,,,2.375,2.417,0.042,0.091,0.0,11.292,,,
2016-09-21,,,,4.708,5.208,0.5,3.75,0.0,14.625,,,
2016-09-22,,,,1.625,1.625,0.0,1.25,0.0,14.75,,,
2016-09-23,,,,6.667,7.292,0.625,2.417,0.0,16.625,,,
2016-09-24,,,,3.609,4.348,0.739,1.958,0.0,12.375,,,
2016-09-25,,,,2.792,3.792,1.0,5.875,0.0,15.708,,,
2016-09-26,,,,3.208,4.417,1.208,9.292,0.0,16.875,,,
2016-09-27,,,,4.625,5.792,1.167,12.875,0.0,25.125,,,
2016-09-28,,,,3.375,4.625,1.25,13.125,0.0,25.625,,,
2016-09-29,,,,6.375,8.667,2.292,2.625,0.0,15.833,,,
2016-09-30,,,,4.958,5.625,0.667,5.458,0.0,16.625,,,
2016-10-01,,,,4.739,4.913,0.174,9.333,0.0,20.042,,,
2016-10-02,,,,3.625,3.708,0.083,12.792,0.0,25.125,,,
2016-10-03,,,,11.667,12.375,0.708,16.333,0.042,36.083,,,
2016-10-04,,,,7.25,8.042,0.792,10.083,0.0,21.708,,,
2016-10-05,,,,7.292,7.542,0.25,10.625,0.0,22.667,,,
2016-10-06,,,,8.545,9.5,0.955,6.391,0.364,15.609,,,
2016-10-07,,,,4.833,5.083,0.25,8.208,0.565,15.542,,,
2016-10-08,,,,8.565,9.174,0.609,13.958,0.333,24.625,,,
2016-10-09,,,,3.625,3.958,0.333,5.167,0.125,18.667,,,
2016-10-10,,,,3.042,3.042,0.0,3.792,0.292,11.875,,,
2016-10-11,,,,3.417,3.667,0.25,4.5,0.0,13.083,,,
2016-10-12,,,,4.708,5.0,0.292,5.708,0.25,16.708,,,
2016-10-13,,,,6.708,6.875,0.167,7.458,0.042,15.583,,,
2016-10-14,,,,5.083,5.208,0.125,7.583,0.087,17.208,,,
2016-10-15,,,,4.087,4.391,0.304,11.833,0.083,20.542,,,
2016-10-16,,,,3.208,3.25,0.042,15.375,0.417,25.833,,,
2016-10-17,,,,12.042,14.542,2.5,11.75,0.0,20.833,,,
2016-10-18,,,,5.458,6.542,1.083,3.75,0.208,16.542,,,
2016-10-19,,,,6.125,6.75,0.625,6.792,0.5,18.625,,,
2016-10-20,,,,5.25,5.917,0.667,12.087,0.25,21.958,,,
2016-10-21,,,,5.833,6.292,0.458,14.625,0.348,24.625,,,
2016-10-22,,,,6.565,7.043,0.478,13.292,0.375,24.167,,,
2016-10-23,,,,2.542,2.75,0.208,7.792,0.083,17.5,,,
2016-10-24,,,,4.583,4.917,0.333,6.625,0.25,17.208,,,
2016-10-25,,,,7.333,8.0,0.667,8.542,0.167,19.208,,,
2016-10-26,,,,8.458,9.792,1.333,8.583,0.208,19.042,,,
2016-10-27,,,,6.375,7.208,0.833,8.417,0.292,17.333,,,
2016-10-28,,,,5.708,6.167,0.458,7.417,0.043,15.292,,,
2016-10-29,,,,4.304,5.13,0.826,3.667,0.0,15.958,,,
2016-10-30,,,,3.25,3.833,0.583,11.167,0.083,19.625,,,
2016-10-31,,,,5.667,6.833,1.167,8.708,0.167,17.375,,,
2016-11-01,,,,5.0,6.083,1.083,5.75,0.042,14.833,,,
2016-11-02,,,,9.0,10.667,1.667,4.917,0.042,14.917,,,
2016-11-03,,,,3.417,4.0,0.583,6.583,0.042,14.167,,,
2016-11-04,,,,6.727,7.364,0.636,4.13,0.333,14.125,,,
2016-11-05,,,,8.043,8.261,0.217,14.5,0.75,19.708,,,
2016-11-06,,,,3.958,3.958,0.0,11.458,0.667,16.833,,,
2016-11-07,,,,7.5,7.917,0.417,10.167,0.375,18.458,,,
2016-11-08,,,,10.667,11.417,0.75,11.5,0.583,19.667,,,
2016-11-09,,,,6.5,6.875,0.375,6.333,0.708,15.875,,,
2016-11-10,,,,9.083,9.833,0.75,6.0,0.542,13.583,,,
2016-11-11,,,,4.792,4.833,0.042,2.583,0.565,12.708,,,
2016-11-12,,,,4.652,4.957,0.304,3.042,0.5,13.0,,,
2016-11-13,,,,4.75,4.917,0.167,13.167,0.917,20.083,,,
2016-11-14,,,,7.667,8.083,0.417,13.25,1.0,21.208,,,
2016-11-15,,,,7.75,9.167,1.417,5.875,0.875,17.125,,,
2016-11-16,,,,5.125,5.292,0.167,5.583,0.75,14.75,,,
2016-11-17,,,,5.542,5.75,0.208,6.478,0.583,13.5,,,
2016-11-18,,,,6.625,6.833,0.208,7.5,0.783,14.667,,,
2016-11-19,,,,5.348,5.913,0.565,7.958,0.458,12.833,,,
2016-11-20,,,,4.958,6.792,1.833,6.458,0.583,15.083,,,
2016-11-21,,,,6.583,8.0,1.417,8.75,0.667,17.667,,,
2016-11-22,,,,7.875,10.292,2.417,7.042,0.667,16.167,,,
2016-11-23,,,,4.042,4.125,0.083,2.5,0.875,11.792,,,
2016-11-24,,,,5.333,5.625,0.292,2.0,0.667,12.167,,,
2016-11-25,,,,6.375,7.333,0.958,2.042,0.304,11.083,,,
2016-11-26,,,,5.609,6.174,0.565,3.25,0.417,13.875,,,
2016-11-27,,,,4.125,4.25,0.125,5.792,0.542,14.083,,,
2016-11-28,,,,7.208,8.375,1.167,5.25,0.542,12.958,,,
2016-11-29,,,,10.696,12.261,1.565,5.478,0.522,14.87,,,
2016-11-30,,,,4.778,5.667,0.889,6.75,0.583,16.125,,,
2016-12-01,,,,13.95,18.85,4.9,9.5,0.75,17.917,,,
2016-12-02,,,,10.125,11.458,1.333,2.875,0.87,12.167,,,
2016-12-03,,,,5.625,6.0,0.375,5.25,0.542,14.375,,,
2016-12-04,,,,7.25,7.833,0.583,12.292,0.833,20.083,,,
2016-12-05,,,,10.455,11.955,1.5,10.522,0.273,18.087,,,
2016-12-06,,,,4.25,4.708,0.458,2.542,0.0,12.208,,,
2016-12-07,,,,11.208,12.375,1.167,5.208,0.0,11.583,,,
2016-12-08,,,,12.261,14.348,2.087,4.5,0.0,13.625,,,
2016-12-09,,,,11.75,14.875,3.125,10.25,0.261,16.75,,,
2016-12-10,,,,5.125,5.25,0.125,2.458,0.0,11.292,,,
2016-12-11,,,,4.0,4.0,0.0,3.042,0.0,13.0,,,
2016-12-12,,,,9.542,10.042,0.5,4.042,0.0,14.0,,,
2016-12-13,,,,16.083,19.667,3.583,16.167,0.042,21.583,,,
2016-12-14,,,,11.292,12.917,1.625,0.708,0.0,11.5,,,
2016-12-15,,,,7.739,8.304,0.565,0.875,0.0,10.833,,,
2016-12-16,,,,6.045,6.364,0.318,1.87,0.0,9.955,,,
2016-12-17,,,,8.0,8.042,0.042,2.417,0.0,12.958,,,
2016-12-18,,,,5.042,5.083,0.042,3.833,0.0,12.25,,,
2016-12-19,,,,12.625,14.292,1.667,9.875,0.083,18.417,,,
2016-12-20,,,,15.708,18.333,2.625,13.042,0.25,20.958,,,
2016-12-21,,,,12.708,13.375,0.667,12.042,0.167,21.792,,,
2016-12-22,,,,23.0,31.174,8.174,19.75,0.375,33.625,,,
2016-12-23,,,,4.458,4.542,0.083,1.333,0.0,12.542,,,
2016-12-24,,,,4.875,4.917,0.042,1.292,0.0,13.333,,,
2016-12-25,,,,5.375,5.667,0.292,5.875,0.0,15.917,,,
2016-12-26,,,,16.458,23.708,7.25,14.792,0.208,20.792,,,
2016-12-27,,,,7.958,9.625,1.667,4.875,0.0,12.917,,,
2016-12-28,,,,7.083,7.458,0.375,1.75,0.042,14.542,,,
2016-12-29,,,,8.045,8.5,0.455,5.217,0.0,12.565,,,
2016-12-30,,,,4.917,4.958,0.042,3.25,0.087,13.208,,,
2016-12-31,,,,5.5,5.625,0.125,6.458,0.0,12.958,,,
2017-01-01,,,,3.167,3.208,0.042,1.417,1.917,12.042,,,
2017-01-02,,,,2.958,2.958,0.0,2.708,1.792,12.5,,,
2017-01-03,,,,3.0,3.042,0.042,0.667,1.875,10.875,,,
2017-01-04,,,,7.125,10.167,3.042,1.333,1.75,11.667,,,
2017-01-05,,,,10.625,14.917,4.292,3.875,1.833,13.208,,,
2017-01-06,,,,12.565,16.304,3.739,5.042,1.87,12.458,,,
2017-01-07,,,,4.625,4.708,0.083,4.167,1.833,11.333,,,
2017-01-08,,,,10.375,12.958,2.583,14.458,1.958,17.667,,,
2017-01-09,,,,7.455,14.455,7.0,8.522,2.136,15.708,,,
2017-01-10,,,,5.25,8.5,3.25,5.583,3.042,15.333,,,
2017-01-11,,,,5.208,7.583,2.375,3.417,2.833,11.875,,,
2017-01-12,,,,8.5,12.292,3.792,2.75,2.167,13.708,,,
2017-01-13,,,,8.522,11.0,2.478,4.458,2.087,14.958,,,
2017-01-14,,,,6.375,7.792,1.417,3.833,2.0,13.958,,,
2017-01-15,,,,13.417,17.833,4.417,7.083,2.25,18.042,,,
2017-01-16,,,,14.917,21.708,6.792,9.333,2.208,15.625,,,
2017-01-17,,,,6.583,7.25,0.667,9.625,2.042,16.792,,,
2017-01-18,,,,13.0,18.292,5.292,5.583,1.958,16.208,,,
2017-01-19,,,,12.583,19.833,7.25,6.391,2.0,15.13,,,
2017-01-20,,,,8.609,9.565,0.957,10.792,1.053,17.292,,,
2017-01-21,,,,4.417,4.833,0.417,10.125,1.042,18.708,,,
2017-01-22,,,,6.792,8.042,1.25,3.25,1.0,13.083,,,
2017-01-23,,,,12.5,18.167,5.667,5.042,1.0,13.25,,,
2017-01-24,,,,4.625,5.125,0.5,0.792,1.083,11.25,,,
2017-01-25,,,,1.875,1.875,0.0,-0.125,1.0,11.5,,,
2017-01-26,,,,6.708,8.958,2.25,2.542,1.083,13.208,,,
2017-01-27,,,,5.957,7.522,1.565,3.417,1.0,13.042,,,
2017-01-28,,,,8.875,11.292,2.417,2.917,1.0,11.542,,,
2017-01-29,,,,16.25,24.625,8.375,5.125,1.083,15.417,,,
2017-01-30,,,,12.0,16.583,4.583,3.167,1.0,14.0,,,
2017-01-31,,,,14.75,21.625,6.875,6.25,1.208,13.917,,,
2017-02-01,,,,13.625,18.667,5.042,8.833,1.083,15.208,,,
2017-02-02,,,,4.909,5.273,0.364,6.636,0.636,15.583,,,
2017-02-03,,,,5.348,5.609,0.261,7.167,0.261,16.667,,,
2017-02-04,,,,4.333,4.333,0.0,6.0,0.5,14.042,,,
2017-02-05,,,,8.5,9.625,1.125,5.333,0.583,14.833,,,
2017-02-06,,,,10.708,12.583,1.875,4.208,0.375,14.5,,,
2017-02-07,,,,12.167,17.833,5.667,2.125,0.333,13.542,,,
2017-02-08,,,,11.042,16.458,5.417,4.042,0.625,12.917,,,
2017-02-09,,,,15.875,19.75,3.875,14.25,0.75,20.167,,,
2017-02-10,,,,12.957,13.913,0.957,21.917,1.261,26.125,,,
2017-02-11,,,,4.458,4.625,0.167,11.125,0.75,17.083,,,
2017-02-12,,,,2.429,2.476,0.048,4.286,0.381,12.571,,,
2017-02-13,,,,4.375,4.5,0.125,2.792,0.542,13.75,,,
2017-02-14,,,,16.625,21.375,4.75,7.208,0.875,17.417,,,
2017-02-15,,,,18.417,28.042,9.625,10.583,0.917,20.458,,,
2017-02-16,,,,10.042,11.667,1.625,8.773,0.75,15.792,,,
2017-02-17,,,,4.217,4.217,0.0,5.917,0.696,16.583,,,
2017-02-18,,,,3.583,3.583,0.0,5.25,0.625,14.375,,,
2017-02-19,,,,12.208,15.167,2.958,5.417,0.625,15.375,,,
2017-02-20,,,,17.542,25.042,7.5,8.375,0.875,16.542,,,
2017-02-21,,,,12.083,15.083,3.0,9.042,0.792,17.375,,,
2017-02-22,,,,18.083,25.375,7.292,11.667,0.542,19.292,,,
2017-02-23,,,,9.042,10.292,1.25,11.083,0.375,16.458,,,
2017-02-24,,,,7.261,8.435,1.174,9.292,0.652,17.75,,,
2017-02-25,,,,11.917,15.875,3.958,10.0,0.708,16.208,,,
2017-02-26,,,,13.458,17.667,4.208,12.292,0.583,19.75,,,
2017-02-27,,,,15.333,19.458,4.125,10.357,0.708,20.077,,,
2017-02-28,,,,15.458,21.458,6.0,16.857,0.792,22.571,,,
2017-03-01,,,,4.083,4.333,0.25,3.417,0.583,7.083,,,
2017-03-02,,,,2.917,2.958,0.042,3.125,0.583,5.667,,,
2017-03-03,,,,5.348,5.348,0.0,7.708,0.739,11.625,,,
2017-03-04,,,,8.25,8.958,0.708,16.542,1.083,19.583,,,
2017-03-05,,,,12.652,19.174,6.522,14.5,1.174,19.042,,,
2017-03-06,,,,14.833,21.458,6.625,4.542,1.0,8.333,,,
2017-03-07,,,,15.333,20.708,5.375,8.417,1.0,8.208,,,
2017-03-08,,,,4.417,4.458,0.042,4.042,1.0,9.167,,,
2017-03-09,,,,4.292,4.708,0.417,-0.5,1.0,5.958,,,
2017-03-10,,,,3.217,3.217,0.0,2.5,1.0,3.583,,,
2017-03-11,,,,6.208,7.125,0.917,6.708,1.0,7.292,,,
2017-03-12,,,,13.083,16.667,3.583,6.583,1.0,9.208,,,
2017-03-13,,,,15.167,18.083,2.917,13.333,1.333,12.75,,,
2017-03-14,,,,10.083,10.375,0.292,16.375,1.292,21.875,,,
2017-03-15,,,,9.333,9.333,0.0,21.435,1.583,27.042,,,
2017-03-16,,,,5.042,5.083,0.042,9.292,1.042,11.292,,,
2017-03-17,,,,3.652,3.652,0.0,4.375,1.0,5.875,,,
2017-03-18,,,,4.542,4.542,0.0,10.25,1.375,11.083,,,
2017-03-19,,,,7.792,8.042,0.25,12.167,1.25,11.5,,,
2017-03-20,,,,9.5,13.417,3.917,4.792,1.0,8.625,,,
2017-03-21,,,,1.917,1.917,0.0,3.083,1.0,9.792,,,
2017-03-22,,,,6.125,8.833,2.708,-0.167,1.0,5.25,,,
2017-03-23,,,,13.417,19.917,6.5,2.625,1.042,9.292,,,
2017-03-24,,,,12.13,14.565,2.435,5.0,1.13,6.333,,,
2017-03-25,,,,4.833,5.667,0.833,9.792,1.0,13.25,,,
2017-03-26,,,,6.542,6.625,0.083,13.417,1.083,12.875,,,
2017-03-27,,,,6.375,6.625,0.25,14.792,1.417,18.917,,,
2017-03-28,,,,6.583,6.667,0.083,19.792,1.333,22.875,,,
2017-03-29,,,,6.958,7.0,0.042,19.542,1.458,22.458,,,
2017-03-30,,,,3.417,3.417,0.0,8.25,1.0,14.417,,,
2017-03-31,,,,4.957,4.957,0.0,9.583,1.043,11.833,,,
2017-04-01,,,,4.0,4.042,0.042,7.083,1.652,15.708,,,
2017-04-02,,,,2.75,2.75,0.0,7.458,1.875,15.833,,,
2017-04-03,,,,9.083,10.0,0.917,7.542,1.792,20.333,,,
2017-04-04,,,,8.409,8.773,0.364,9.435,1.818,17.182,,,
2017-04-05,,,,11.708,12.0,0.292,17.875,2.042,26.542,,,
2017-04-06,,,,5.652,5.652,0.0,15.917,1.917,25.625,,,
2017-04-07,,,,8.833,9.167,0.333,8.083,1.917,23.583,,,
2017-04-08,,,,5.583,5.583,0.0,10.083,1.696,23.667,,,
2017-04-09,,,,3.5,3.5,0.0,5.333,1.583,18.708,,,
2017-04-10,,,,7.833,8.292,0.458,8.75,1.917,16.0,,,
2017-04-11,,,,4.458,4.542,0.083,5.292,1.833,12.25,,,
2017-04-12,,,,4.042,4.542,0.5,3.5,1.583,13.792,,,
2017-04-13,,,,5.696,5.783,0.087,6.958,1.958,17.375,,,
2017-04-14,,,,11.458,11.792,0.333,9.0,2.292,20.25,,,
2017-04-15,,,,5.583,5.583,0.0,13.083,2.304,21.875,,,
2017-04-16,,,,3.042,3.042,0.0,11.958,2.25,19.125,,,
2017-04-17,,,,9.5,9.875,0.375,15.783,2.0,24.458,,,
2017-04-18,,,,4.208,4.208,0.0,2.833,1.875,15.375,,,
2017-04-19,,,,4.5,4.542,0.042,4.625,1.917,14.0,,,
2017-04-20,,,,5.304,5.87,0.565,7.125,2.0,14.75,,,
2017-04-21,,,,6.0,6.583,0.583,10.167,1.875,21.375,,,
2017-04-22,,,,3.375,3.625,0.25,12.208,1.957,23.125,,,
2017-04-23,,,,3.333,3.917,0.583,6.125,1.792,14.208,,,
2017-04-24,,,,4.667,5.167,0.5,8.417,1.833,15.375,,,
2017-04-25,,,,6.667,7.417,0.75,9.625,1.875,19.125,,,
2017-04-26,,,,7.5,8.375,0.875,10.875,2.0,19.583,,,
2017-04-27,,,,4.913,4.957,0.043,5.042,1.958,16.708,,,
2017-04-28,,,,4.667,4.667,0.0,9.458,2.0,19.167,,,
2017-04-29,,,,3.25,3.25,0.0,11.208,2.0,20.208,,,
2017-04-30,,,,3.5,3.5,0.0,10.625,2.125,18.542,,,
2017-05-01,,,,4.125,4.125,0.0,12.667,1.792,20.542,,,
2017-05-02,,,,3.522,3.522,0.0,4.227,1.864,14.913,,,
2017-05-03,,,,5.583,5.583,0.0,9.292,2.167,17.167,,,
2017-05-04,,,,4.217,4.217,0.0,8.833,2.125,17.167,,,
2017-05-05,,,,3.292,3.292,0.0,11.0,2.0,19.542,,,
2017-05-06,,,,4.333,4.333,0.0,14.875,1.957,23.583,,,
2017-05-07,,,,2.583,2.583,0.0,12.75,1.958,22.583,,,
2017-05-08,,,,4.833,4.917,0.083,15.167,2.042,29.917,,,
2017-05-09,,,,7.583,7.583,0.0,12.042,2.083,25.5,,,
2017-05-10,,,,6.667,6.667,0.0,11.25,2.0,20.625,,,
2017-05-11,,,,4.391,4.565,0.174,13.417,1.958,23.25,,,
2017-05-12,,,,4.833,4.833,0.0,18.25,2.167,26.458,,,
2017-05-13,,,,3.417,3.417,0.0,11.042,2.0,23.042,,,
2017-05-14,,,,1.25,1.25,0.0,0.333,1.958,11.583,,,
2017-05-15,,,,4.833,4.833,0.0,5.875,1.958,14.208,,,
2017-05-16,,,,4.75,4.75,0.0,9.708,2.125,18.583,,,
2017-05-17,,,,2.875,2.917,0.042,9.417,1.917,19.125,,,
2017-05-18,,,,3.783,3.957,0.174,7.217,1.875,16.833,,,
2017-05-19,,,,5.708,5.833,0.125,13.875,2.208,22.125,,,
2017-05-20,,,,4.208,4.208,0.0,19.542,2.217,22.5,,,
2017-05-21,,,,3.833,3.833,0.0,22.375,2.208,27.875,,,
2017-05-22,,,,9.333,9.458,0.125,23.125,2.333,31.042,,,
2017-05-23,,,,8.708,8.958,0.25,15.958,2.417,23.583,,,
2017-05-24,,,,8.292,8.542,0.25,12.042,2.083,20.875,,,
2017-05-25,,,,5.652,5.652,0.0,11.792,2.0,22.458,,,
2017-05-26,,,,6.667,6.667,0.0,8.708,2.0,21.583,,,
2017-05-27,,,,2.917,2.917,0.0,3.0,1.913,14.292,,,
2017-05-28,,,,2.042,2.042,0.0,5.875,2.0,12.667,,,
2017-05-29,,,,5.917,5.917,0.0,12.375,2.167,19.708,,,
2017-05-30,,,,7.542,7.542,0.0,23.75,3.75,30.0,,,
2017-05-31,,,,9.75,9.75,0.0,28.083,3.292,37.917,,,
2017-06-01,,,,6.087,6.174,0.087,7.75,2.25,19.0,,,
2017-06-02,,,,2.957,2.957,0.0,2.727,2.0,14.333,,,
2017-06-03,,,,2.375,2.375,0.0,3.417,2.087,12.792,,,
2017-06-04,,,,1.875,1.875,0.0,2.458,2.042,13.875,,,
2017-06-05,,,,4.125,4.125,0.0,5.167,2.125,16.208,,,
2017-06-06,,,,5.708,5.708,0.0,10.0,2.167,21.583,,,
2017-06-07,,,,8.458,8.5,0.042,11.583,2.125,20.958,,,
2017-06-08,,,,5.217,5.304,0.087,9.208,2.0,17.75,,,
2017-06-09,,,,3.875,3.875,0.0,7.417,2.042,15.042,,,
2017-06-10,,,,3.208,3.208,0.0,11.458,2.13,16.542,,,
2017-06-11,,,,2.333,2.333,0.0,9.25,2.0,17.625,,,
2017-06-12,,,,3.667,3.667,0.0,6.167,2.042,17.0,,,
2017-06-13,,,,5.5,5.5,0.0,7.708,2.0,17.042,,,
2017-06-14,,,,4.583,4.75,0.167,6.875,2.0,12.958,,,
2017-06-15,,,,5.217,5.217,0.0,11.875,2.125,20.083,,,
2017-06-16,,,,4.333,4.375,0.042,9.833,2.25,19.958,,,
2017-06-17,,,,3.5,3.5,0.0,5.458,2.043,13.875,,,
2017-06-18,,,,2.208,2.208,0.0,6.25,2.0,13.958,,,
2017-06-19,,,,5.167,5.208,0.042,9.565,1.958,21.5,,,
2017-06-20,,,,7.958,8.042,0.083,18.917,2.458,25.208,,,
2017-06-21,,,,6.625,6.875,0.25,10.125,2.042,21.083,,,
2017-06-22,,,,4.87,4.957,0.087,8.958,2.0,16.708,,,
2017-06-23,,,,5.917,5.958,0.042,16.625,2.125,23.708,,,
2017-06-24,,,,4.708,4.708,0.0,16.042,2.304,20.708,,,
2017-06-25,,,,3.583,3.583,0.0,13.625,2.042,20.542,,,
2017-06-26,,,,5.625,5.708,0.083,9.792,2.083,15.958,,,
2017-06-27,,,,6.75,6.792,0.042,14.417,2.375,19.75,,,
2017-06-28,,,,8.667,8.917,0.25,17.625,2.208,24.167,,,
2017-06-29,,,,9.609,9.652,0.043,28.75,2.958,35.667,,,
2017-06-30,,,,8.833,8.833,0.0,17.458,2.292,20.667,,,
2017-07-01,,,,4.167,4.25,0.083,9.958,2.0,18.25,,,
2017-07-02,,,,2.167,2.167,0.0,10.083,2.0,17.625,,,
2017-07-03,,,,4.292,4.375,0.083,18.292,2.083,23.333,,,
2017-07-04,,,,5.167,5.667,0.5,13.75,2.0,18.542,,,
2017-07-05,,,,5.739,5.87,0.13,7.478,2.13,15.783,,,
2017-07-06,,,,4.696,4.87,0.174,10.542,2.0,18.208,,,
2017-07-07,,,,5.417,5.625,0.208,14.458,2.083,21.625,,,
2017-07-08,,,,4.042,4.042,0.0,22.917,2.391,23.417,,,
2017-07-09,,,,4.25,4.25,0.0,30.25,2.5,32.458,,,
2017-07-10,,,,9.458,10.0,0.542,21.542,2.375,22.083,,,
2017-07-11,,,,10.708,12.208,1.5,9.5,2.458,18.375,,,
2017-07-12,,,,8.417,9.208,0.792,12.708,2.417,24.333,,,
2017-07-13,,,,5.565,6.478,0.913,14.125,2.0,23.167,,,
2017-07-14,,,,10.792,13.0,2.208,10.458,2.542,21.292,,,
2017-07-15,,,,6.375,7.667,1.292,15.708,2.435,22.125,,,
2017-07-16,,,,3.0,3.875,0.875,21.792,2.208,25.708,,,
2017-07-17,,,,3.042,4.042,1.0,16.667,2.125,23.875,,,
2017-07-18,,,,3.833,4.75,0.917,7.125,2.125,17.0,,,
2017-07-19,,,,6.792,7.708,0.917,13.609,2.375,18.273,,,
2017-07-20,,,,7.652,7.913,0.261,13.875,2.375,21.292,,,
2017-07-21,,,,8.542,9.292,0.75,9.625,2.375,17.917,,,
2017-07-22,,,,5.542,5.958,0.417,10.667,2.217,21.292,,,
2017-07-23,,,,5.542,6.125,0.583,11.667,2.042,22.375,,,
2017-07-24,,,,6.125,6.917,0.792,16.208,2.125,26.958,,,
2017-07-25,,,,7.875,8.792,0.917,16.75,2.0,29.333,,,
2017-07-26,,,,5.0,5.167,0.167,7.292,2.0,18.375,,,
2017-07-27,,,,4.957,5.174,0.217,8.208,2.0,19.458,,,
2017-07-28,,,,7.125,8.0,0.875,8.333,2.042,20.625,,,
2017-07-29,,,,2.875,3.083,0.208,3.583,2.0,18.458,,,
2017-07-30,,,,1.625,1.625,0.0,2.917,2.0,13.125,,,
2017-07-31,,,,6.167,7.125,0.958,11.667,2.083,22.5,,,
2017-08-01,,,,8.542,9.875,1.333,12.292,2.125,23.375,,,
2017-08-02,,,,5.739,6.13,0.391,5.591,2.174,19.667,,,
2017-08-03,,,,5.957,6.783,0.826,6.792,2.167,17.792,,,
2017-08-04,,,,8.958,9.958,1.0,10.0,2.292,17.292,,,
2017-08-05,,,,6.208,6.667,0.458,10.208,2.217,21.583,,,
2017-08-06,,,,6.333,6.958,0.625,10.458,2.417,22.75,,,
2017-08-07,,,,8.292,10.458,2.167,11.25,2.25,20.667,,,
2017-08-08,,,,5.917,6.583,0.667,7.708,2.333,20.75,,,
2017-08-09,,,,7.0,7.625,0.625,7.083,2.167,17.0,,,
2017-08-10,,,,9.783,11.0,1.217,11.75,2.5,26.833,,,
2017-08-11,,,,6.0,6.083,0.083,9.708,2.292,24.542,,,
2017-08-12,,,,3.833,3.917,0.083,6.875,2.174,17.5,,,
2017-08-13,,,,3.75,3.875,0.125,4.583,2.083,17.208,,,
2017-08-14,,,,5.042,5.833,0.792,3.042,2.083,14.458,,,
2017-08-15,,,,1.833,1.875,0.042,0.042,2.0,12.167,,,
2017-08-16,,,,1.792,1.833,0.042,2.292,2.042,13.083,,,
2017-08-17,,,,5.739,7.0,1.261,3.739,2.125,13.5,,,
2017-08-18,,,,4.625,6.042,1.417,6.875,2.083,21.917,,,
2017-08-19,,,,3.083,3.792,0.708,6.958,2.174,21.0,,,
2017-08-20,,,,2.583,3.25,0.667,4.417,2.167,14.667,,,
2017-08-21,,,,5.667,6.667,1.0,6.25,2.083,17.0,,,
2017-08-22,,,,4.958,5.708,0.75,12.5,2.083,21.292,,,
2017-08-23,,,,3.75,4.667,0.917,11.208,2.083,17.833,,,
2017-08-24,,,,5.652,5.87,0.217,15.833,2.417,23.083,,,
2017-08-25,,,,3.875,4.333,0.458,14.458,2.125,22.917,,,
2017-08-26,,,,3.292,3.292,0.0,10.083,2.609,15.875,,,
2017-08-27,,,,3.042,3.042,0.0,11.875,2.5,17.375,,,
2017-08-28,,,,5.333,5.5,0.167,12.208,2.417,18.083,,,
2017-08-29,,,,6.174,6.522,0.348,18.957,2.391,29.565,,,
2017-08-30,,,,4.25,4.292,0.042,8.625,2.292,20.833,,,
2017-08-31,,,,3.174,3.304,0.13,1.5,2.125,12.125,,,
2017-09-01,,,,3.609,3.609,0.0,5.435,2.348,15.609,,,
2017-09-02,,,,1.75,1.75,0.0,2.292,2.0,13.458,,,
2017-09-03,,,,3.292,3.417,0.125,7.25,2.292,14.958,,,
2017-09-04,,,,4.957,5.087,0.13,6.957,2.043,17.042,,,
2017-09-05,,,,8.167,8.75,0.583,8.5,2.083,17.75,,,
2017-09-06,,,,8.417,9.375,0.958,5.583,1.958,17.417,,,
2017-09-07,,,,7.783,7.957,0.174,11.25,2.0,28.833,,,
2017-09-08,,,,5.875,6.292,0.417,8.958,2.0,17.5,,,
2017-09-09,,,,3.583,3.583,0.0,9.417,2.087,16.208,,,
2017-09-10,,,,3.208,3.208,0.0,15.333,1.958,22.417,,,
2017-09-11,,,,6.333,6.583,0.25,16.0,2.0,24.875,,,
2017-09-12,,,,7.042,7.917,0.875,6.583,2.0,16.583,,,
2017-09-13,,,,5.208,5.292,0.083,6.333,2.083,18.083,,,
2017-09-14,,,,5.652,5.957,0.304,7.75,2.0,15.792,,,
2017-09-15,,,,5.625,6.083,0.458,5.375,2.0,16.083,,,
2017-09-16,,,,3.458,3.458,0.0,5.167,1.957,14.208,,,
2017-09-17,,,,1.083,1.083,0.0,1.917,1.958,13.458,,,
2017-09-18,,,,1.458,1.5,0.042,2.5,1.958,14.0,,,
2017-09-19,,,,4.75,4.917,0.167,6.435,1.958,15.708,,,
2017-09-20,,,,8.0,8.333,0.333,13.5,2.208,23.625,,,
2017-09-21,,,,5.13,5.304,0.174,7.875,1.917,19.25,,,
2017-09-22,,,,4.625,5.083,0.458,8.667,2.0,18.458,,,
2017-09-23,,,,1.917,1.958,0.042,4.625,2.0,14.792,,,
2017-09-24,,,,2.542,2.667,0.125,9.875,2.0,15.417,,,
2017-09-25,,,,3.75,4.042,0.292,14.167,2.083,21.083,,,
2017-09-26,,,,6.167,6.542,0.375,15.375,2.0,22.375,,,
2017-09-27,,,,5.167,5.458,0.292,14.292,1.958,23.083,,,
2017-09-28,,,,3.0,3.13,0.13,3.667,2.0,16.333,,,
2017-09-29,,,,3.875,4.25,0.375,5.708,1.917,16.167,,,
2017-09-30,,,,3.208,3.25,0.042,8.875,2.0,19.875,,,
2017-10-01,,,,2.125,2.125,0.0,10.25,2.125,16.542,,,
2017-10-02,,,,4.792,5.083,0.292,10.958,1.958,19.5,,,
2017-10-03,,,,4.045,4.318,0.273,4.826,1.727,15.5,,,
2017-10-04,,,,4.667,4.833,0.167,3.958,1.708,18.75,,,
2017-10-05,,,,4.609,4.609,0.0,5.25,1.417,17.875,,,
2017-10-06,,,,4.417,4.417,0.0,6.583,1.375,18.5,,,
2017-10-07,,,,2.375,2.375,0.0,1.125,1.174,14.333,,,
2017-10-08,,,,3.458,3.458,0.0,6.458,1.417,13.833,,,
2017-10-09,,,,5.583,5.625,0.042,14.0,1.917,24.042,,,
2017-10-10,,,,7.042,7.208,0.167,18.292,1.792,21.583,,,
2017-10-11,,,,8.708,8.708,0.0,20.333,1.625,26.875,,,
2017-10-12,,,,5.13,6.0,0.87,10.583,1.583,25.792,,,
2017-10-13,,,,4.542,5.5,0.958,0.833,1.458,16.375,,,
2017-10-14,,,,1.708,2.708,1.0,2.083,1.217,15.708,,,
2017-10-15,,,,1.375,2.417,1.042,4.833,1.292,13.917,,,
2017-10-16,,,,1.417,2.333,0.917,4.042,1.167,15.5,,,
2017-10-17,,,,3.667,4.708,1.042,4.174,1.208,16.25,,,
2017-10-18,,,,3.375,4.417,1.042,5.5,1.375,17.25,,,
2017-10-19,,,,3.391,4.174,0.783,5.708,1.167,15.708,,,
2017-10-20,,,,2.875,3.625,0.75,1.667,1.167,14.125,,,
2017-10-21,,,,1.417,2.0,0.583,0.75,1.261,11.333,,,
2017-10-22,,,,0.833,1.292,0.458,-1.042,1.167,12.958,,,
2017-10-23,,,,3.167,4.167,1.0,2.0,1.417,13.208,,,
2017-10-24,,,,5.875,7.167,1.292,6.042,1.25,17.25,,,
2017-10-25,,,,4.167,5.542,1.375,8.417,1.292,16.167,,,
2017-10-26,,,,6.174,6.652,0.478,7.875,1.167,17.542,,,
2017-10-27,,,,6.333,6.542,0.208,12.75,1.333,21.708,,,
2017-10-28,,,,3.792,3.833,0.042,13.917,1.348,20.667,,,
2017-10-29,,,,2.25,2.25,0.0,3.333,1.25,14.208,,,
2017-10-30,,,,3.375,3.458,0.083,1.833,1.125,14.833,,,
2017-10-31,,,,5.417,5.583,0.167,4.458,1.083,16.333,,,
2017-11-01,,,,7.739,8.043,0.304,10.864,1.739,18.917,,,
2017-11-02,,,,6.391,6.739,0.348,7.667,1.917,15.083,,,
2017-11-03,,,,3.542,3.542,0.0,9.708,1.958,18.333,,,
2017-11-04,,,,3.292,3.292,0.0,7.417,2.0,18.083,,,
2017-11-05,,,,2.417,2.417,0.0,7.25,1.792,16.292,,,
2017-11-06,,,,6.417,6.583,0.167,15.667,1.917,25.25,,,
2017-11-07,,,,6.417,6.583,0.167,15.833,1.792,21.667,,,
2017-11-08,,,,6.917,7.292,0.375,15.167,1.958,23.125,,,
2017-11-09,,,,4.478,4.696,0.217,8.0,1.833,16.167,,,
2017-11-10,,,,7.125,7.458,0.333,11.208,1.917,18.125,,,
2017-11-11,,,,5.667,6.292,0.625,6.542,1.826,18.708,,,
2017-11-12,,,,2.5,2.583,0.083,3.292,1.875,12.625,,,
2017-11-13,,,,7.5,8.083,0.583,8.0,1.917,19.583,,,
2017-11-14,,,,7.958,9.083,1.125,11.417,1.958,20.667,,,
2017-11-15,,,,6.958,7.75,0.792,7.458,1.875,17.958,,,
2017-11-16,,,,3.913,3.957,0.043,2.375,2.0,10.5,,,
2017-11-17,,,,2.444,2.778,0.333,3.652,1.909,12.909,,,
2017-11-18,,,,14.3,18.5,4.2,18.333,2.087,22.417,,,
2017-11-19,,,,2.875,2.875,0.0,1.125,1.958,14.833,,,
2017-11-20,,,,8.458,9.208,0.75,3.958,1.917,13.542,,,
2017-11-21,,,,6.875,7.208,0.333,3.417,1.958,12.292,,,
2017-11-22,,,,13.875,15.958,2.083,10.583,2.208,19.042,,,
2017-11-23,,,,4.5,4.5,0.0,3.792,1.958,13.0,,,
2017-11-24,,,,4.667,5.125,0.458,1.667,2.167,12.917,,,
2017-11-25,,,,8.261,15.957,7.696,3.458,1.826,14.5,,,
2017-11-26,,,,6.375,6.833,0.458,7.208,2.042,15.083,,,
2017-11-27,,,,12.917,21.042,8.125,6.583,1.875,14.167,,,
2017-11-28,,,,8.125,8.5,0.375,10.333,2.0,17.958,,,
2017-11-29,,,,9.792,10.708,0.917,8.875,2.083,16.083,,,
2017-11-30,,,,10.833,19.0,8.167,7.958,1.958,14.292,,,
2017-12-01,,,,7.5,10.042,2.542,3.208,1.917,12.708,,,
2017-12-02,,,,5.652,5.826,0.174,3.292,1.957,12.042,,,
2017-12-03,,,,3.417,3.417,0.0,4.958,1.958,15.583,,,
2017-12-04,,,,9.478,12.13,2.652,6.773,2.0,14.042,,,
2017-12-05,,,,8.958,20.708,11.75,4.375,2.083,16.833,,,
2017-12-06,,,,8.25,11.083,2.833,2.583,1.958,12.167,,,
2017-12-07,,,,9.625,12.75,3.125,5.708,2.042,15.25,,,
2017-12-08,,,,11.625,18.583,6.958,5.375,2.125,14.083,,,
2017-12-09,,,,7.0,7.261,0.261,4.417,1.696,13.333,,,
2017-12-10,,,,8.708,9.875,1.167,6.458,2.167,14.042,,,
2017-12-11,,,,10.042,13.0,2.958,5.083,2.208,14.542,,,
2017-12-12,,,,2.333,2.375,0.042,-0.833,2.042,12.25,,,
2017-12-13,,,,7.0,7.625,0.625,1.458,1.917,11.625,,,
2017-12-14,,,,10.083,15.5,5.417,3.792,2.0,14.125,,,
2017-12-15,,,,12.458,18.375,5.917,4.043,1.833,14.045,,,
2017-12-16,,,,10.435,10.913,0.478,12.708,2.13,18.375,,,
2017-12-17,,,,3.0,3.042,0.042,1.708,1.958,13.042,,,
2017-12-18,,,,12.792,17.625,4.833,5.5,1.833,12.833,,,
2017-12-19,,,,9.167,12.375,3.208,4.958,2.042,13.125,,,
2017-12-20,,,,12.625,17.625,5.0,5.667,1.917,14.083,,,
2017-12-21,,,,11.583,15.125,3.542,5.958,1.958,12.917,,,
2017-12-22,,,,14.958,20.167,5.208,10.333,2.042,15.958,,,
2017-12-23,,,,10.391,12.478,2.087,10.292,2.043,16.458,,,
2017-12-24,,,,6.667,6.875,0.208,12.375,2.042,17.0,,,
2017-12-25,,,,6.958,8.458,1.5,7.667,2.0,17.208,,,
2017-12-26,,,,6.5,9.292,2.792,1.417,2.125,11.458,,,
2017-12-27,,,,5.458,5.917,0.458,1.625,1.917,13.667,,,
2017-12-28,,,,10.333,15.333,5.0,1.417,1.917,13.167,,,
2017-12-29,,,,5.458,5.667,0.208,2.458,1.958,11.667,,,
2017-12-30,,,,4.174,4.174,0.0,1.792,1.87,11.5,,,
2017-12-31,,,,4.792,4.792,0.0,4.833,1.833,12.208,,,
2018-01-01,,,,3.375,3.417,0.042,2.0,0.125,,,,
2018-01-02,,,,2.583,2.708,0.125,1.375,0.083,,,,
2018-01-03,,,,3.083,3.083,0.0,1.833,0.083,,,,
2018-01-04,,,,8.042,9.333,1.292,3.583,0.208,,,,
2018-01-05,,,,5.435,5.696,0.261,5.208,0.435,,,,
2018-01-06,,,,4.625,4.625,0.0,2.542,0.208,,,,
2018-01-07,,,,9.583,11.375,1.792,5.083,0.458,,,,
2018-01-08,,,,13.0,15.0,2.0,7.167,0.5,,,,
2018-01-09,,,,6.375,6.583,0.208,2.333,0.417,,,,
2018-01-10,,,,13.25,15.542,2.292,7.292,0.417,,,,
2018-01-11,,,,14.0,16.583,2.583,7.208,0.583,,,,
2018-01-12,,,,6.696,6.783,0.087,8.875,0.652,,,,
2018-01-13,,,,4.0,4.083,0.083,5.708,0.708,,,,
2018-01-14,,,,3.478,3.478,0.0,5.174,0.304,,,,
2018-01-15,,,,17.708,23.125,5.417,13.417,0.5,,,,
2018-01-16,,,,8.792,9.833,1.042,9.417,0.667,,,,
2018-01-17,,,,7.25,8.917,1.667,6.125,0.542,,,,
2018-01-18,,,,7.333,7.917,0.583,2.083,0.75,,,,
2018-01-19,,,,10.217,11.304,1.087,4.708,0.609,,,,
2018-01-20,,,,5.833,6.0,0.167,11.292,0.792,,,,
2018-01-21,,,,8.792,10.167,1.375,3.917,0.708,,,,
2018-01-22,,,,6.957,8.087,1.13,5.391,0.565,,,,
2018-01-23,,,,13.25,15.625,2.375,9.5,0.833,,,,
2018-01-24,,,,8.417,9.667,1.25,4.167,0.875,,,,
2018-01-25,,,,8.792,10.042,1.25,4.042,1.0,,,,
2018-01-26,,,,5.261,5.478,0.217,5.75,0.522,,,,
2018-01-27,,,,4.833,5.25,0.417,5.542,0.625,,,,
2018-01-28,,,,12.5,15.25,2.75,7.708,0.875,,,,
2018-01-29,,,,6.458,7.125,0.667,7.917,0.792,,,,
2018-01-30,,,,12.458,14.167,1.708,11.583,0.833,,,,
2018-01-31,,,,13.167,15.125,1.958,10.625,0.792,,,,
2018-02-01,,,,9.625,11.125,1.5,5.5,0.708,,,,
2018-02-02,,,,6.13,6.435,0.304,5.375,0.739,,,,
2018-02-03,,,,4.083,4.083,0.0,7.125,0.792,,,,
2018-02-04,,,,4.917,5.375,0.458,7.917,0.625,,,,
2018-02-05,,,,11.583,13.0,1.417,13.75,0.875,,,,
2018-02-06,,,,10.625,12.708,2.083,13.792,0.792,,,,
2018-02-07,,,,14.833,19.417,4.583,10.375,1.292,,,,
2018-02-08,,,,11.167,12.958,1.792,4.417,0.875,,,,
2018-02-09,,,,4.609,4.739,0.13,10.208,0.652,,,,
2018-02-10,,,,3.75,4.125,0.375,6.083,0.542,,,,
2018-02-11,,,,5.136,5.455,0.318,9.636,0.773,,,,
2018-02-12,,,,10.625,12.708,2.083,8.083,0.5,,,,
2018-02-13,,,,13.292,15.958,2.667,7.667,0.792,,,,
2018-02-14,,,,7.333,8.208,0.875,5.667,0.792,,,,
2018-02-15,,,,11.0,12.708,1.708,6.333,0.667,,,,
2018-02-16,,,,4.478,5.261,0.783,5.875,0.652,,,,
2018-02-17,,,,3.5,4.375,0.875,9.333,0.625,,,,
2018-02-18,,,,10.833,12.75,1.917,7.208,0.708,,,,
2018-02-19,,,,17.773,20.545,2.773,22.13,1.182,,,,
2018-02-20,,,,12.25,13.708,1.458,13.458,1.25,,,,
2018-02-21,,,,6.792,7.542,0.75,2.417,1.0,,,,
2018-02-22,,,,10.958,12.333,1.375,6.208,1.125,,,,
2018-02-23,,,,3.522,4.043,0.522,14.792,1.0,,,,
2018-02-24,,,,4.125,5.083,0.958,15.375,1.0,,,,
2018-02-25,,,,9.5,11.0,1.5,13.417,1.292,,,,
2018-02-26,,,,22.294,26.588,4.294,19.292,1.458,27.625,,,
2018-02-27,,,,10.5,13.25,2.75,16.458,1.167,20.375,,,
2018-02-28,,,,10.125,11.458,1.333,18.042,1.042,22.25,,,
2018-03-01,,,,7.667,9.708,2.042,11.125,1.0,13.875,,,
2018-03-02,,,,4.261,4.478,0.217,14.875,1.043,17.917,,,
2018-03-03,,,,3.542,3.708,0.167,17.667,1.083,18.792,,,
2018-03-04,,,,3.5,3.833,0.333,4.0,1.0,5.833,,,
2018-03-05,,,,10.708,14.625,3.917,13.792,1.042,18.542,,,
2018-03-06,,,,10.958,13.292,2.333,20.125,1.375,27.417,,,
2018-03-07,,,,7.125,7.917,0.792,7.25,1.0,10.958,,,
2018-03-08,,,,6.25,8.25,2.0,6.083,1.0,7.75,,,
2018-03-09,,,,7.043,7.522,0.478,9.0,1.261,11.667,,,
2018-03-10,,,,4.458,4.625,0.167,10.042,1.167,12.625,,,
2018-03-11,,,,5.292,6.5,1.208,1.875,1.0,4.0,,,
2018-03-12,,,,7.917,9.875,1.958,7.708,1.083,11.208,,,
2018-03-13,,,,4.583,5.917,1.333,4.583,1.042,8.125,,,
2018-03-14,,,,3.0,3.375,0.375,5.417,1.0,7.917,,,
2018-03-15,,,,10.375,13.375,3.0,8.833,1.458,12.5,,,
2018-03-16,,,,3.826,3.87,0.043,10.0,1.217,11.0,,,
2018-03-17,,,,3.083,3.208,0.125,6.25,1.042,9.167,,,
2018-03-18,,,,9.682,12.136,2.455,6.6,1.238,8.2,,,
2018-03-19,,,,9.792,11.375,1.583,11.1,1.667,15.2,,,
2018-03-20,,,,6.917,7.333,0.417,10.333,1.625,14.708,,,
2018-03-21,,,,6.542,6.708,0.167,12.25,1.417,16.667,,,
2018-03-22,,,,3.5,3.583,0.083,5.292,1.125,7.792,,,
2018-03-23,,,,10.87,15.217,4.348,6.042,1.261,9.792,,,
2018-03-24,,,,3.583,3.583,0.0,6.958,1.042,9.417,,,
2018-03-25,,,,8.125,9.792,1.667,8.417,1.417,12.375,,,
2018-03-26,,,,7.083,8.25,1.167,9.833,1.5,13.75,,,
2018-03-27,,,,5.583,6.042,0.458,11.583,1.625,18.875,,,
2018-03-28,,,,4.708,4.75,0.042,7.542,1.292,11.667,,,
2018-03-29,,,,11.25,15.208,3.958,8.583,1.458,13.042,,,
2018-03-30,,,,7.13,7.217,0.087,18.167,1.043,23.292,,,
2018-03-31,,,,4.875,4.917,0.042,6.75,1.0,10.083,,,
2018-04-01,,,,6.375,6.583,0.208,14.292,1.333,15.958,,,
2018-04-02,,,,5.667,5.792,0.125,18.542,1.25,28.542,,,
2018-04-03,,,,7.227,7.273,0.045,26.864,1.045,37.087,,,
2018-04-04,,,,6.833,7.042,0.208,26.125,1.458,38.417,,,
2018-04-05,,,,5.625,5.625,0.0,6.833,1.083,14.208,,,
2018-04-06,,,,8.333,8.667,0.333,12.417,1.0,20.917,,,
2018-04-07,,,,4.609,4.783,0.174,1.875,1.0,6.417,,,
2018-04-08,,,,2.417,2.417,0.0,6.917,1.0,12.583,,,
2018-04-09,,,,3.958,4.042,0.083,7.333,1.0,9.042,,,
2018-04-10,,,,5.333,5.375,0.042,10.042,1.042,11.333,,,
2018-04-11,,,,8.375,8.708,0.333,13.875,1.125,23.333,,,
2018-04-12,,,,3.167,3.25,0.083,6.667,1.0,10.25,,,
2018-04-13,,,,3.625,3.625,0.0,6.583,1.0,12.875,,,
2018-04-14,,,,6.652,6.652,0.0,9.625,1.0,12.167,,,
2018-04-15,,,,2.833,2.833,0.0,6.5,1.0,11.333,,,
2018-04-16,,,,3.75,3.75,0.0,6.333,1.0,15.375,,,
2018-04-17,,,,4.708,4.708,0.0,5.0,1.0,14.958,,,
2018-04-18,,,,3.375,3.417,0.042,6.417,1.0,10.458,,,
2018-04-19,,,,7.458,7.667,0.208,7.25,1.083,11.875,,,
2018-04-20,,,,5.792,5.875,0.083,17.042,1.0,22.25,,,
2018-04-21,,,,6.391,6.391,0.0,22.292,1.522,29.833,,,
2018-04-22,,,,3.25,3.25,0.0,21.792,1.458,23.958,,,
2018-04-23,,,,6.958,7.458,0.5,23.792,1.333,31.667,,,
2018-04-24,,,,10.042,10.167,0.125,10.208,1.0,21.875,,,
2018-04-25,,,,5.667,6.0,0.333,5.333,1.0,15.75,,,
2018-04-26,,,,5.625,5.75,0.125,8.292,1.0,10.875,,,
2018-04-27,,,,6.833,6.958,0.125,10.583,1.292,13.5,,,
2018-04-28,,,,3.87,3.87,0.0,14.375,1.0,16.917,,,
2018-04-29,,,,3.625,3.625,0.0,17.917,1.375,19.542,,,
2018-04-30,,,,3.333,3.333,0.0,14.75,1.083,17.792,,,
2018-05-01,,,,5.083,5.083,0.0,16.042,1.125,20.5,,,
2018-05-02,,,,5.625,5.625,0.0,22.833,1.625,28.167,,,
2018-05-03,,,,2.292,2.292,0.0,4.083,1.0,9.208,,,
2018-05-04,,,,1.833,1.833,0.0,5.333,1.0,7.0,,,
2018-05-05,,,,3.0,3.043,0.043,10.542,1.087,10.917,,,
2018-05-06,,,,3.667,3.667,0.0,14.125,1.292,15.708,,,
2018-05-07,,,,3.5,3.542,0.042,14.208,1.167,20.583,,,
2018-05-08,,,,2.5,2.5,0.0,4.75,1.0,7.333,,,
2018-05-09,,,,2.042,2.042,0.0,0.542,1.0,6.167,,,
2018-05-10,,,,5.318,5.591,0.273,5.087,0.5,8.545,,,
2018-05-11,,,,5.375,5.625,0.25,7.5,0.458,10.292,,,
2018-05-12,,,,5.087,5.087,0.0,14.167,0.565,16.5,,,
2018-05-13,,,,5.208,5.25,0.042,17.208,0.542,18.292,,,
2018-05-14,,,,3.25,3.375,0.125,11.625,0.042,8.625,,,
2018-05-15,,,,6.958,7.042,0.083,13.125,0.667,17.292,,,
2018-05-16,,,,8.958,9.0,0.042,18.625,0.917,20.583,,,
2018-05-17,,,,8.792,9.083,0.292,23.958,0.958,31.708,,,
2018-05-18,,,,6.625,6.75,0.125,21.458,0.708,30.458,,,
2018-05-19,,,,3.174,3.304,0.13,5.042,0.217,11.25,,,
2018-05-20,,,,1.083,1.083,0.0,2.417,0.333,6.5,,,
2018-05-21,,,,4.958,5.083,0.125,6.75,0.458,11.0,,,
2018-05-22,,,,4.542,4.542,0.0,10.167,0.708,10.458,,,
2018-05-23,,,,4.708,4.708,0.0,10.167,1.417,17.542,,,
2018-05-24,,,,5.083,5.208,0.125,6.583,1.0,11.625,,,
2018-05-25,,,,6.083,6.208,0.125,13.083,0.917,19.333,,,
2018-05-26,,,,3.565,3.957,0.391,23.042,1.087,30.0,,,
2018-05-27,,,,2.375,2.75,0.375,13.5,0.833,18.167,,,
2018-05-28,,,,5.25,5.958,0.708,22.208,0.875,30.458,,,
2018-05-29,,,,6.833,7.708,0.875,22.75,0.875,30.875,,,
2018-05-30,,,,6.167,7.0,0.833,16.208,0.958,23.833,,,
2018-05-31,,,,3.667,4.458,0.792,8.583,0.292,11.083,,,
2018-06-01,,,,1.708,2.167,0.458,5.458,0.292,10.625,,,
2018-06-02,,,,3.174,4.043,0.87,12.792,0.826,15.583,,,
2018-06-03,,,,2.333,3.333,1.0,13.042,0.667,17.375,,,
2018-06-04,,,,7.583,8.917,1.333,10.167,0.75,12.5,,,
2018-06-05,,,,5.917,7.0,1.083,11.333,0.792,12.208,,,
2018-06-06,,,,7.458,8.583,1.125,16.125,0.75,19.667,,,
2018-06-07,,,,5.783,6.217,0.435,11.087,0.864,12.75,,,
2018-06-08,,,,8.917,9.0,0.083,12.75,1.125,16.375,,,
2018-06-09,,,,5.174,5.261,0.087,18.0,1.0,22.875,,,
2018-06-10,,,,1.792,1.792,0.0,7.25,1.0,11.318,,,
2018-06-11,,,,1.167,1.167,0.0,0.458,1.0,4.292,,,
2018-06-12,,,,6.083,6.417,0.333,6.042,1.0,14.75,,,
2018-06-13,,,,8.792,9.417,0.625,9.583,1.0,15.375,,,
2018-06-14,,,,4.792,4.958,0.167,8.208,1.042,13.708,,,
2018-06-15,,,,3.958,4.167,0.208,2.042,1.0,8.792,,,
2018-06-16,,,,3.957,3.957,0.0,2.583,1.0,5.958,,,
2018-06-17,,,,3.292,3.292,0.0,6.083,0.958,10.875,,,
2018-06-18,,,,4.833,4.875,0.042,7.167,1.0,10.958,,,
2018-06-19,,,,5.792,5.958,0.167,5.042,1.0,8.273,,,
2018-06-20,,,,6.0,6.167,0.167,3.125,1.0,6.45,,,
2018-06-21,,,,6.25,6.333,0.083,5.833,1.0,15.375,,,
2018-06-22,,,,6.875,6.958,0.083,12.792,1.0,14.0,,,
2018-06-23,,,,4.261,4.261,0.0,12.333,1.0,18.083,,,
2018-06-24,,,,2.25,2.333,0.083,9.875,1.0,15.045,,,
2018-06-25,,,,8.25,8.542,0.292,18.917,1.0,4.25,,,
2018-06-26,,,,7.625,7.75,0.125,19.875,1.042,,,,
2018-06-27,,,,7.792,8.292,0.5,8.75,1.0,,,,
2018-06-28,,,,6.417,7.333,0.917,10.917,1.0,,,,
2018-06-29,,,,7.417,10.542,3.125,6.333,1.0,,,,
2018-06-30,,,,7.043,8.957,1.913,7.083,1.261,,,,
2018-07-01,,,,6.417,7.958,1.542,8.667,1.292,,,,
2018-07-02,,,,9.083,10.625,1.542,13.333,1.375,,,,
2018-07-03,,,,11.417,13.625,2.208,13.542,1.625,,,,
2018-07-04,,,,6.75,8.375,1.625,6.833,1.0,,,,
2018-07-05,,,,8.417,10.75,2.333,4.625,1.0,,,,
2018-07-06,,,,4.458,5.458,1.0,3.375,1.0,,,,
2018-07-07,,,,3.783,4.826,1.043,3.667,1.0,,,,
2018-07-08,,,,4.042,5.958,1.917,8.042,1.0,,,,
2018-07-09,,,,5.458,7.333,1.875,7.458,1.0,,,,
2018-07-10,,,,4.167,5.25,1.083,9.375,1.0,,,,
2018-07-11,,,,4.909,5.636,0.727,9.348,1.0,,,,
2018-07-12,,,,8.083,9.125,1.042,12.417,1.083,,,,
2018-07-13,,,,7.75,8.708,0.958,14.944,1.0,,,,
2018-07-14,,,,4.13,4.522,0.391,12.25,1.0,,,,
2018-07-15,,,,4.333,4.75,0.417,21.042,1.125,,,,
2018-07-16,,,,4.667,5.375,0.708,23.167,1.0,,,,
2018-07-17,,,,8.333,9.333,1.0,26.333,1.0,,,,
2018-07-18,,,,10.333,11.583,1.25,27.917,1.208,,,,
2018-07-19,,,,9.833,11.0,1.167,25.417,1.292,,,,
2018-07-20,,,,10.667,12.292,1.625,17.542,1.208,,,,
2018-07-21,,,,7.087,7.957,0.87,16.792,1.13,,,,
2018-07-22,,,,3.917,4.417,0.5,21.5,1.083,,,,
2018-07-23,,,,7.0,7.833,0.833,14.542,1.5,,,,
2018-07-24,,,,9.0,10.083,1.083,21.458,3.042,,,,
2018-07-25,,,,6.583,7.25,0.667,16.083,1.333,,,,
2018-07-26,,,,6.0,6.417,0.417,9.708,1.375,,,,
2018-07-27,,,,5.792,6.333,0.542,10.625,1.333,,,,
2018-07-28,,,,2.087,3.043,0.957,3.25,1.0,,,,
2018-07-29,,,,2.375,3.375,1.0,6.333,0.958,,,,
2018-07-30,,,,4.792,5.917,1.125,9.375,1.667,,,,
2018-07-31,,,,7.5,9.417,1.917,9.75,1.458,,,,
2018-08-01,,,,6.5,7.625,1.125,17.375,1.583,,,,
2018-08-02,,,,5.583,6.5,0.917,13.208,1.75,,,,
2018-08-03,,,,5.667,6.583,0.917,19.167,2.083,,,,
2018-08-04,,,,4.043,4.696,0.652,15.125,1.522,,,,
2018-08-05,,,,3.667,4.333,0.667,23.792,1.042,,,,
2018-08-06,,,,7.0,7.826,0.826,14.739,1.13,,,,
2018-08-07,,,,1.75,1.917,0.167,2.0,1.0,,,,
2018-08-08,,,,1.125,1.417,0.292,0.542,1.0,,,,
2018-08-09,,,,6.333,7.25,0.917,4.708,1.0,,,,
2018-08-10,,,,7.125,8.25,1.125,9.792,1.042,,,,
2018-08-11,,,,2.696,3.391,0.696,6.708,1.0,,,,
2018-08-12,,,,2.417,3.0,0.583,9.542,1.0,,,,
2018-08-13,,,,4.542,5.667,1.125,12.417,1.0,,,,
2018-08-14,,,,5.667,6.833,1.167,9.542,1.125,,,,
2018-08-15,,,,6.917,8.833,1.917,6.958,1.042,,,,
2018-08-16,,,,4.25,5.75,1.5,3.458,1.042,,,,
2018-08-17,,,,2.708,3.417,0.708,3.625,1.0,,,,
2018-08-18,,,,2.217,2.826,0.609,3.417,1.0,,,,
2018-08-19,,,,3.5,4.292,0.792,9.125,1.167,,,,
2018-08-20,,,,7.083,8.125,1.042,8.333,1.167,,,,
2018-08-21,,,,8.583,9.958,1.375,12.708,1.0,,,,
2018-08-22,,,,9.792,12.417,2.625,8.25,1.292,,,,
2018-08-23,,,,6.958,11.167,4.208,7.458,1.083,,,,
2018-08-24,,,,4.083,5.542,1.458,4.917,1.0,,,,
2018-08-25,,,,3.652,4.348,0.696,5.667,1.0,,,,
2018-08-26,,,,2.917,3.0,0.083,9.917,1.0,,,,
2018-08-27,,,,7.833,8.417,0.583,8.792,1.167,,,,
2018-08-28,,,,7.417,7.708,0.292,5.833,1.0,,,,
2018-08-29,,,,4.333,4.375,0.042,3.5,1.0,,,,
2018-08-30,,,,9.417,10.167,0.75,12.875,1.0,,,,
2018-08-31,,,,6.25,6.958,0.708,10.5,1.042,,,,
2018-09-01,,,,2.87,3.261,0.391,2.0,1.0,,,,
2018-09-02,,,,2.167,2.208,0.042,3.5,1.0,,,,
2018-09-03,,,,5.542,6.167,0.625,7.083,1.0,,,,
2018-09-04,,,,5.542,7.167,1.625,9.0,1.0,,,,
2018-09-05,,,,7.458,7.833,0.375,9.458,1.0,,,,
2018-09-06,,,,6.542,6.708,0.167,14.667,1.0,,,,
2018-09-07,,,,5.2,5.5,0.3,12.65,1.0,,,,
2018-09-08,,,,2.957,3.391,0.435,7.125,1.0,,,,
2018-09-09,,,,3.083,3.208,0.125,5.292,1.0,,,,
2018-09-10,,,,5.417,6.083,0.667,7.708,1.0,,,,
2018-09-11,,,,8.25,9.208,0.958,3.792,1.0,,,,
2018-09-12,,,,7.958,8.708,0.75,6.208,1.0,,,,
2018-09-13,,,,5.0,5.292,0.292,8.5,0.958,,,,
2018-09-14,,,,5.833,6.125,0.292,11.375,1.0,,,,
2018-09-15,,,,3.826,4.739,0.913,6.375,1.0,,,,
2018-09-16,,,,2.125,3.083,0.958,6.208,0.958,,,,
2018-09-17,,,,3.917,4.958,1.042,9.833,1.0,,,,
2018-09-18,,,,4.75,5.958,1.208,8.333,1.0,,,,
2018-09-19,,,,5.25,6.25,1.0,7.333,1.0,,,,
2018-09-20,,,,6.417,7.417,1.0,7.958,1.25,,,,
2018-09-21,,,,1.792,2.625,0.833,1.167,0.917,,,,
2018-09-22,,,,2.826,3.13,0.304,3.375,0.913,,,,
2018-09-23,,,,2.583,2.792,0.208,6.875,1.0,,,,
2018-09-24,,,,2.667,2.708,0.042,6.75,1.0,,,,
2018-09-25,,,,3.583,3.792,0.208,6.042,1.0,,,,
2018-09-26,,,,2.708,2.75,0.042,3.25,1.0,,,,
2018-09-27,,,,2.417,2.458,0.042,1.792,0.917,,,,
2018-09-28,,,,2.792,3.125,0.333,3.417,0.875,,,,
2018-09-29,,,,2.739,2.87,0.13,6.042,1.0,,,,
2018-09-30,,,,2.167,2.167,0.0,0.542,0.792,,,,
2018-10-01,,,,2.042,2.125,0.083,4.083,0.958,,,,
2018-10-02,,,,7.458,7.958,0.5,6.708,0.958,,,,
2018-10-03,,,,7.208,7.583,0.375,9.5,1.0,,,,
2018-10-04,,,,5.125,5.125,0.0,9.833,1.0,,,,
2018-10-05,,,,4.542,4.625,0.083,7.75,1.0,,,,
2018-10-06,,,,6.087,6.522,0.435,5.875,0.957,,,,
2018-10-07,,,,2.25,2.417,0.167,3.625,1.0,,,,
2018-10-08,,,,2.958,2.958,0.0,4.708,1.0,,,,
2018-10-09,,,,5.609,6.391,0.783,8.682,1.0,,,,
2018-10-10,,,,6.417,7.042,0.625,10.208,1.0,,,,
2018-10-11,,,,3.958,4.375,0.417,6.042,0.833,,,,
2018-10-12,,,,5.417,5.917,0.5,3.167,0.75,,,,
2018-10-13,,,,2.478,2.522,0.043,2.875,0.652,,,,
2018-10-14,,,,2.25,2.292,0.042,5.375,0.583,,,,
2018-10-15,,,,4.917,5.417,0.5,8.375,0.75,,,,
2018-10-16,,,,4.0,4.292,0.292,8.125,0.708,,,,
2018-10-17,,,,2.75,2.833,0.083,4.667,0.833,,,,
2018-10-18,,,,4.542,4.833,0.292,6.042,0.875,,,,
2018-10-19,,,,4.833,5.083,0.25,6.542,0.833,,,,
2018-10-20,,,,1.783,2.304,0.522,2.75,0.565,,,,
2018-10-21,,,,2.25,2.75,0.5,4.042,0.625,,,,
2018-10-22,,,,4.583,5.417,0.833,9.75,0.75,,,,
2018-10-23,,,,3.125,3.917,0.792,5.875,0.667,,,,
2018-10-24,,,,2.542,3.167,0.625,4.417,0.708,,,,
2018-10-25,,,,5.125,6.083,0.958,12.417,0.75,,,,
2018-10-26,,,,4.042,4.792,0.75,13.333,0.75,,,,
2018-10-27,,,,4.174,4.87,0.696,7.625,0.609,,,,
2018-10-28,,,,1.833,2.042,0.208,6.5,0.708,,,,
2018-10-29,,,,4.042,4.708,0.667,7.833,0.583,,,,
2018-10-30,,,,5.167,5.792,0.625,5.375,0.667,,,,
2018-10-31,,,,2.292,2.708,0.417,1.375,0.542,,,,
2018-11-01,,,,2.542,2.875,0.333,1.458,0.542,,,,
2018-11-02,,,,4.25,4.792,0.542,4.042,0.625,,,,
2018-11-03,,,,3.565,3.826,0.261,9.708,0.696,,,,
2018-11-04,,,,3.583,3.792,0.208,11.75,0.875,,,,
2018-11-05,,,,5.083,6.083,1.0,9.042,0.542,,,,
2018-11-06,,,,3.5,4.167,0.667,6.875,0.625,,,,
2018-11-07,,,,3.522,3.957,0.435,6.5,0.739,,,,
2018-11-08,,,,3.083,3.375,0.292,11.792,0.75,,,,
2018-11-09,,,,9.208,10.375,1.167,14.0,0.667,,,,
2018-11-10,,,,2.783,3.087,0.304,4.167,0.87,,,,
2018-11-11,,,,2.667,2.667,0.0,12.042,0.75,,,,
2018-11-12,,,,4.958,5.0,0.042,19.5,0.833,,,,
2018-11-13,,,,4.083,4.125,0.042,7.708,0.708,,,,
2018-11-14,,,,3.708,3.708,0.0,5.0,0.708,,,,
2018-11-15,,,,5.125,5.208,0.083,5.958,0.667,,,,
2018-11-16,,,,5.708,5.917,0.208,7.417,0.792,,,,
2018-11-17,,,,3.696,4.304,0.609,4.958,0.783,,,,
2018-11-18,,,,2.75,3.375,0.625,4.667,0.875,,,,
2018-11-19,,,,5.375,6.583,1.208,8.125,0.833,,,,
2018-11-20,,,,4.333,5.125,0.792,2.917,0.5,,,,
2018-11-21,,,,7.5,8.625,1.125,8.958,0.708,,,,
2018-11-22,,,,6.25,7.208,0.958,10.708,0.958,,,,
2018-11-23,,,,2.583,3.125,0.542,1.75,0.583,,,,
2018-11-24,,,,4.087,4.13,0.043,2.0,0.565,,,,
2018-11-25,,,,4.0,4.0,0.0,4.292,0.583,,,,
2018-11-26,,,,5.917,6.125,0.208,7.25,0.625,,,,
2018-11-27,,,,6.75,6.875,0.125,7.375,0.625,,,,
2018-11-28,,,,5.75,5.833,0.083,10.542,0.833,,,,
2018-11-29,,,,6.792,6.833,0.042,7.708,0.583,,,,
2018-11-30,,,,5.958,6.208,0.25,4.667,0.875,,,,
2018-12-01,,,,3.913,4.435,0.522,3.667,0.739,,,,
2018-12-02,,,,3.25,3.417,0.167,7.583,0.667,,,,
2018-12-03,,,,10.292,13.708,3.417,11.25,0.708,,,,
2018-12-04,,,,9.208,10.542,1.333,12.125,0.875,,,,
2018-12-05,,,,7.625,9.25,1.625,6.917,0.875,,,,
2018-12-06,,,,7.792,8.75,0.958,4.833,0.958,,,,
2018-12-07,,,,8.958,12.542,3.583,6.042,0.875,,,,
2018-12-08,,,,6.261,7.13,0.87,9.417,0.913,,,,
2018-12-09,,,,4.375,4.958,0.583,2.5,0.708,,,,
2018-12-10,,,,7.958,9.708,1.75,1.667,0.458,,,,
2018-12-11,,,,7.136,8.091,0.955,3.348,0.318,,,,
2018-12-12,,,,7.208,8.375,1.167,2.792,0.208,,,,
2018-12-13,,,,8.583,9.792,1.208,3.708,0.333,,,,
2018-12-14,,,,8.083,9.708,1.625,4.917,0.333,,,,
2018-12-15,,,,5.435,5.87,0.435,6.25,0.348,,,,
2018-12-16,,,,6.75,7.292,0.542,10.25,0.208,,,,
2018-12-17,,,,10.5,13.042,2.542,7.875,0.458,,,,
2018-12-18,,,,9.25,11.417,2.167,4.083,0.375,,,,
2018-12-19,,,,11.208,13.583,2.375,5.042,0.5,,,,
2018-12-20,,,,8.417,10.0,1.583,4.0,0.458,,,,
2018-12-21,,,,8.542,10.208,1.667,6.083,0.375,,,,
2018-12-22,,,,8.304,9.217,0.913,12.5,0.609,,,,
2018-12-23,,,,5.333,6.583,1.25,14.333,0.292,,,,
2018-12-24,,,,2.042,2.792,0.75,1.708,0.167,,,,
2018-12-25,,,,9.5,11.333,1.833,4.875,0.375,,,,
2018-12-26,,,,10.25,12.833,2.583,5.957,0.542,,,,
2018-12-27,,,,6.25,9.25,3.0,3.333,0.5,,,,
2018-12-28,,,,5.25,6.417,1.167,1.417,0.5,,,,
2018-12-29,,,,3.609,3.696,0.087,1.5,0.304,,,,
2018-12-30,,,,3.417,3.458,0.042,1.833,0.125,,,,
2018-12-31,,,,3.5,3.5,0.0,1.083,0.125,,,,
